1 Vincent Lee 111 69225 2917 2693 1491 1169 1078
2 Jimmy C Yu 118 64012 4357 2074 1761 1686 985
3 Kenneth KH Lee 95 53311 1419 1210 1124 706 657
4 Hong Cheng 84 42459 2083 1413 1339 1285 757
5 Xiaoou Tang 97 39982 2761 2048 1810 970 914
6 Francis K. L. Chan 98 36422 2804 1242 1076 786 761
7 Shaoguang Wang 王绍光 89 35316 917 722 493 489 461
8 Silu Li 67 35194 2316 561 511 444 405
9 Juliana CN Chan 87 32600 1516 1026 757 730 693
10 Lau WY 92 32119 1264 1085 602 544 521
11 KF TO 91 31200 2069 1110 761 686 566
12 Michael R. Lyu 82 28523 2658 979 895 629 523
13 Kwok Leung 78 27456 2796 1202 1084 798 677
14 Paul K S Chan 78 27264 2069 1270 699 692 596
15 Zee Chung-Ying Benny 80 27125 1853 1053 962 833 752
16 Hui Y Lan 87 26257 1393 850 798 678 629
17 jun yu 75 25861 6460 1248 1189 439 360
18 Jianfang Wang (王建方) 64 25564 3932 2947 1878 1467 791
19 Justin Wu 67 25177 784 761 760 686 413
20 Hau Kit-Tai 56 24214 3308 2421 1947 1554 1210
21 Mary Miu Yee Waye 46 23046 5178 4599 4243 1281 1098
22 Anthony T.C. Chan 78 22948 703 686 658 619 602
23 Chi Yue CHIU 71 21949 2188 1740 1083 902 678
24 Xiaogang Wang 77 21729 852 806 714 687 655
25 Tjonnie Li 58 21470 4217 1438 1151 1080 934
26 Qingqing Li 54 21021 348 305 298 298 283
27 Raymond W. Yeung 41 20717 9112 3889 744 551 543
28 Jeffrey Xu Yu 66 20660 590 573 405 377 369
29 Yu Huang 73 20306 1348 497 457 437 424
30 GG chen 69 20059 252 248 246 217 209
31 CC Szeto 72 18847 2069 1033 460 299 273
32 Joseph P.H. Fan 42 18312 4267 2369 1907 1059 959
33 David Hui 69 18187 2069 741 494 484 396
34 Xunying Liu 26 17867 4270 1514 154 74 73
35 Vincent Wai-Sun Wong 71 16665 704 493 439 434 401
36 Ronald Ma 56 16540 2182 1026 757 693 674
37 Yufei Tao 64 16256 885 882 783 773 729
38 Ying-yi Hong 56 15507 2188 1740 1083 902 420
39 Stephen Kwok-Wing Tsui 44 15271 4243 4194 1281 298 230
40 Kwok Wai LO 65 15038 703 579 488 385 382
41 Ada Wai-Chee Fu 59 14583 1339 671 646 643 614
42 Enders Kwok Wai Ng 61 14446 784 650 535 499 417
43 Dah Ming Chiu 46 14380 3967 2368 795 556 425
44 Jimmy Lee 39 14335 368 355 216 213 196
45 Jiaya Jia 56 14095 1252 753 738 700 667
46 Catherine McBride-Chang 63 13990 752 602 542 366 358
47 YT Zhang 53 13936 1152 1091 752 504 416
48 Kevin Y Yip 34 13716 7297 1030 1016 754 297
49 Nelson LS Tang 53 13466 3120 668 566 361 331
50 William K.K. Wu 50 13367 4839 1566 258 180 170
51 Irwin King 55 13243 979 895 629 523 468
52 Zhen-Yu Chen 60 12961 521 497 437 424 335
53 Teng-fong Wong 黃庭芳 56 12296 1798 624 444 409 407
54 Kenneth Ka Ho Lee 51 12004 686 368 328 303 236
55 HO KIN FAI 57 11889 1148 656 510 411 394
56 Po Keung Wong 53 11828 758 455 435 434 387
57 PK Wong 53 11826 758 455 435 434 387
58 Hsuan-Chih Chen or Chen Hsuan-Chih 41 11494 351 270 229 198 196
59 Chun Kwok WONG 59 11236 604 553 494 309 273
60 Thierry Blu 49 11213 1046 973 627 400 394
61 Jie Huang 49 10943 813 803 546 522 389
62 t kwok 58 10890 413 375 276 261 237
63 K.C. Allen Chan 51 10612 833 768 579 574 469
64 James F. Griffith 52 10578 411 358 344 286 284
65 ChungMing Lau 34 10311 3503 764 724 635 541
66 Soung Chang Liew 45 10123 2113 615 385 327 325
67 Tony Lee 32 9929 447 223 178 107 105
68 Andrew M.-L. Chan 39 9753 2469 821 679 589 483
69 Lai-Shan Tam 55 9632 553 438 241 225 218
70 David Ahlstrom 47 9600 1112 765 763 643 519
71 Hong Cheng 41 9516 1285 573 387 316 312
72 Jianwei Huang (黄建伟) 48 9509 739 709 342 324 301
73 Yi-Xiang Wang 43 9498 1371 547 301 283 246
74 Helene Fung 37 9248 3594 1292 382 289 266
75 Raymond H. Chan 47 9141 1068 826 445 290 272
76 Pheng Ann Heng 52 9079 274 265 198 195 188
77 Zuowei Xie 53 9015 230 195 195 175 147
78 Dr. rer. nat. Jian-Bin XU, 許建斌, FIEEE 49 9011 340 243 226 207 203
79 Colin A Graham 35 8902 3443 1104 271 216 167
80 Terence Lao 49 8823 479 210 205 194 182
81 Siew C Ng 52 8820 519 486 315 279 273
82 Ying XU 41 8493 1759 229 205 178 160
83 Qian Tao 55 8490 301 241 202 186 186
84 Xiaoqiang Yao 50 8436 355 261 255 190 189
85 Junsen Zhang 46 8075 632 566 413 413 365
86 Gavin M Joynt 44 8039 2069 364 246 203 197
87 YK Wing 52 8017 570 267 251 234 173
88 Max Q.-H. Meng 43 7999 255 200 199 186 149
89 Shing Yip (Joe) LEE 46 7926 880 543 331 296 272
90 Sherman S. M. Chow 37 7899 2417 758 288 256 249
91 Arthur FT Mak 52 7784 528 392 311 260 256
92 Brigette BY Ma 47 7778 602 494 436 421 317
93 Qi-Man SHAO 41 7699 1139 533 412 380 352
94 Louis Leung 39 7604 1068 688 540 388 367
95 PC Shaw 48 7574 615 213 196 195 165
96 Anthony W.H. Chan 47 7344 704 439 429 209 180
97 Shige Makino 28 7251 820 764 741 586 552
98 Fanny M. Cheung 45 7249 653 474 465 319 290
99 m. -c. chu 36 7134 2411 471 359 353 338
100 Carol Y Cheung, PhD 45 7076 409 281 273 216 202
101 Larry Baum 42 7073 757 459 436 398 375
102 Kwong Sak Leung 46 6938 326 272 215 188 139
103 Liona C Poon 43 6873 426 302 301 246 228
104 YT Lee 33 6688 761 760 525 412 401
105 Ching Sing Chai 蔡敬新 40 6542 451 439 322 304 254
106 Chu KH 45 6488 274 270 178 162 146
107 Hao Sun, Ph.D. 37 6431 768 574 548 383 375
108 Wai Lam 40 6323 970 285 270 249 215
109 Jinling Tang 34 6219 564 563 342 333 318
110 ni zhao 41 6155 484 412 361 344 337
111 Margaret Ip 38 6142 617 480 479 251 216
112 Tien-Tsin Wong 43 6123 272 248 198 195 192
113 Vivian WY Lee 37 6057 761 524 401 343 242
114 Hang-Yue Ngo 38 5905 666 501 432 330 209
115 Li Zhang 37 5843 688 497 390 315 294
116 Patrick W.L. Leung 44 5841 349 314 312 264 222
117 W.H. Yung 41 5832 964 332 290 243 149
118 Alfred S.L. Cheng 43 5794 592 548 350 219 182
119 Hon-Ming Lam 34 5634 843 620 317 277 243
120 Bo Huang 39 5603 266 234 181 170 164
121 Zheng-Cheng Gu 31 5587 581 497 496 446 402
122 Ip Siu Po 38 5567 1291 519 375 143 142
123 H. K. Tsang 38 5512 374 374 340 241 165
124 William Goggins 43 5401 375 265 228 209 206
125 Darius K-S. Chan 30 5258 972 655 437 387 298
126 Carmel McNaught 33 5242 481 377 179 131 131
127 Pingping Fu 31 5123 1417 620 281 268 264
128 Jack Linchuan Qiu 邱林川 25 5067 1856 399 385 337 230
129 Chiu Philip Wai Yan 36 5063 401 371 343 254 156
130 Manoj Kumar Karmakar 37 5043 479 287 229 215 206
131 Ka Nang Leung 30 5033 519 499 323 309 235
132 Lianjiang Li 24 4960 1348 625 432 365 357
133 Clement Tham Chee Yung 41 4949 231 194 190 176 162
134 Wei-Hsin Liao 42 4938 307 276 258 182 166
135 Daphne W Yiu 20 4908 1609 741 635 378 222
136 yuanzhi zhang 33 4882 315 282 214 203 196
137 Yi-Chun Lu 25 4855 974 531 458 409 351
138 jun zou 36 4730 341 263 186 161 149
139 Ke-Qing Xia 42 4644 405 147 140 132 121
140 Agnes S. Chan 34 4559 664 625 220 160 143
141 Stephen L. Chan 陳林醫生 35 4557 301 292 269 257 198
142 Ka-Sing Lau 36 4519 210 146 132 128 123
143 H.Y. Edwin Chan 28 4484 1219 901 356 171 101
144 Silin Zhong 24 4483 1598 507 369 281 233
145 Wing Shing Wong 29 4476 918 570 254 195 128
146 Xiaoquan (Michael) Zhang 20 4437 1526 1352 368 280 157
147 J Shen (Jianfa Shen 沈建法) 40 4386 162 153 120 109 107
148 Renbao Liu 31 4376 417 312 299 294 208
149 Winnie W. S. Mak 33 4368 509 268 187 176 158
150 Patrick C. M. Wong 31 4362 808 277 218 190 155
151 Kin-Mang Lau 32 4326 459 425 420 295 155
152 Alan CHEUNG 27 4311 667 414 368 267 257
153 Adrian Wong 27 4299 870 377 375 237 202
154 Samuel Y. S. Wong 31 4296 358 276 192 154 135
155 Aaron H.P. Ho 33 4252 417 275 229 171 156
156 Minghua Chen 34 4232 332 332 299 225 225
157 Ping Luo (羅平) 25 4200 714 435 235 217 217
158 kam-Fai Wong 32 4185 473 213 145 129 123
159 Calvin SH Ng 31 4063 585 161 152 123 116
160 Waiman Cheung 26 4018 578 434 430 403 217
161 Kin Wah Yu (余建華) 32 3978 180 147 112 105 101
162 Stephen Chim 26 3960 770 465 368 342 207
163 Ho-fung Leung 30 3947 522 368 199 132 124
164 Icy Lee 31 3947 362 316 294 250 240
165 Raymond Kai-yu Tong 33 3941 483 197 157 149 145
166 Chung Hang Jonathan Choi 16 3937 1998 519 208 190 189
167 Kelvin Tsoi 33 3932 348 261 254 215 162
168 Tin-Lap, LEE 35 3898 309 249 207 201 184
169 malcolm underwood 33 3870 595 250 181 163 116
170 Edward Ng 28 3837 333 251 200 189 187
171 Patrick P. C. Lee 32 3803 438 292 217 197 171
172 Shui Shan Lee 33 3802 404 190 138 114 111
173 qian miao 36 3774 285 243 203 177 142
174 Yongqin David Chen 35 3719 352 308 229 174 170
175 Ying Jun Zhang 31 3713 516 279 214 195 173
176 Suk Hang Cheng 30 3702 556 459 145 140 135
177 Hon-Cheong So 16 3666 2465 276 226 138 86
178 Anthony Man-Cho So 26 3660 1388 401 161 146 99
179 Vivian Lui 35 3586 312 257 225 169 156
180 Carmen C. Y. Poon 28 3579 504 337 222 215 196
181 shekhar kumta 34 3560 192 190 147 137 128
182 Simon Chun Ho Yu 29 3541 503 260 255 190 153
183 Ke-Li Wu 32 3410 283 148 120 109 93
184 Trevor B. Penney 29 3409 331 322 297 167 149
185 Peiyong Jiang 29 3396 574 331 292 145 143
186 Chun-Hung CHENG 31 3394 215 194 192 173 164
187 Anthony Chi-Fai Ng 31 3369 153 151 151 143 124
188 Cris, Wai Ching Liu 26 3359 82 81 72 67 60
189 Lian-Kuan Chen 30 3341 241 203 155 130 113
190 Tam, Wing Hung 32 3327 264 205 139 130 116
191 Kwan H S 30 3309 287 274 270 237 178
192 Calvin Chun-Kit Chan 29 3282 241 155 113 111 106
193 Yi-Hui Huang 22 3189 697 455 316 204 180
194 Dajun Wang 21 3183 655 480 353 271 242
195 Hongsheng Li 27 3157 307 280 254 223 217
196 Eugene D. Ponomarev 20 3143 497 356 330 296 296
197 Prof Man Cheung Chung 34 3135 147 118 111 83 75
198 Qiang Xu 31 3124 187 121 106 105 96
199 Benjamin Hon Kei Yip 20 3098 1447 253 184 125 102
200 Dora Lau 14 3072 1686 709 192 76 73
201 Virginia Yip 24 3055 1005 358 296 225 135
202 Sidharth Jaggi 22 3054 1017 551 129 112 109
203 Urs Maurer 25 3025 318 206 195 194 165
204 Ping Yuan 9 3005 2166 333 202 84 72
205 Wong Kam Bo 28 2876 205 185 180 149 131
206 Lai K. LEUNG 29 2855 497 241 141 117 102
207 LM Chu 28 2851 437 212 191 177 137
208 Ven-hwei Lo 23 2812 550 307 226 130 77
209 Wing Cheong Lau 27 2807 277 184 167 138 99
210 Yongsheng Chen 29 2786 517 221 201 189 151
211 Wing Tak Wong 32 2764 226 143 127 122 109
212 Ting-Fung Chan 29 2757 239 177 126 126 122
213 Wing Hoi Cheung 29 2745 195 187 162 114 101
214 Xiaoyu Tian 32 2737 394 143 122 109 102
215 Esther S.C. HO 17 2704 1553 234 57 54 50
216 Chester Shu 27 2693 108 69 57 55 54
217 Skyler Hawk 23 2691 983 205 177 139 113
218 Annett Schirmer 26 2679 460 263 209 154 147
219 King Ming Chan 32 2677 139 129 126 122 108
220 Man Hon Wong 27 2655 643 247 212 118 58
221 Dahua Lin 27 2650 388 209 168 161 100
222 Zhi-Xiu LIN 31 2644 107 95 90 83 80
223 Jiang Xiao hua 30 2582 235 229 203 127 112
225 Anthony Yuen Bun TEOH 28 2548 327 115 113 103 100
226 Feng Wang 26 2538 327 287 173 163 137
227 Lili Li 32 2537 169 100 94 84 78
228 Joseph Kwong 26 2533 379 275 142 134 132
229 Lei Shao (邵磊) 22 2486 791 229 163 135 106
230 Chen Mao 29 2462 258 135 124 122 103
231 Alexander Vlantis 27 2458 241 122 122 112 106
232 Francis L. F. Lee 25 2428 113 103 103 96 82
233 Sai Ming Ngai Saiming 31 2391 156 120 113 113 113
234 Lao, Xiang Qian 26 2386 398 190 174 122 91
235 Jette G. Hansen Edwards 12 2361 1054 459 261 157 124
236 woody wu 14 2351 659 481 327 215 148
237 Jianmin Jia 16 2334 477 454 252 237 183
238 Gordon Mathews 21 2317 524 179 175 153 109
239 Yunlong Zi 28 2266 201 138 133 126 114
240 Michael C.F. Tong 26 2230 71 61 54 53 46
241 Kin Che Lam 26 2225 148 144 124 120 109
242 Sau Dan Lee 21 2209 577 231 123 123 104
243 Cham Wai Kuen 27 2191 197 108 92 87 77
244 Byung-Ho Kang 26 2177 191 161 146 135 105
245 Yi Wang 19 2098 663 193 163 159 103
246 Alex Pui-Wai Lee 23 2098 328 188 151 141 88
247 Liming Bian 22 2090 234 225 212 176 132
248 Hanqiu Sun 23 2090 265 148 146 60 49
249 Tan Lee 李丹 24 2060 85 85 79 74 57
250 Chongkee Yip 22 2038 367 230 210 119 116
251 Thomas W Leung, Thomas WH Leung, T Leung, TW Leung 25 2035 202 185 81 68 63
252 Jiang Xu 21 2033 370 262 150 117 111
253 Jean H. Kim 27 2032 173 170 157 107 94
254 Sunny H. Wong 23 2024 264 238 123 103 96
255 Jiabiao Lian 25 2015 349 152 112 112 97
256 Kin Ming Kwan 19 1976 286 181 180 159 153
257 Hugh Simon Lam 24 1975 235 123 106 86 82
258 Stephen Heung Sang WONG 22 1970 602 81 64 63 62
259 Xinhui Lu 20 1917 361 262 191 106 101
260 Donghui Wu 14 1912 410 318 252 235 158
261 Yifan Zhang 12 1905 981 216 174 107 82
262 Vincent C. K. Cheung 12 1888 431 349 260 224 210
263 Timon Du 20 1887 253 183 150 132 109
264 S. Alvin Leung 25 1887 175 109 98 98 94
265 Lu Gang 23 1876 163 148 141 110 96
266 Tieyong Zeng 21 1873 421 175 134 120 83
267 De-Jun Feng 26 1839 141 128 87 82 76
268 Xie Min 9 1838 524 362 304 229 190
269 Yu S.F. Doris 23 1827 216 186 149 148 115
270 Wei Zhang 19 1817 133 92 75 65 63
271 Anthony Y.H. Fung 26 1807 151 110 78 71 68
272 Eric Chung 23 1769 218 119 91 60 56
273 Yi-Ping Ho 22 1765 204 185 181 150 104
274 Martin Chan 23 1752 178 147 119 100 91
275 Eric Fong 23 1735 136 115 111 107 105
276 Lingsheng Meng 9 1707 1049 365 90 72 40
277 M Hui 25 1694 154 135 123 105 91
278 CINDY SIT 27 1677 161 86 80 67 60
279 jihui zhang 25 1674 114 113 88 78 78
280 Baopu LI 19 1635 186 149 116 86 50
281 Kenneth Shum 21 1629 146 100 97 82 73
282 Mee Kam Ng 25 1621 114 97 70 66 60
283 Wai Chan 22 1615 303 103 90 87 85
284 Renjun Duan 24 1579 155 110 97 76 72
285 Wai-Sum Chan 21 1549 118 108 96 74 72
286 Feng Wang 21 1530 228 128 92 78 73
287 Angela Kwok-Fung Lo 16 1502 360 187 163 146 127
288 Qiong Yan 11 1474 738 308 111 62 46
289 Kehuan Zhang 12 1468 416 317 222 129 74
290 Pierre F. Landry 15 1456 665 126 97 75 67
291 Fiona Xiangyan CHEN  陳向燕 24 1438 145 58 57 53 51
292 Jerome Hui 21 1433 155 127 110 106 57
293 Yan-Jun Wan 14 1425 386 250 172 132 95
294 Yujuan Dong 18 1416 206 134 126 109 89
295 jiang xia 23 1399 139 136 83 82 64
296 Kingston King-Lun Mak 12 1388 396 205 161 146 89
297 Chun Ting Au 19 1382 227 172 135 116 65
298 Ling Ming Tsang 20 1368 162 94 74 72 72
299 Qiuju Yuan 16 1364 417 124 121 106 101
300 Kathy O. Lui 15 1359 314 241 143 75 60
301 Lei Xu 13 1356 494 165 109 99 89
302 Bei Yu 22 1340 144 68 63 47 46
303 Edward Philip John Parrott 20 1327 302 86 72 66 60
304 JYY Ng 11 1271 656 143 121 111 87
305 Lee Wayne Yuk-wai 22 1260 122 112 112 86 80
306 Hao Chen 19 1258 124 92 85 73 65
307 Hon Fai Chan 13 1241 559 229 104 80 47
308 Haiwei Luo 18 1235 182 122 121 93 73
309 Zuyao Yang 20 1229 135 124 122 72 58
310 Shengyu Zhang（张胜誉） 18 1223 217 174 85 49 49
311 Xiankai Sun 18 1219 123 111 104 101 77
312 Hoi Ying Wong 22 1210 64 60 58 55 48
313 Sora Kim 17 1193 164 133 103 91 85
314 Alan Chun-Nang Wong 16 1190 175 163 139 115 90
315 Liqiang Huang 16 1183 214 193 105 99 87
316 Koon Chi Man Johnny 16 1180 401 108 84 55 54
317 Stanley Hui 16 1180 275 187 145 49 44
318 Haihua PAN 17 1177 170 89 80 79 54
319 Yan-Fang Xian 23 1158 90 72 70 58 54
320 Chan SO 22 1153 117 79 57 56 48
321 Carmen Lee 16 1148 317 114 98 75 62
322 Vincent CH Chung 17 1142 142 85 77 58 50
323 Dandan Cao 9 1141 472 286 94 68 54
324 Wilson Wong 12 1129 436 152 137 82 75
325 Chan Chun Wai 16 1129 136 114 101 87 83
326 Andrej Bogdanov 19 1126 179 124 121 113 81
327 Hong-Li Liu 6 1125 631 389 33 18 17
328 Hongbiao Yin 19 1119 164 96 81 68 49
329 Ching Man Lam 18 1118 96 87 61 59 49
330 Lu Lu 12 1114 300 173 152 133 133
331 Chun Chen 16 1097 365 87 80 74 66
332 Chi-Yung Tam 16 1081 158 156 141 93 74
333 Kun Sun 15 1076 143 128 108 80 79
334 Zhenyao Zhu 10 1072 527 199 103 62 55
335 Yangzi JIANG (姜 洋子) 15 1070 127 126 98 86 80
336 Zhanpeng Zhang (张展鹏) 8 1024 435 309 132 41 27
337 Kam-Lung CHONG 12 1023 144 124 117 113 111
338 Ben Chung Lap Chan 陳頌立 20 1022 83 80 72 59 58
339 Susanne YP Choi 16 1016 138 104 95 78 74
340 Gary Tse 22 1011 52 46 42 37 34
341 Jessica Y Y Kwong 15 1007 162 137 136 83 66
342 Hui Yu 13 1005 327 163 88 73 71
343 Bryan Mercurio 17 999 119 111 91 72 48
344 Lok Ming Lui 19 994 83 51 51 48 43
345 Priscilla TY Law 10 992 398 145 105 79 78
346 Amos P. K. Tai 9 987 375 154 133 90 59
347 Chao REN 13 983 189 187 160 84 33
348 Sean Zhou 16 979 248 85 72 65 63
349 Tsz-Ki Lau 14 967 262 191 106 95 42
350 Kin Hong Wong 17 954 145 65 58 52 48
351 Amy S Ha 15 941 174 104 89 70 48
352 Weitian Chen 17 938 136 103 82 80 54
353 Herbert Loong 15 910 257 106 63 61 46
354 Kumiko Shibuya 6 908 548 115 94 92 28
355 Dongyan Xu 16 901 106 89 81 72 64
356 Suk Ling Ma 17 884 145 95 59 59 58
357 Christian Greiffenhagen 18 882 69 61 52 47 46
358 Siu Kwan Ng 17 878 135 98 82 67 62
359 Chin Ming Hui 14 866 306 92 72 57 33
360 Tsz Kin Ng 17 862 85 85 83 74 57
361 Alex Chun Koon 5 861 346 221 190 77 18
362 Pang Laikwan 15 858 122 111 81 57 50
363 Zhang Lin （张琳） 20 842 68 59 51 47 47
364 Jing-Woei LI, Marco 14 838 126 97 79 59 56
365 Hua-bai Li 18 830 79 75 70 65 59
366 Jacky Chi Ki Ngo 12 824 194 179 104 88 46
367 Ngok Ma 17 824 170 58 51 47 46
368 Qi Dou 15 822 124 90 73 63 61
369 Wei Ren 19 814 87 50 41 40 36
370 Jinqiu Yuan 16 786 124 78 54 45 33
371 Feng Yuan 14 779 121 106 88 56 51
372 Xiaojuan Qi 11 773 365 92 65 57 52
373 Aaron Koh 16 766 76 66 61 46 45
374 Elaine Wat 15 765 133 98 88 84 61
375 Wendong LI 15 749 86 83 58 57 50
376 Julien Chaisse 16 749 71 62 60 60 42
377 Benjamin Ung 14 744 149 104 75 63 62
378 Renjie Zhou 13 735 187 152 50 31 31
379 yuying tong 11 735 301 76 61 51 44
380 Nikolay Novitskiy 14 732 140 120 81 68 55
381 Derrick Y.F. Lai 11 724 221 98 83 69 57
382 Lap-Ming Lin 17 724 65 58 54 53 51
383 Xingyu Zeng 11 724 223 108 106 69 55
384 Xiaodan Fan (Dan) 樊晓丹 9 723 330 84 84 45 41
385 Lequan Yu 13 722 124 92 73 61 52
386 Li-Zhen Zheng 14 721 202 101 95 60 43
387 Wallace K C Mok 6 715 286 162 135 52 39
388 Hoyee W. Hirai 14 714 135 122 55 46 37
389 Baolin Peng 10 705 263 107 62 55 42
390 Nicholas Pang 14 691 99 52 41 40 38
391 Wing Chee So 12 690 215 89 63 49 37
392 songnan li 14 669 107 90 47 41 41
393 Wei Zhang 12 668 178 101 82 67 51
394 Paula Hodgson 11 668 209 151 61 26 21
395 Jason C.S. Yam 11 660 133 122 86 59 38
396 Yong Huang 黃勇 12 647 168 44 35 30 25
397 Hua ZHONG 7 644 335 134 63 27 24
398 Lee Kathy Yuet Sheung 14 641 111 49 45 42 38
399 William Smith 14 639 140 75 69 46 39
400 Savio Wong 13 634 155 75 58 44 35
401 Cheng Sheng 11 632 189 82 73 64 40
402 Xiaoyong Shen 11 631 225 96 50 42 39
403 NGAI Sek-Yum Steven 12 631 120 50 45 43 33
404 Yali Zheng 9 630 337 83 65 24 20
405 Nan Chen 11 627 188 80 73 58 48
406 Alexander YL Lau 16 616 63 56 36 33 30
407 Mei Kuen Tang 15 612 73 69 56 51 39
408 Rui Zhang 12 611 163 46 29 24 24
409 Yuan Xu 13 611 102 76 62 49 38
410 Lin Liu 13 609 125 98 60 54 39
412 Kam-Ming Mok 10 602 203 68 68 68 41
413 Lisa C. Wan 9 593 130 113 94 65 60
414 Gordon Kee 4 587 373 173 31 4 2
415 Fiona YY Ho 10 574 102 89 74 63 45
416 Wing Sum Siu, Sammy 13 574 91 88 53 46 35
417 Clarence T. T. Wong 12 572 145 68 58 45 44
418 Wei Meng 12 568 117 95 92 50 37
419 Rosanna Yuen-Yan Chan 11 559 186 101 32 29 26
421 Letty Y.-Y. Kwan 9 554 227 82 48 33 33
422 jiajian zhou 7 553 182 159 98 61 21
423 Hung Wong 13 537 96 56 30 26 25
424 M. Bodaghi 15 535 91 58 35 34 28
425 Haidong Yuan 13 533 66 49 35 33 33
426 Pok Man Hau 14 529 87 77 61 34 32
427 Kun CHEN 15 529 95 70 62 43 26
428 Shih-Chi Chen 11 525 115 55 39 31 28
429 Grace S. M. Leung 9 523 114 101 65 64 56
430 Man Kit Cheung 13 519 122 56 47 32 30
431 Rong-Hua Li 14 518 56 56 53 41 40
432 Qifeng Ruan 13 518 99 52 51 49 43
433 Xi Chen 8 509 286 51 41 37 37
434 Peggy Mok 12 507 86 55 44 36 21
435 C. L. Lim 13 507 80 34 33 29 25
436 Marten Brelen 13 507 111 62 47 36 33
437 Wilfred W.F. Lau 11 504 83 53 52 42 40
438 Sharon Leung 12 491 80 64 57 40 39
439 Lin Jing 12 487 113 81 43 38 37
440 Michael Chan 12 484 88 64 48 41 33
441 Zhiqin Chu 11 479 124 112 87 34 24
442 Xi Wan 11 462 95 70 62 45 30
443 Mingzhu Long 10 457 203 42 38 35 26
444 Baichuan Li 8 455 145 87 64 45 30
445 Ka Yan Ma 9 455 162 57 50 49 31
446 Xue Dong He 8 454 188 91 45 31 27
447 Wangying Xu 11 450 100 60 59 36 27
448 Chun-Yu Tse 10 440 83 77 63 42 35
449 Yufeng Zhang 11 440 94 54 41 36 31
450 Wong Yu Cheung 12 436 65 58 52 39 31
451 Dr. LENG Xinyi, Cindy 冷昕禕 12 435 103 50 48 43 30
452 Yanru Zhang 10 435 100 75 33 27 26
453 Helen YL Chan 10 433 70 58 56 43 43
454 Sebastian Beyer 10 427 93 92 46 38 25
455 Ying Bai 7 426 138 108 60 44 30
457 Wei Yang 9 424 93 72 65 60 28
458 Dapeng Chen 7 422 153 139 47 24 15
459 Lokman Tsui 10 421 127 78 34 34 32
460 Pui Lam Leung 12 413 102 44 42 32 30
461 Jing Qin 10 412 124 62 52 33 25
462 Suzanne Ho-wai So 11 412 101 59 55 39 26
463 Shengen Yan 8 410 182 74 52 24 21
464 ZHOU Xuelin, Peter 12 410 45 41 33 33 29
465 Chi Yan Wong 9 405 107 58 45 36 32
466 Hongfeng Yang 12 398 59 39 37 36 35
468 Susan Shuxin Wang 11 394 100 44 32 30 28
469 Lei Liu 10 390 85 73 46 38 35
470 LAM, Tin Lun 11 389 59 46 40 31 22
471 Harold Chui 10 389 117 51 40 30 23
472 Lawal marafa 9 389 49 44 39 30 17
473 Hsuan-Ting Chen 11 385 105 75 41 28 19
474 Lei Sun 11 384 62 46 28 28 22
475 Kevin Ka-Lun Lau 10 377 70 48 31 28 25
478 LI, Xiang(李翔) 11 368 66 40 39 23 22
480 SWY Lee (Shara LEE) 9 363 84 65 61 28 23
481 Ningqi Luo 12 363 55 44 38 34 34
483 Sum Kim Wai Raymond 5 353 174 70 48 11 7
484 Kwokwai Chan 11 349 67 42 25 23 22
485 WU, Yilin 9 348 119 73 41 25 23
486 Carmen K M Wong 10 338 61 33 24 21 21
487 Hanbing DENG 7 336 190 41 26 22 19
488 Lei Zhang 9 334 127 65 47 27 17
489 Sien Lin 12 327 37 27 26 23 19
490 Mayank Bakshi 10 319 72 51 23 20 18
491 Liang Wang 10 316 27 16 16 15 14
492 Kang Shi 11 317 76 29 28 24 24
495 Jinkai Li 11 308 30 27 26 26 24
496 Ying-Lung Steve Tse 8 308 54 50 39 36 31
497 Jun-Jiang Chen 10 307 56 41 39 32 31
498 Benoit Mayer 9 306 66 25 23 18 13
499 Doreen WH Au 10 306 113 39 21 21 18
500 Lizhao You 10 304 44 35 30 29 28
501 Shuai Yi 9 304 77 73 32 26 25
502 Yimin Zhao 6 297 218 22 20 12 9
503 Shu Zhou 11 295 65 36 30 27 24
504 Di Lin 4 294 96 89 72 32 32
505 Manhong Lai 10 293 58 36 24 23 20
506 顾大庆 9 292 43 38 36 31 24
507 Yubin XIAO 10 291 28 27 26 26 21
508 Le Li 9 291 48 46 37 37 32
509 Bei Zhao 9 291 49 43 37 35 31
511 Sylvia He 10 289 58 47 35 28 27
512 Justin C K HO 7 288 189 16 15 12 10
514 Kenneth C. Cheng 8 284 104 74 21 19 15
515 Siu-ming To 10 279 31 27 25 23 18
516 Taotao Wang 8 277 133 35 15 12 10
517 Morris S. Y. Jong 9 277 45 36 35 29 16
518 Aileen W.K. Chan 7 276 106 63 34 20 11
519 Kin On Kwok 8 275 91 54 34 24 16
520 Lei Deng 7 274 83 69 39 15 11
521 YY Cheung 8 274 63 58 36 25 24
523 Jian He 7 270 72 65 34 32 24
524 Qingyang Zhao 8 269 52 48 36 35 31
525 Junyi Zhu 9 269 58 30 28 26 18
526 Zhiyao Chen 6 268 69 51 48 19 7
527 Lanjun Zhou 6 267 68 57 38 14 11
528 Paul Lee 10 267 47 38 32 18 15
529 Darwin Choi 6 266 84 77 40 23 20
530 Bonnie Yin Ka Lam 7 263 120 45 33 23 13
531 Terry TF Leung 7 263 96 35 24 23 19
532 Hongyang Li 9 260 100 32 29 25 24
533 Wendy Wong 9 258 45 38 31 31 16
535 Ngai Sze Wong, Candy 9 255 41 28 24 21 12
536 Li Tao 9 255 76 42 35 17 17
537 Ying Kin Yu 9 255 46 45 34 29 23
538 Tsz-Yeung Wong 7 252 83 68 28 20 18
539 Kent Cheng 5 251 127 83 16 16 5
540 David C. Donald 8 249 108 20 20 14 14
541 Tobi Eniolu Morakinyo 10 249 33 29 26 26 25
542 Dick Ho Kiu Chow 8 248 95 51 32 20 20
544 Xin Yang 7 247 85 47 35 24 10
545 Javad B. Ebrahimi 9 247 38 35 29 24 22
546 Marco Ho 6 246 91 65 19 13 11
547 Dai Yongheng 8 245 45 32 28 27 15
549 Felix Sze 9 240 38 37 36 24 24
551 Jie Zhang 7 238 88 88 56 24 24
552 Aden Chan 10 236 42 28 22 21 20
553 Hu Xihao 9 234 47 32 26 21 19
554 Wenyan NONG 8 232 56 47 30 21 19
555 Freddy MH Lam 6 232 130 33 20 19 10
556 Yang Hong 9 230 77 32 13 13 11
557 tiantian xu 8 225 50 32 31 22 20
559 KOON Ho Kee 8 224 73 26 24 19 18
560 Junzhou Zhao 9 223 46 28 16 15 12
561 Zhentao Shi 5 222 105 54 30 18 8
562 George S.-K. Ma 5 220 118 56 15 13 5
563 Fan Zhang 5 220 112 48 36 12 8
564 Wenxi (Griffin) Jiang 5 219 153 37 8 6 6
565 Yande Que 8 219 76 20 18 17 16
566 Stanislaus Fung 7 218 75 21 15 11 10
567 Xiting Gong 8 218 85 27 27 23 18
568 Jyh-An Lee 10 218 25 24 23 21 18
569 Piji Li 8 217 58 20 19 15 14
570 JIE CAO 7 217 102 31 24 16 15
571 Zheng, Jane 6 213 66 66 27 11 6
572 Xiaotian YU 9 212 31 28 15 14 12
573 Qing Yang 6 211 73 66 31 8 7
575 Danny Siu-Chun Ng 9 208 28 20 18 13 13
576 Yu Liu 9 207 31 29 29 29 19
577 Kei Fong Lam 7 205 36 35 29 20 13
578 Zhou Huiquan 9 204 34 31 25 22 11
579 Wing-Kai Chow 9 202 34 33 23 22 14
581 Xiaolu Zhuo 6 199 52 48 33 17 16
582 Pinjia He 7 198 47 40 25 22 17
584 Youngsok Bang 6 198 86 42 33 11 9
585 Luyu Zhao 8 197 68 23 21 20 15
586 Joaquim Si-Long Vong 8 197 46 33 26 26 16
587 Billy HK Leung 8 196 65 26 21 20 16
588 Lixin Cheng 7 196 49 44 29 19 18
589 Youngsang (Ray) Kim 5 195 94 79 8 6 5
591 Wen-Jing Shi （史文静） 6 194 52 43 34 30 15
592 詹晶 Jing Vivian  Zhan 9 193 44 43 24 18 13
593 Darwin Lau 7 191 48 40 17 15 11
594 Tao Zuo 9 191 27 19 18 17 15
595 Zhongtao Wu 6 188 85 30 20 16 12
596 Kun Li 7 187 57 22 19 16 13
597 Xin Tao 6 186 57 48 23 16 15
598 Wenrui Diao 6 186 64 44 32 16 12
599 Lingfei Li 8 185 41 26 26 16 11
601 Zhen Xin 7 181 56 32 26 16 10
602 ghasem abbasnejad 8 181 36 30 30 17 14
604 Ming-Chang Yang 8 178 32 31 20 20 14
605 Venus Tang 8 178 44 31 18 17 15
606 Lawrence Yam-Leung CHEUNG 7 177 31 26 22 12 12
607 Sojung Kim 6 177 104 19 11 9 9
609 Runhui LI 7 176 39 37 32 19 18
610 Gavin, Jia-Wen SHOU 6 176 57 34 29 26 9
611 chih-sheng Hsieh 6 175 110 19 14 8 6
612 Liugang Sheng 7 174 67 25 18 17 15
613 Yingxiao Zhang 7 174 50 20 13 9 9
614 Wei Shuai 6 173 68 52 16 8 6
615 Xiaocheng Hu 7 171 72 27 21 15 13
616 Dr. Mahdi H. Miraz 7 169 31 15 13 10 9
617 Chui-De Chiu 6 169 47 28 23 17 11
618 Kunyu ZHANG 7 169 56 23 22 16 14
619 Zhichao Zhou 6 167 45 38 32 13 10
620 Shenglin Zhao 7 167 53 23 21 21 11
621 Allen Chi-Shing Yu 7 161 48 35 25 15 12
622 JIANG-YUN LUO 6 160 59 32 22 21 10
623 Hanxu Hou 7 159 28 20 16 12 11
624 Samuel Wai-Pan Ng 4 159 111 22 18 5 3
626 Shiru Wang 5 159 71 50 14 14 6
627 Chiu Wo Choi 5 156 66 24 24 13 6
628 Cong Zhao 5 155 75 28 28 28 10
629 YING SUN 5 153 38 38 33 23 14
630 Travis Ng 7 152 39 33 17 11 11
631 Prof. Bryan H. Druzin 8 152 25 23 18 17 10
633 LEONG Hio Teng, Annie 5 151 58 43 31 8 7
634 Ling Kong 4 150 77 25 23 22 2
635 Gregory S. Moss 4 150 106 31 6 5 1
639 Ze-Rui Zhao 8 147 24 14 13 12 11
640 MingYang Guo 4 146 107 17 7 6 4
641 Hai Liang 7 145 39 23 13 12 10
643 Yannan Liu 5 140 88 13 13 8 7
644 Kevin KC Hung 8 140 27 24 15 12 12
645 Chao Yin 6 140 38 22 22 12 12
646 Sui Tao 5 139 63 48 9 7 6
647 Dexing Zhang 7 138 32 28 13 11 9
648 Apple Pui Yi Chui 7 137 69 13 12 9 9
649 Hui Xu 4 136 102 10 6 4 4
650 Gary Tang 3 135 103 22 4 2 2
651 Lei Zhao 3 135 124 4 3 2 2
652 Michael Ramsden 7 134 24 21 13 10 10
653 Regina WS Sit 6 134 36 28 21 11 10
654 Wei He 8 133 18 16 15 14 12
656 Lingxiao Wei 5 128 88 13 8 7 5
657 Robin ST Ho 6 128 35 21 13 12 10
658 Wai-Chi Kan 5 128 75 26 9 5 5
659 Chung-Shing Chan 5 126 44 15 10 6 6
661 Eli Park Sorensen 4 122 71 11 6 6 4
662 Kirsty Kwok 4 121 80 13 8 4 4
663 Jiangfan Yu 4 121 50 32 22 8 3
664 Jibin LI 6 120 37 14 12 10 10
665 WANG BIN 6 120 18 13 12 12 12
667 Liye Zou 6 118 21 21 11 9 9
670 周保松 6 115 22 16 13 7 6
671 Jizhou Li 5 113 43 19 18 7 6
672 Jing Liu 4 113 54 16 13 12 4
673 Wing-Yin Chan 5 112 38 31 16 13 8
676 Lei Zhu 5 107 39 17 16 14 6
678 Pili Hu 5 106 58 15 7 7 7
679 Angela Daly 5 103 21 20 15 9 8
680 Xuefeng Gao 7 99 23 22 14 9 9
683 Minghui TANG 5 97 33 25 18 11 5
684 Iris Hoi-Yee Ng 5 96 29 16 15 11 10
685 Hao Wei 6 95 25 18 13 10 10
687 Xinru WU 6 93 15 12 11 9 8
688 Gangyi Feng (冯刚毅) 4 93 40 25 7 6 4
690 Lu Sheng 6 90 25 16 12 8 8
692 Ting Wang 4 89 38 23 12 9 2
694 Chihao Zhang 6 88 15 13 11 10 10
695 Weishi Zhang 5 88 32 24 16 6 5
696 L Lam 4 87 60 10 5 4 3
698 Jiajie Chen 6 86 17 16 15 12 11
699 NG Siu Kuen Robert 5 86 26 18 14 9 5
700 Fei Gao 3 86 64 10 4 3 2
701 Zheng Tan 2 86 70 12 2 1 1
704 Kwok Bit-Chee 5 83 13 9 6 5 5
707 Karl Kam-hei So 6 81 26 11 10 8 8
708 Patrícia Gróf 6 80 20 11 8 8 8
709 Jaimie W Lien 5 80 22 11 10 10 8
710 Cheng Tan 4 80 47 12 11 8 8
711 Yuanyuan Shi 7 80 10 9 8 8 8
715 Kun Fan 5 75 33 12 9 7 5
716 Zhaolong cao 6 75 16 13 10 9 7
719 Oi-Lam Ng 5 75 25 16 11 10 7
725 Tianchong Wang 5 69 31 7 6 5 5
726 Zhefan Stephen Chen 4 69 35 21 7 5 1
727 Linfang Lan 5 68 15 13 13 11 8
728 Junjun Wu 4 68 24 11 10 9 3
730 David Yuen Chung Chan 5 67 34 34 8 8 5
733 Yanhui Zhang 4 65 27 15 6 6 4
736 CHE Weitao 4 61 18 15 8 4 4
737 Chun-Kit Au 5 61 10 6 5 5 5
739 Akshay Raj Maggu 5 58 25 8 8 7 5
740 Shashank Vatedka 4 58 23 8 8 4 3
741 Wong Siu Hong, Dexter 5 58 23 11 5 5 5
743 Xianfeng Xia 4 57 19 15 10 7 3
747 Jiyi CHENG 4 57 16 13 10 8 4
749 Xueting Liu 4 55 20 13 6 6 4
752 Yu Ting Yeung 5 53 11 7 6 5 5
757 Fengyuan Zhu 4 52 24 12 5 4 2
759 Andie YM Au-Yeung 3 50 20 20 9 1 0
762 Neky Tak-ching Cheung 3 49 35 7 7 0 0
764 Francisco Tsz Tsun Lai 5 49 15 9 9 6 5
765 Hongbo Ning 4 49 12 11 9 4 3
767 Hanna LU 4 48 12 9 6 4 3
768 David Chai 4 48 10 9 6 4 4
769 Qian Zhang 4 47 14 10 5 5 4
770 Yuxin Su 3 47 21 15 9 1 1
771 XU Yinqing, Charles 4 47 23 9 6 4 3
772 Jianwei CHEN 5 46 10 9 6 6 6
773 Qian YU 4 46 9 7 7 5 3
774 Ji-Nan Lin 5 46 9 7 7 7 6
779 Yong Zhong 5 43 9 6 5 5 5
780 Surabhi Chopra 4 43 13 10 5 4 3
781 Tobias Brandner 5 43 10 9 6 5 5
784 Yi WANG 3 41 19 8 4 3 3
785 Michelle Miao 3 41 14 14 5 3 2
787 Yi Wang 4 40 15 10 5 4 4
790 Edwin Anton Schmitt 3 39 22 7 6 1 1
791 Veronica Ka Wai Lai 2 39 27 7 2 1 1
792 Tony Sit 2 39 24 3 2 2 2
796 JIAO Wenxiang 3 36 17 7 4 3 3
797 LIU Zhe 3 36 14 9 5 3 2
798 Junyu He 2 36 22 12 2 0 0
800 Yuanfei Zhang 4 35 7 5 5 5 4
802 Michael Lower 4 35 10 6 4 4 2
803 Guo Suiming 4 34 9 6 6 4 3
807 XiaoBing Dang 3 33 9 6 3 3 2
811 Antoine P. Martin 3 31 8 5 5 3 3
815 Qi-Yong Hemis, AI 3 30 9 7 6 3 3
817 Hui Yang 2 29 20 2 2 1 1
819 Moonyoung Park 3 29 11 9 5 2 1
820 羅牧原 3 29 7 6 4 3 2
826 Kinfai Tse 4 28 8 6 5 4 2
830 Zhensong ZHANG 3 27 9 8 3 3 2
831 Jingzhao Zhang 3 27 8 6 6 3 2
836 Rolien Hoyng 3 26 8 4 4 3 3
845 Junjie Huang 3 24 12 5 3 2 2
846 Calvin Ho Chuen Kam 3 23 8 8 5 2 0
851 Bei Shi 3 23 7 4 4 3 3
854 Yucheng Xiong 2 22 18 2 1 1 0
856 Peter Beattie 3 22 8 5 4 3 2
861 Kristof Crolla 3 21 7 4 4 2 1
866 Zhirong Luan 3 21 9 5 3 2 1
871 Fang-Ying Gong 2 19 4 3 2 2 2
881 Brian C Thompson 2 17 5 3 2 2 2
890 Li WAN 2 16 4 3 2 2 2
896 Jason, Lo Chor Ming 3 15 5 5 3 2 0
898 Lin Yang 2 15 7 3 2 1 1
902 Jędrzej Górski 3 14 3 3 3 3 1
911 Jason Liwen Huang 2 12 3 3 2 2 1
915 Yuzhe Ma 3 12 6 3 3 0 0
918 Yongquan Zhao 2 11 4 3 1 1 1
921 Max W. Y. Lam 2 11 7 3 1 0 0
923 Charlene HL Wong 2 11 4 3 2 1 1
933 Stuart Hargreaves 2 9 2 2 2 1 1
937 Yan Qin Tan Esther 2 9 2 2 2 1 1
957 LAM WENG CHEONG 林永昌 2 6 3 2 1 0 0
960 Li, Shuaijun 1 5 3 1 1 0 0
987 Ian, Ho-yin Fong 1 2 1 1 0 0 0
