1 wang c x 155 172342 24377 6455 6054 4364 4222
2 Guanrong Chen 142 89702 2583 2429 1903 1883 1630
3 Alex K-Y. Jen 113 50066 1596 1151 1074 863 800
4 Ran WANG (王冉) 90 50007 3028 960 546 528 445
5 Paul K Chu 88 46902 2454 1339 768 530 467
6 C.S. Lee 104 42892 1229 666 663 544 513
7 Andrey Rogach 104 37851 1781 1618 1091 862 756
8 Stephen SMALE 78 36895 6066 5915 4196 1694 1356
9 Istvan T Horvath 55 31973 15779 1550 921 768 669
10 KM Liew (Kim Meow LIEW) 87 31647 353 347 345 340 329
11 Sie Chin Tjong 69 20553 2175 1430 1329 1005 323
12 HX Li 62 19147 398 354 318 270 250
13 Kin Man Yu 64 18969 1707 725 650 615 610
14 Matthew K O Lee 54 17198 2202 1287 945 892 576
15 Paul K.S. Lam 69 17104 425 397 383 337 333
16 M Xie 65 17067 784 656 490 371 368
17 Jun Wang 75 16831 561 489 384 323 240
18 Kwai Man Luk 65 15956 867 660 480 378 335
19 ZHI Chunyi 67 15599 1141 862 729 497 443
20 Cong Wang 29 15160 2294 1920 1573 1188 1153
21 Dirk U. Pfeiffer 59 14454 1338 431 411 389 329
22 Qingfu Zhang 46 13842 2832 1207 1074 751 573
23 Hong Yan 57 13380 600 449 377 326 264
24 Feng Wang 35 13334 2100 2033 1123 1042 1039
25 Chak K. Chan 53 13280 1647 1052 610 550 486
26 Henry Chung 62 13034 1271 298 294 266 252
27 Sam Kwong 49 12995 2122 873 868 581 394
28 Hampson DJ 60 12850 858 649 475 249 242
29 Jingdong Luo 60 12737 1936 499 360 336 322
30 Johnny C L Chan 55 12418 1770 771 684 456 413
31 Ruiqin ZHANG 50 10721 661 590 449 391 312
32 Sai Tak Chu 50 10695 1675 715 461 424 374
33 Quan Xue 54 10682 505 425 312 231 186
34 Xiaohua JIA 52 10654 760 443 333 276 242
35 Mengsu Yang 56 10551 489 268 240 233 210
36 Kay Chen Tan 51 10487 380 337 329 326 310
37 ISTVAN T HORVATH 44 10259 1550 921 768 572 556
38 Kenneth Kam-Wing Lo 57 10102 1052 346 299 276 271
39 John Flowerdew 50 10004 654 459 390 359 345
40 Brian K Boyd 36 9930 1095 1071 923 833 619
41 Wallace KS Tang 41 9872 1145 989 873 447 427
42 Li Ping 37 9864 790 335 178 177 177
43 Qing Li 43 9634 446 201 155 155 151
44 Frank  Chen or Youhua Chen or Youhua (Frank) Chen 35 9554 2227 521 253 212 185
45 Jian Ma 50 9305 397 360 328 273 255
46 Zhilin Yang (楊志林) 36 9110 1940 889 636 636 552
47 Peter K N Yu 41 9049 366 327 244 206 204
48 Chong-Wah Ngo 48 9012 810 683 366 317 263
49 K S Chin 53 8984 414 299 297 281 240
50 Chi Chan 48 8879 1153 312 231 137 127
51 Duan Li 43 8846 864 771 474 201 194
52 Y C Chan 50 8731 180 176 172 169 163
53 LIU Wenyin 46 8587 291 236 198 196 195
54 Tao Luo 42 8391 1836 706 289 282 240
55 Dong Sun 48 8241 234 228 201 197 188
56 Duncan S. Wong 51 8209 904 309 281 233 220
57 Hing Cheung So 44 8027 457 397 241 178 173
58 Lusheng Wang 41 7644 1059 480 291 237 231
59 Moshe Zukerman 45 7461 214 207 178 177 168
60 Christian Wagner 37 7236 500 449 417 382 353
61 Robert M. Davison 42 6927 852 752 294 265 240
62 Johnny C. Ho 38 6837 946 825 525 336 325
63 Yun Wah Lam 35 6819 1049 1003 414 385 335
64 Tommy W S Chow 42 6418 267 220 191 176 165
65 Yue Ma 34 6402 2043 489 365 338 239
66 He Xiaoqiao 41 6049 353 347 340 329 322
67 Lai Man Po 33 6039 2102 515 236 226 204
68 Kwok W. Leung 39 6037 874 180 143 121 120
69 Juan Antonio Zapien 40 6025 666 334 327 267 188
70 Wen Jung LI 39 5988 280 206 166 145 137
71 Chuangyin Dang 37 5830 490 451 297 291 194
72 Richard CM Yam 37 5797 558 432 390 377 370
73 Peter W. Tse 35 5634 627 479 441 370 225
74 Zhengkui Xu 40 5617 314 214 197 177 153
75 Maris G. Martinsons 35 5545 852 751 332 243 199
76 Jonathan C.Y. Chung 42 5139 182 131 131 108 105
77 Vellaisamy A. L. Roy 34 5091 479 361 221 220 206
78 J Leon Zhao 31 4917 875 312 213 206 135
79 Chi-Yin Chow 32 4864 1236 550 281 194 175
80 Horace H S Ip 33 4831 359 243 238 199 151
81 Zhang Lin 38 4826 481 337 280 185 179
82 Richard Y K Fung 34 4737 233 218 177 167 154
83 Ricky Fu 33 4731 464 439 155 131 124
84 Antoni B. Chan 29 4715 978 565 345 241 215
85 Hajime Hirao 38 4686 356 272 255 167 147
86 Lindsay Miller 27 4374 1313 654 345 221 149
87 R K K YUEN 35 4236 171 162 122 82 79
88 Kaili Zhang 36 4197 460 328 216 133 131
89 William P Wan 17 4200 1612 670 351 305 253
90 Xun-Li Wang 35 4146 287 190 181 112 95
91 Chenting Su 25 4089 866 340 307 273 250
92 Gerhard Hancke 35 4066 524 263 257 201 199
93 Sherry X. Sun 30 4009 233 213 141 137 105
94 Sai Wing TSANG 31 4000 844 264 258 207 163
95 Kai Lim 29 3923 403 295 265 262 252
96 Chau-kiu Cheung 31 3804 247 171 168 125 96
97 Choon Ling SIA 24 3777 797 403 315 265 262
98 K F Fong 34 3645 337 318 185 179 119
99 Yulin FANG 27 3622 317 242 234 200 195
100 Wei-Zhen Jane LU 31 3610 481 348 174 120 111
101 Zuankai Wang, 王钻开 29 3601 348 299 228 221 188
102 Jianping Wang 32 3522 167 152 149 147 128
103 Rynson W H LAU 31 3522 250 211 154 131 100
104 Wing-Kwong (Ricky) Chan 34 3515 310 180 133 115 101
105 Sammy Chan 33 3381 167 144 137 115 110
106 Chin-Chuan Lee 28 3343 368 211 157 141 140
107 zhang xiaoling 29 3323 384 175 150 132 98
108 HY Sun 30 3312 355 158 150 146 122
109 Samuel M.Y. Ho 31 3288 357 151 148 145 130
110 Shu-Hung Leung 29 3285 243 169 160 140 138
111 Jonathan J. H. Zhu, Jian-Hua Zhu, 祝建华 26 3272 529 280 275 237 139
112 Martin John PAINTER 31 3245 237 193 184 158 137
113 Chee Wei Tan 30 3238 642 397 119 110 98
114 Lm Cheng 19 3222 1558 253 134 112 112
115 Hau-San Wong 30 3181 489 151 129 104 98
116 Lai, Alvin 29 3094 471 337 271 228 121
117 Xiao Dong YUE (岳晓东) 27 3068 377 234 192 185 159
118 Denis Y.W. Yu 25 3055 309 292 271 257 247
119 Jason Xue 27 3008 147 119 86 68 64
120 XiaoHu Wang 25 2930 377 341 254 231 186
121 Chi-Chiu Ko 28 2864 270 214 165 144 140
122 Carol Sze Ki Lin 29 2805 404 191 130 123 108
123 Jian YAN 11 2702 587 450 418 386 280
124 jing zhu 26 2680 300 229 186 175 151
125 Weiyin Ma 23 2535 529 170 150 119 112
126 Chi Wan Sung 24 2524 195 164 155 146 110
127 Steve Hang Wong 28 2525 234 227 123 98 81
128 Ron Chi-Wai Kwok 21 2501 466 441 233 130 99
129 NG Tsz-Wai 30 2497 214 110 104 91 90
130 Alan Wan 22 2428 576 222 128 123 114
131 Xiong Wang 23 2414 201 176 120 117 104
132 William Case 25 2397 339 210 190 107 106
133 Wang Xin 19 2382 766 420 271 99 97
134 Yu Wang 28 2303 181 107 95 91 90
135 Lin Dai 26 2297 194 170 152 125 112
136 Hon Yeung Cheung 27 2280 159 139 122 121 110
137 Tak Yan LEE 26 2206 162 151 140 66 63
138 Yum K Kwan 15 2182 1454 185 65 53 41
139 Kiwon Ban 12 2158 886 482 238 192 89
140 Zonglong Zhu 23 2165 341 289 163 147 99
141 Wing Hong Chui 23 2120 412 158 83 68 59
142 Hongbo Fu 26 2076 146 143 120 107 107
143 Kam-Yiu Lam 23 2036 102 91 70 60 56
144 Mark Richard Thompson 21 2002 337 189 129 122 97
145 Lidai Wang 24 1954 210 115 113 104 90
146 Haibin Yang 15 1952 406 335 253 158 154
147 Ya Yan Lu 25 1940 79 75 72 66 55
148 Sidney C.M. Leung 14 1937 779 382 174 151 64
149 Chun Wu 27 1873 176 133 118 108 107
150 Howard Leung 24 1869 182 102 98 70 68
151 Nancy Xiaonan Yu 19 1847 506 272 158 118 91
152 Ray C.C. Cheung 22 1837 213 108 102 93 77
153 Patrick K. H. Lee 24 1831 165 137 131 131 116
154 Ruquan Ye 16 1789 313 229 175 163 162
155 Weiquan Wang 15 1781 570 309 230 170 170
156 Hau Ping Chan 23 1777 106 82 56 55 41
157 Masaru Yarime 22 1764 203 157 155 155 86
158 Lo Ming-Fai 24 1759 214 140 90 78 74
159 Julian Lai 21 1723 192 151 144 136 116
160 Charles Leung 21 1701 304 103 86 83 63
161 Xin Li (李昕） 21 1700 289 127 107 107 100
162 Hong (Henry) Xu 21 1642 185 136 120 120 120
163 King Wai Chiu Lai 21 1641 137 61 57 49 46
164 Marko M. Skoric 17 1627 284 239 186 134 125
165 Bharat Hazari 19 1625 191 179 105 102 87
166 Terence Cheung 15 1624 515 236 169 100 83
167 Lu Liu 21 1582 139 119 91 89 75
168 Ruiping Fan 19 1577 234 141 136 101 70
169 Alan K H Yeung 14 1575 605 442 49 43 38
170 Rebecca Chin 18 1541 219 210 144 131 116
171 Chunyu Kit 23 1535 132 97 90 80 66
172 Bernard Chiu 16 1523 749 649 84 75 69
173 Hongyan Sun 24 1501 89 76 69 66 65
174 Ting Gong 20 1498 158 151 129 119 60
175 Heng Choon (Oliver) Chan, Ph.D. 25 1449 110 98 63 53 52
176 Manfred Lau 14 1434 421 177 132 113 104
177 Shiqi Wang 王诗淇 21 1431 118 88 65 63 55
178 Wenlong Jia 9 1429 544 279 231 129 97
179 Alex Ivanov 6 1427 598 568 206 16 11
180 Dong WANG 19 1410 157 139 123 112 82
181 Qi XUE 18 1407 287 146 119 106 94
182 Xin Gai 19 1402 138 113 111 106 104
183 Eric Wai Ming LEE 20 1399 291 100 89 79 76
184 Longxi Zhang 15 1397 204 166 157 131 73
185 Oscar Kin Chung Au 18 1376 439 107 101 86 81
186 Stella Yiyan LI 13 1373 412 321 115 93 74
187 Han Shi 19 1370 254 239 103 103 77
188 Yanzhi Li 13 1353 692 156 115 55 53
189 Michael Doube 14 1349 799 75 67 62 55
190 Yang Lu 18 1341 295 158 83 65 63
191 Paul S. Hempel 15 1320 290 140 111 106 102
192 Christoph Schneider 15 1300 270 210 167 136 80
193 Dr T.Y. Lee 21 1294 162 151 66 63 60
194 KF Tsang 17 1290 72 65 64 40 38
195 Kin-Kit (Ben) Li 18 1267 175 163 127 92 75
196 Nelson Sze-Chun Chan 21 1262 145 124 100 100 65
197 Shum Kam Man 18 1255 312 78 69 69 62
198 June Wang 9 300 79 54 32 25 23
199 Rosa H. M. Chan 15 1248 146 131 104 103 87
200 Shuai Cheng Li 15 1246 239 129 97 76 74
201 Chris king-chi Chan 17 1224 246 160 114 99 90
202 Lam Raymond H. W. 13 1209 254 151 103 101 99
203 Jiangang Shu 6 1190 555 508 31 31 27
204 Ivan W H FUNG 16 1180 227 126 119 110 101
205 Dr. Kevin Downing 17 1161 181 98 81 76 73
206 Joshua E-Y Lee 19 1120 83 69 63 58 55
207 Richard Allen 15 1118 216 181 90 78 66
208 Yung Yau 18 1103 70 62 42 39 37
209 Chi-Kit SIU 22 1084 55 54 48 46 45
210 Alex Chengyu Fang 12 1062 387 127 79 57 30
211 Ngai Ming Yip 18 1061 101 97 73 62 50
212 Stella Li 8 1033 412 321 115 74 40
213 Dannii Yeung 17 1031 161 75 69 60 55
214 Zijun Zhang 17 1031 133 97 87 84 44
215 ming kang 16 1020 181 152 87 72 61
216 shi jiahai 19 1017 120 110 88 77 63
217 Shiu Yin Yuen 17 1014 168 66 48 42 41
218 Yanto Chandra (蔡振榮) 13 1008 299 144 135 78 74
219 Zhao Mingbo 19 1007 165 58 56 47 42
220 Tetsuro Kobayashi 15 1001 175 91 71 64 64
221 Dr. Sun Yongjun 19 997 119 76 62 57 39
222 Heng Lian 18 973 52 46 37 36 33
223 T Wing Lo 17 972 125 72 52 36 29
224 Wan-Ying Lin 13 972 401 118 91 58 47
225 AML Chong 16 971 169 151 89 59 44
226 Junhui Wang 12 966 223 181 84 71 67
227 Li Zhou 16 959 137 84 67 56 56
228 Marcus Yu Lung CHIU 13 959 285 179 66 61 56
229 Chaoping Liu 13 946 188 160 99 96 64
230 David Xu 12 947 289 227 178 70 48
231 Ki Joon Kim 16 941 133 109 77 58 55
232 Yung-Kang Peng 12 940 275 182 110 100 54
233 Ting-Hsuan Chen 14 936 147 71 69 69 61
234 Xufei MA 15 934 140 110 101 100 93
235 Surya Deva 14 930 151 140 77 64 60
236 M jamesh 13 906 157 115 112 70 70
237 Gongsheng Huang 20 902 53 51 39 32 31
238 Federico Ferrara 11 888 220 188 182 67 62
239 John Bola 13 884 167 162 74 74 56
240 Biying Shou 16 879 122 91 90 77 72
241 D.M. Li 14 875 112 110 87 86 84
242 Linda Chelan Li 李芝蘭 16 861 147 117 62 58 54
243 Christoph A. Hafner 12 859 257 149 99 63 45
244 Chan, Alice Y.W. 16 855 205 106 67 34 28
245 Catherine K Lam 12 852 141 132 122 108 69
246 Feixiang Ma 马飞翔 10 852 224 184 159 104 60
247 Xigen Li 15 847 160 81 66 51 46
248 Abhijit Pramanick 15 843 195 61 59 57 56
249 Andy H F Chow 16 834 119 52 51 46 42
250 Andy Chun 15 830 66 61 58 50 48
251 Michael C S Wong 14 821 186 110 57 51 49
252 Pakpong Chirarattananon 11 818 468 58 52 46 33
253 Zhao Zhang 張召 18 816 58 56 47 42 38
254 Dennis Wong 15 816 100 98 72 66 42
255 Guofa DONG 15 816 174 99 71 66 39
256 Hon Wai Chun 15 808 66 61 58 50 48
257 Li Hongfei 15 796 119 106 94 90 44
258 Chun Kit Kwok 14 789 351 69 69 42 32
259 Chak Fu Lam 10 779 173 146 102 71 64
260 S W  Leung 16 777 53 52 46 45 42
261 Denvid Lau 15 774 84 78 51 41 34
262 Alicia, Kyoungjin An 16 758 178 66 48 44 41
263 Xueping Wu 14 748 149 98 90 54 40
264 Yep Ray 13 723 182 87 77 26 24
265 Shafiq.I 11 718 191 114 92 66 54
266 Raymond K H Chan 16 713 57 47 34 33 31
267 Zifeng WANG 13 700 146 119 94 71 44
268 Kostas Senetakis 13 696 68 46 44 42 42
269 Sarana Nutanong 12 688 128 75 60 58 52
270 Ng Siu Pang 13 683 200 55 55 41 39
271 LIN Qiuzhen 16 682 70 62 56 53 42
272 Crystal Li Jiang 蔣莉 10 677 178 107 102 91 69
273 Bill Taylor 9 675 243 116 71 70 35
274 Nicholas Thomas 13 675 244 63 39 35 35
275 Raymond K H Chan 15 673 57 47 34 33 31
276 John Lee 15 668 77 57 56 50 39
277 Weifeng Qiu 15 668 115 67 53 39 34
278 Yudai Matsuda 14 641 112 68 57 55 51
279 Bart Wissink 13 641 72 58 52 50 49
280 Junhua LUAN (栾军华) 13 636 120 86 49 49 43
281 Qi-Jun Sun 14 636 127 46 42 42 40
282 Xin (Sunny) Wang 15 626 71 66 61 54 48
283 Jia-Dong Zhang 12 617 109 99 84 49 43
284 Kwok Sylvia 14 615 121 45 39 34 34
285 Long-Biao Huang 14 608 103 43 41 40 34
286 Xiaosheng Zhuang 14 606 107 77 69 40 36
287 Jinfeng Zhang 15 604 74 60 53 52 42
288 Yajing Shen (申亚京) 16 599 34 29 28 27 26
289 Jacky Wai Keung 8 601 158 151 118 48 38
290 Kwan Becky siu chu 10 574 258 58 39 36 34
291 Hailiang Chen 9 572 359 59 41 30 21
292 Zheng Lu 9 571 314 83 31 26 25
293 Yaxuan Qi 8 569 186 156 66 44 38
294 Yang Xiaofeng 12 570 169 65 28 23 21
295 Ka-Man Wong 14 558 84 59 43 40 37
296 JUNG-HOON LEE 11 558 96 69 68 65 50
297 Alex M. H. Wong 12 555 92 85 63 58 46
298 Ruitao Xie 6 552 333 101 45 27 22
299 Sijin Li 9 546 99 94 93 93 77
300 Dr. Chen Bao-jie 15 537 47 39 31 27 27
301 Jeff WT Kan 11 524 116 88 47 45 32
303 Cheuk Lun Chow 14 520 50 34 34 33 22
304 Chan, Ho-Yin 10 518 137 137 76 55 55
305 'Chris' Fei Shen 沈菲 13 517 102 60 42 25 22
306 Dr. Zhen Liu 11 513 94 78 65 55 54
307 Aiwu Wang 14 513 40 38 38 35 34
308 Toby Carroll 12 513 110 57 40 39 31
309 MA Longtao 13 512 82 65 61 40 32
310 Li Yan 13 499 60 42 42 41 40
311 Chun-Kwan (Clifton) Tsang 13 485 86 58 44 37 36
312 Tengyu Liu 13 484 60 39 37 35 34
313 Qi BAO 10 480 250 52 35 20 19
314 Yixuan Yuan 11 475 134 58 37 33 33
315 Xiaofang Hu 14 472 76 50 42 25 23
316 Yuanhang Cheng (程远航) 12 465 114 66 46 44 38
317 Chenwei Cao 12 463 51 51 48 44 43
318 Christopher Cheng 10 462 98 78 66 46 28
319 Jyh-Pin Chou 13 450 42 39 39 34 29
320 Jared J. Hou 14 449 54 52 49 38 36
321 Tsz Him Kwan 6 442 191 65 56 52 26
323 Jie Zhong(钟杰) 8 432 118 86 76 38 33
324 Jin(Eric) Shang 12 433 115 33 32 32 31
325 Dennis Amelunxen 9 430 205 89 26 24 17
326 Shun Zhang 11 418 66 62 62 42 27
327 Lan Zhao 6 416 227 54 52 34 32
328 Stephan Ortmann 8 414 87 70 70 41 37
329 Jian Lin Chen 9 405 154 117 26 22 22
330 Ho-Wa Li 10 400 114 66 36 17 17
331 Xuyuan Xu 11 397 50 48 41 34 27
332 Chung Tin 12 387 97 63 37 24 16
333 Linfeng Huang 9 382 115 80 71 28 27
334 Yu Wang (王宇) 9 379 145 44 37 30 29
335 Wenjuan Li 11 379 38 34 21 20 19
336 Cheng Wang 9 379 117 72 39 31 28
337 Kim-Ming Lee 10 377 89 56 38 26 21
338 Chih-Wei Hsieh 9 369 60 59 56 47 33
339 Wing-Cheong (Jon) Lo 9 368 90 85 56 32 19
340 Miu Ling Lam 10 366 134 40 32 21 14
341 Ayoung Suh 10 359 71 43 33 32 22
343 Wanxin Li 李万新 9 341 138 30 28 26 25
344 Wen-Cheng Chen 10 335 59 53 42 38 28
345 Vikas Kakkar 10 333 75 48 31 28 21
347 YE, Shengquan Sam 11 334 87 55 31 30 20
348 ZHAO Yanhua 9 326 72 66 49 39 29
349 David Junhui Hou 10 322 78 21 17 16 15
350 Jiayu Chen 9 319 96 30 27 19 18
351 Pierre Nolin 8 319 94 64 41 29 22
352 Tianying Sun 11 317 58 57 27 22 20
353 Fen Lin 11 316 37 37 35 25 20
354 Jie Zhang 8 305 91 84 24 24 20
355 Xiuwen Xu 11 298 42 37 36 29 18
356 Alvin Leung 9 296 65 54 35 30 22
357 Shubo Wang 9 296 108 40 28 24 17
358 CIA HIN LAU 7 295 73 66 50 31 27
359 Tao Li 10 287 76 30 28 24 19
360 June Wang 9 283 79 54 32 25 23
361 Ioannis Magouras 8 280 69 68 53 22 21
362 Guobin ZHU 9 275 74 58 25 18 11
363 Litong Feng 9 272 50 34 27 27 24
364 Wenjun Xiong 6 272 86 76 41 38 10
365 Zhe Jia 9 267 46 42 36 28 25
366 Xuan S. Tam 8 265 90 47 25 25 25
367 Xinrui Niu (牛鑫瑞) 9 264 44 23 22 21 18
368 Wing Chung Ho 9 262 35 20 19 15 15
369 Reuben Mondejar 8 263 64 52 42 29 21
370 Guangwu Liu 7 257 73 38 33 27 25
371 Yetta Wong 8 256 75 53 34 30 12
373 May Bo Ching 8 254 48 31 21 14 11
374 kai xu wang 6 256 73 58 39 21 21
375 Chong (Alex) Wang 7 253 54 47 35 31 29
376 Sam Hsien-Yi HSU 10 251 53 53 31 25 18
377 Shiai Zhu 8 250 40 39 39 26 20
378 Wenfeng Hu 6 250 162 41 38 11 8
379 Wenzhong Zhou 9 241 63 27 19 17 14
380 Guo Luo 8 241 60 49 38 29 14
381 Tina Louisa Rochelle 9 237 40 23 22 21 20
382 Benjamin Iaquinto 7 237 75 63 21 18 16
383 Charlie Q. L. Xue  薛求理 8 237 73 27 23 14 13
384 Yawen Zhan 7 233 108 36 21 19 17
385 Ke Cao 9 231 39 33 31 27 22
386 Zhigang Deng 7 230 70 51 24 18 14
387 Carolin Fuchs 7 228 59 36 19 16 14
388 Marcus H. Y. Leung 8 228 49 45 36 26 18
389 Qiwen Qiu 11 228 25 20 20 19 17
390 Kai Xu 9 223 72 27 24 22 13
391 TAN Yi 8 222 45 44 23 22 21
392 Brad Williams 9 219 38 28 27 17 16
393 Yi Lu 9 213 34 26 23 22 20
394 Hongti Zhang 5 210 82 37 31 11 6
395 JIAXIN GUO 7 208 66 44 26 18 17
396 Xiang Zhou 8 201 58 24 21 20 20
397 Yuming LI (李宇明) 7 199 50 34 27 24 16
398 Congduan Li 7 194 71 19 17 17 13
399 Maggie Chuoyan Dong 8 194 41 40 29 26 15
400 Xudong Lin 6 194 60 31 28 25 20
401 LU, Kai 7 193 74 46 16 16 15
402 Eric Siu Chung Lo 4 193 112 50 22 6 2
403 Linda C Wang 7 190 44 43 39 19 16
405 Jieke Jiang 7 187 57 36 35 16 14
407 Renjie Wei 6 186 66 57 25 11 11
409 Guangfu Wu 6 182 53 42 28 19 15
410 Ze-lin Zhu 8 181 53 38 21 21 12
412 Xie YUEMIN 7 180 76 14 13 12 12
413 Hao Ran Chi 7 178 64 40 12 12 10
415 Ao Zhou 9 175 41 25 20 18 17
416 Yang HaoKun  (杨浩坤) 7 170 58 36 22 19 10
417 Jicong Fan 7 169 52 44 12 12 12
418 Dan Dai 8 166 25 24 21 19 18
419 Zechuan Yu 9 164 41 17 15 15 12
420 Matthias HY Tan 7 165 45 14 13 10 9
421 Damien Charrieras 4 162 122 7 6 4 4
422 Jun-Ping ZHUANG 7 162 63 25 24 15 9
423 olli tapio leino 7 159 31 24 22 21 12
424 Ching-Pong  AU 3 159 140 9 7 3 0
426 Linqi Song 6 155 57 30 12 11 7
427 Srikant Marakani 9 154 27 16 16 16 12
428 Gavin Xiaoxu Yao 7 153 77 23 16 14 9
429 Gao Libo 7 153 31 31 12 11 10
430 Genghui Li 6 152 53 28 26 14 10
431 Song-Sui LI 6 150 58 35 25 11 9
432 Xiaoguang Liang 7 148 23 21 20 19 17
433 Hui-Fang Chen 陳慧芳 7 146 31 28 22 20 12
434 sasan ghashghaie 9 146 45 15 13 13 12
435 Shauhrat S. Chopra 6 146 59 35 14 11 9
436 Samuel Adjorlolo 8 146 30 20 18 12 12
437 Kazuki Doitomi 8 145 43 15 15 13 13
438 Hrisheekesh Thachoth Chandran 6 146 66 17 16 8 7
439 Harald Kraemer 7 144 35 21 15 10 9
441 Lei Pang 7 143 26 18 17 16 15
442 Jörg Nowak 6 142 33 33 22 16 14
443 Lei Chen 7 141 34 20 19 9 9
444 Ruihong Zhang 7 141 37 30 18 15 11
445 Alan Fong M.L 5 141 55 36 15 15 11
446 Mei Yang 7 141 38 28 16 16 12
448 Jinghua JIANG 5 132 35 33 24 18 11
449 Sabrina YN Jiang 5 132 68 26 14 14 5
450 Qinfeng Zhu 6 131 76 14 13 11 10
451 Anliang Cai 7 131 57 16 14 8 8
453 Fiona Kong 3 130 105 13 7 2 2
454 Wenhui Wang 6 125 22 15 13 13 11
455 Biao Min 4 125 93 16 7 5 2
457 Fanling Meng 8 122 22 14 14 12 11
458 Alice Tai 5 122 49 30 24 7 6
459 Pei Huang 5 122 39 32 30 7 7
460 Kening Zhu 6 119 24 10 9 8 8
461 Ákos Kenéz 6 119 26 23 17 13 10
462 Xu Han 6 119 57 22 13 7 7
463 Lishuai Li 5 117 44 22 13 13 7
464 Zhixing Luo 6 115 25 20 19 16 12
465 WEI Likun 6 114 28 16 15 14 12
466 陈长玖 Changjiu CHEN 4 114 45 39 17 4 2
467 Jack Pun 6 113 31 25 14 13 8
468 Si LAN 6 113 17 17 15 15 9
469 Agata Rakowska 6 113 50 18 11 9 9
470 Fung, A. L. C. 6 112 23 19 13 10 10
472 Patrio Chiu 5 108 55 8 7 6 6
473 Anne Peirson-Smith 6 107 26 18 14 14 8
475 Tao Luo 5 106 24 21 14 8 5
478 Lei Liu (刘雷) 6 105 32 19 15 14 13
479 Inez Zwetsloot 6 105 44 14 10 9 8
480 AKINSANOLA AKINTOMIDE AFOLAYAN 6 104 33 13 13 7 6
482 Linfeng Zhang 5 102 30 22 17 13 8
483 Lin Zhang 7 100 18 17 12 12 12
484 Eric Evans Osei Opoku 5 98 34 25 21 6 5
486 Ligang Sun 4 96 56 10 9 9 3
488 Roger Y. Chao Jr. 4 94 30 17 15 6 4
490 Wen Qi 4 93 36 35 6 4 3
491 Junyang Li 6 92 23 11 10 10 10
492 Thushari Silva 6 91 22 19 12 10 10
494 Yifeng Zheng 5 90 33 19 11 9 7
495 Felix Yang Lou 6 88 13 10 10 8 8
496 Jing Wu 4 87 35 24 16 9 1
498 alain guilloux 5 86 30 19 15 11 9
499 Jian Song 5 86 31 8 7 6 6
500 Wei WU 5 86 34 16 13 12 6
501 bo miao 4 85 33 25 15 5 3
503 Daniel Garrett 4 78 21 19 14 10 4
504 Jingjing Chen 5 84 50 8 6 6 5
505 Yun-Long Hou 3 84 65 9 8 1 1
506 Lili LIU 5 83 22 18 7 6 5
507 Yi-Jie Lu 5 80 26 11 7 7 5
508 Hainan Chen 4 79 43 7 6 4 4
510 Jun Ye Jin 6 77 14 13 8 7 7
511 Hau Lin TAM 6 76 27 12 8 8 6
512 Yu-Hsin Lin 4 76 32 13 6 5 4
514 Changjiang Jia 6 75 15 11 10 8 8
515 Yimin Chen 5 74 22 16 15 7 5
516 Huali Hao 5 74 41 15 7 5 5
517 Nilanjan Roy 5 73 22 18 11 9 5
518 Drew R. Peterson 5 73 18 16 9 7 6
519 Kwabena Ebo Bennin 4 71 14 9 7 5 4
520 Wei Fan 樊薇 4 70 42 11 6 5 2
521 Wei GAO (高伟) 5 70 12 11 7 7 5
523 Tengyuan, ZHAO 5 69 22 11 11 7 5
526 Liangqiong Qu 5 66 19 14 12 11 8
531 Wei Xiang 4 63 25 11 6 4 4
532 Linda Chiu Han Lai 4 62 33 10 7 6 2
533 Qi Liang 4 61 27 11 11 5 4
534 Qiao Li 4 60 27 12 8 5 4
535 Weiguan Zhang 4 59 22 19 7 4 3
536 Yaru Fu 5 58 17 11 10 7 5
537 Peng Liu 5 57 16 14 6 6 5
538 Jianglin Huang 3 59 39 6 3 2 2
539 Bin XUE 3 57 20 18 7 3 3
541 ZHOU Pei 3 56 26 22 4 2 1
542 Shazia Farzana 4 56 22 11 5 5 4
545 zewei ma 4 54 17 8 7 7 4
546 Beverly H.K. Po 4 53 16 12 9 5 3
548 Guangyu QIU 邱 广宇 5 52 14 9 8 8 8
549 Dia'aaldin Bisharat 3 53 23 14 11 3 1
552 chenchen jiang 4 48 31 5 5 4 1
553 QingLe Zhang 3 47 18 17 5 5 2
554 AS Ademiloye (Adesola Samson ADEMILOYE) 5 46 11 8 6 6 5
557 Hanyu XIAO 3 44 20 7 4 3 3
560 Hao Zhang (张浩) 5 44 11 7 7 5 5
561 Andra le Roux-Kemp 4 44 8 6 5 5 4
562 Xiongyi LIANG 3 43 23 13 4 1 1
564 Chenyun Yu 4 43 10 9 9 4 4
570 Wei Jian 4 41 16 8 6 4 3
571 Dani Madrid-Morales 4 40 13 6 5 5 4
574 Joanna Mansbridge 4 39 16 7 7 6 1
575 Liang Guo 5 39 8 8 7 5 5
576 Guanxiong Huang 3 38 18 10 5 3 1
577 Zhen Li 3 37 14 12 4 3 2
578 Yang FU 3 37 22 9 3 1 1
579 Linwei ZHU (朱林卫) 5 36 8 6 6 5 5
584 Jiandong (Jadon) Zhou 4 35 12 10 7 4 1
587 Wei Wang 3 35 14 7 6 3 2
589 Solomon Mensah 3 34 14 4 4 3 3
591 Abid Ali 3 33 18 5 4 2 2
594 Ding Chunyan 3 30 10 6 5 3 2
595 Diego Busiol 3 30 7 4 4 3 3
599 John Lowe 3 29 7 5 3 3 3
602 屈大成 2 28 8 3 2 2 2
604 Liping Wei 3 27 10 5 4 3 3
608 Dr. Tianxiang He 3 26 7 5 4 3 2
611 Clara Ho-yan Chan 3 25 6 5 4 3 3
613 Junqi WANG 3 24 12 12 5 3 2
615 Xiujie Zhao 3 24 8 8 3 2 1
617 Siu-On Kwan 2 23 16 6 1 0 0
621 Hou Zhang Ju 侯张聚 4 22 6 5 4 4 2
622 Mateja Durovic 2 22 12 3 2 2 1
629 Samson Young 2 20 12 6 1 1 0
632 Eugenia Sangmie Kim 2 19 10 7 2 2 0
634 Eric Sandberg 3 20 11 3 3 1 1
638 Oladokun Majeed Olaide 3 18 5 3 3 2 2
639 Jingxian Wu 2 18 6 3 2 2 1
640 Noam Zamir 2 18 10 4 1 1 1
641 Olalekan Shamsideen Oshodi 2 17 5 3 2 2 1
651 Yajuan Du 3 16 4 4 4 2 1
655 Birgit Bunzel Linder 2 15 7 5 1 1 1
656 James Buchanan 1 15 15 0 0 0 0
658 Yiu Tsang Andrew LOW 2 14 6 2 1 1 1
665 Dr. Yiyang Bian 2 14 8 3 1 1 1
670 Daniel Pascoe 2 12 4 4 1 1 1
675 郭鵬飛 1 12 11 1 0 0 0
676 Peter Ze Zhu 1 11 7 1 1 1 1
679 Pok Yin S Chow 2 10 6 4 0 0 0
685 Tunde Ogundele 2 8 3 2 1 1 1
688 Temitope  Olumide Olugbade 2 8 3 2 1 1 1
713 Jojo YC Mo 1 3 1 1 1 0 0
