Lewis Cantley 190 153583 7174  5395  4807  3893  3004
Deborah Estrin 125 116212 7733  6185  5634  4557  3981
Steven H. Strogatz 75 86962 36706  10161  7632  3573  2620
Charles Van Loan 46 81415 61941  1900  1858  1503  1492
Fernando Martinez 117 77425 9305  5155  4159  4080  3989
Jon Kleinberg 97 72817 11690  5561  3885  3502  2514
Nicholas Eggert 118 70677 17682  17216  4770  3889  3763
Mark A Rubin 125 67804 3347  2300  2200  1840  1408
John Blenis 102 55824 6125  2265  1826  1453  1411
Thorsten Joachims 62 54078 9299  7903  4093  3018  2180
Robert Howarth 86 52925 5772  5221  3586  3075  3027
Johannes Lehmann 96 50463 2489  2162  2124  2053  1793
Fred W. McLafferty 105 50244 3580  2361  2040  1961  1696
Stephen B Pope 83 49851 11646  9482  2815  1584  1127
Scott D Emr 124 49612 2990  1254  1238  1206  1198
Costantino Iadecola 106 46904 3936  1736  1669  1662  1200
Paul McEuen 81 46700 3276  2456  2176  1944  1939
Otto F. Kernberg 93 46316 6794  2991  2500  1748  1146
Jeff Doyle 74 44453 15080  10666  993  792  750
Emmanuel P. Giannelis 89 43719 4203  1770  1601  1592  1587
S McCouch 101 42651 2129  1757  1673  1594  1335
David Lodge 85 42390 7106  5526  2858  2577  1844
Darrell G. Schlom 92 41223 5008  1927  1566  1528  1525
Serge Belongie 72 41030 6825  2663  2622  1790  1739
Robert Buhrman 75 37946 10430  2108  1921  1892  1582
Dale E Bauman 99 37407 1655  1184  974  745  639
Stephen J. Ceci 80 37359 3218  2666  1925  1388  1372
Edward Buckler 77 37161 2463  2285  2150  1213  1152
G. Peter Lepage 82 35700 3820  2882  1818  1400  1396
Joseph Halpern 82 35665 4767  4767  1611  1428  1424
gary w. evans 90 34999 2102  1530  1496  1047  973
Daniel Huttenlocher 67 34502 5455  4076  2295  1995  1842
Kendall A. Smith 73 34323 3908  2545  1886  1749  1299
Ramin Zabih 34 34316 8171  7364  3678  2560  2045
Trevor Pinch 59 32944 6187  5136  2951  1689  1678
Fred Maxfield 96 32821 1736  1595  1036  786  708
zhaoping liu 72 32741 690  586  351  312  306
Holly Prigerson 86 32699 4301  1542  1167  1027  997
Hector D. Abruna 94 32627 2176  917  902  710  631
David A Muller 81 31968 1904  1398  1290  1177  1078
Zygmunt J. Haas 73 31671 3717  2142  1815  1147  1113
Jonathan Lunine 91 31418 1360  782  764  708  691
Daniel Ralph 78 30790 2176  2108  1921  1582  1441
Maureen OHara 56 29881 2752  2665  2520  1975  1637
Thomas Gilovich 68 29704 3409  3096  1913  1733  1525
Ari Juels 76 29310 2093  1848  1664  1571  1207
Rui Hai Liu 64 29041 2226  1960  1904  1538  1415
Eva Tardos 62 28526 5561  2971  1943  1716  923
john lis 94 27870 1374  655  590  572  515
Ethel Cesarman 70 26701 5869  2721  1002  873  736
Emil Lobkovsky 82 26015 1134  1020  790  738  618
Jean-Pierre Habicht 81 25930 1100  963  890  855  843
Bart Selman 69 25763 1850  1303  1210  1193  1163
Frank Wise 74 25485 2413  1120  810  735  694
David Easley 46 25428 3460  2752  2520  1975  1637
Geoffrey W. Coates 77 24864 1227  1020  892  695  677
Ekta Khurana 25 24491 7250  6028  5276  1005  876
Stephen Wicker 47 24375 9037  2586  1823  1344  1051
Yao-Tseng Chen 78 24342 1598  1316  1237  867  786
William Trochim 54 24113 10503  1359  763  621  610
John F. Clarkin 77 23878 1176  1010  1003  973  721
Lang Tong 65 23838 1797  1345  955  891  698
Bruce van Dover 69 23830 2030  1184  1031  977  784
John Hoddinott 72 23819 1286  875  752  752  719
Anurag A. Agrawal 75 23786 2981  2981  1328  1282  608
David Ruppert 61 23742 3738  3173  1933  1131  922
Natalie Mahowald 76 22900 1799  1799  1229  1129  733
Y. Pierre Gobin 70 22774 1430  1313  1158  1122  891
Philip L-F. Liu 77 21935 875  586  586  454  423
Marcin Imielinski 40 21508 2969  2912  2258  1780  1423
Kenneth P. Birman 64 21366 1487  1415  1188  1042  1038
Drew Harvell 63 21201 4030  2158  1773  991  985
Victor Nee 48 21073 3785  2720  1567  1366  1009
Harel Weinstein 74 20956 1951  980  601  539  499
George Andrew Karolyi 49 20845 2256  1821  1275  1204  1155
Fred Schneider 61 20771 2325  1475  1390  993  981
Jean-Yves Parlange 73 20762 847  489  480  430  406
Sol M. Gruner 73 20705 930  761  671  551  460
Francine D. Blau 60 20685 2466  1488  970  959  758
C Brainerd 74 20448 1157  971  669  669  652
Martin R. Prince 70 20277 993  902  767  648  627
David J. Field 36 20188 5105  3332  3160  1669  1402
Gerard Smith 73 20161 1608  906  844  695  628
Roni Michaely 44 20043 2139  1652  1489  1263  1187
C. Y. Lee 67 19878 1232  1182  892  889  779
Kevin C. Nixon 56 19732 3538  2438  1406  990  792
Kin Fai Mak 38 19665 6709  1874  1175  1169  686
Richard Swedberg 57 19551 2538  1837  1554  918  837
Gautam Ahuja 18 19535 5702  2957  2217  2145  1914
Martin Wiedmann 77 19349 718  558  446  359  318
Terrence L. Fine 22 19291 16380  921  465  225  98
Jie Shan 39 19241 6709  2176  2176  1874  1175
John Helmann 78 19188 1064  548  467  435  403
Kaushik Basu 59 18666 3461  1772  1336  516  478
D.S. Wilks 41 18591 10592  772  770  471  463
Jean E. Sealey D.Sc. 84 18344 860  477  471  454  448
Sidney Resnick 62 18334 3480  1074  1063  634  521
David Gries 44 18041 2681  2354  1731  1338  1058
James Sethna 65 17997 2176  940  937  852  844
Jeffery Sobal 67 17936 2669  1001  639  574  408
T J Fahey 79 17820 487  452  451  402  334
Dexter Kozen 52 17588 2617  2121  2121  2121  2076
Daniel H Buckley 30 17472 13482  13482  422  396  350
Eswar Prasad 56 17454 1804  1040  858  814  718
Willam Fry 71 17228 931  497  473  447  390
Ross Welch 73 17155 1183  666  598  538  535
Monika Safford 58 17007 1411  1269  805  502  465
Anthony Shelton 65 16979 1591  891  585  565  439
Julia Goodrich 19 16923 11471  1840  777  735  457
Warren Zipfel 46 16890 3176  2413  1522  1193  787
William M. White 57 16888 1362  1274  1119  747  713
Wilfried Brutsaert 56 16808 4250  992  970  626  539
Thomas Seeley 65 16761 2069  1166  915  562  504
C.H.K. Williamson 50 16757 2837  1475  1149  1009  774
Robbert van Renesse 61 16695 1042  1038  906  700  664
Maria J Harrison 62 16526 1287  1064  763  731  627
Gurmeet Singh 52 16511 936  305  214  201  192
Lawrence M Kahn 54 16473 1488  970  959  758  733
Ted O'Donoghue 26 16199 5347  2764  1456  1066  850
Claire Cardie 58 16110 2281  1379  755  702  676
Stephen Ellner 69 16081 771  725  680  538  507
Tsuhan Chen 62 16015 374  367  366  365  357
Angela E Douglas 64 15938 1061  869  600  492  484
Abraham Stroock 43 15922 3108  3026  966  818  765
Erik Thorbecke 50 15793 6702  630  485  359  316
Adam K Anderson 50 15383 1503  1030  1019  1007  895
Douglas D. Heckathorn 45 15370 3347  1701  1649  917  446
Suzanne Mahlburg Kay 61 15286 1181  786  573  505  445
Z Jane Wang 43 15228 523  449  428  380  295
Stephen C. Winans 55 15207 2622  1257  501  432  428
Richard Burkhauser 70 15179 766  662  480  461  344
Chris Xu 53 15028 2223  2088  1193  656  590
Lukas A. Mueller 41 15012 2258  2071  1591  1220  778
Morten H. Christiansen 61 14952 892  802  769  654  498
Carol Lynne Krumhansl 53 14922 2085  1041  1027  562  534
Bruce Turnbull 46 14921 3300  1782  1369  817  593
Prabhu Pingali 58 14919 688  604  527  513  496
Jery Stedinger 59 14751 1656  1353  1352  1257  970
W.R. Butler 56 14696 1385  822  619  613  555
Bruce Lerman 59 14684 1317  809  752  739  510
John Eckenrode 47 14611 1748  1314  873  744  601
Melissa Hubisz 35 14552 2192  1654  1066  961  827
Csaba Csaki 66 14529 694  625  624  604  533
Robert S. Brown, Jr. 61 14470 653  601  545  531  512
Laith J. Abu-Raddad 43 14453 1262  1214  1124  898  860
André A Dhondt 65 14363 1305  719  369  293  275
Stephen H. Zinder 61 14244 1178  781  578  433  418
JC Séamus Davis 47 14111 928  829  824  817  687
Shimon Edelman 51 14075 1380  1086  888  612  575
Daniel T. Lichter 68 14042 698  622  541  471  359
A J Sievers 52 13993 1425  868  765  353  317
Jeffrey W. Roberts 54 13887 3867  947  684  544  371
Michael Todd 52 13808 1657  976  706  596  594
David Stern 59 13789 2577  1899  390  386  373
Andy Ruina 41 13787 2280  1849  1158  928  880
Debdeep Jena 57 13738 962  553  522  493  473
Joseph Burns 62 13655 1275  837  510  434  360
Franklin G. Miller 62 13429 856  549  377  342  299
Rebecca J Stoltzfus 61 13258 804  721  455  428  341
Lara Estroff 33 13236 7387  1758  501  306  276
Karl Pillemer 56 13230 1302  852  639  611  491
Margaret Elizabeth Ross 55 13147 967  819  722  525  468
Prayush Kumar 34 13057 4145  1545  1021  883  755
Richard Allmendinger 60 13046 984  786  685  545  505
James E Cutting 52 12933 1242  1073  900  733  434
Pamela Tolbert 31 12893 3402  2956  2259  634  452
Qing Zhao 46 12880 2962  1797  531  437  418
Muawia Barazangi 65 12868 977  676  528  379  351
Yrjo T Grohn 62 12820 492  362  333  299  287
A R Ingraffea 56 12801 1180  673  444  424  403
Kilian Weinberger 43 12717 2031  1552  1176  939  542
Larry Blume 39 12660 2390  1328  1259  950  528
Walt Koenig 58 12612 658  566  544  536  476
Michael Boyle 42 12589 4145  1408  1076  436  426
Nicolas van de Walle 40 12540 3268  1663  1113  645  571
Jonathan Victor 59 12516 700  562  508  428  308
Christopher Mason 46 12455 2418  948  760  549  450
Mor Naaman 48 12416 1208  1054  883  648  575
Noah Snavely 39 12352 3066  1670  1504  618  586
Larry Bonassar 62 12336 504  384  329  308  307
Cathy Caruth 22 12286 5900  3051  1100  927  153
Colin Parrish 62 12267 494  408  401  382  292
Hsiao-Dong Chiang 54 12148 734  503  429  412  390
Maureen R Hanson 63 12108 699  557  498  474  357
Michael Macy 41 12059 2499  1426  947  720  584
Garrett J van Ryzin 35 11980 2326  1496  1353  750  629
William Schulze 48 11979 1506  1037  754  641  410
richard allen depue 44 11978 2174  794  772  574  484
Andrew Grimson 17 11974 4623  3432  1493  614  562
C R Johnson Jr 47 11921 1826  1059  604  487  334
Adam J Bogdanove 37 11835 1619  1611  1250  950  748
klaas J. van wijk 60 11735 572  485  482  362  330
PJ Klasse 59 11554 591  520  467  397  370
Zhangjun Fei 53 11546 1591  997  466  368  292
Murillo Campello 34 11538 2747  1456  1096  927  539
Chung Yuen Hui 56 11529 500  477  389  260  240
Olivier Elemento 56 11527 957  760  620  456  341
Nelson Hairston 54 11483 725  680  592  562  505
Gary W. Blissard 43 11470 4207  656  586  481  383
Andrew C. Myers 49 11412 2028  1227  639  597  479
William C.Ghiorse 56 11392 1056  639  502  484  360
Christine Goodale 42 11381 1443  935  856  637  589
Theodore H. Schwartz, MD, FACS 60 11371 381  317  296  294  244
Christine M. Olson 48 11366 855  850  575  575  534
Gretel Pelto 48 11328 1775  1078  472  408  361
David P. Williamson 43 11285 3177  916  705  408  363
Steven Ealick 58 11280 456  277  240  211  205
Shahrad Taheri BSc MSc MB BS PhD FRCP 43 11225 1867  1653  1187  655  438
Tanzeem Choudhury 47 11180 2020  643  603  587  563
Joel A Malek 28 11015 2068  2048  1596  629  536
Richard Darlington 29 10971 1371  1361  1361  1289  1276
Thomas J Fahey III 43 10963 3052  884  428  384  340
Geri Gay 49 10946 1288  691  516  499  483
Kathryn J. Boor 63 10945 381  318  315  301  291
Janice Thies 44 10770 1793  1539  862  446  421
Hugh Hemmings 53 10734 610  585  555  539  530
P. (Paul) David Mozley 49 10719 1520  1398  639  451  445
JIHYE PAIK 47 10689 852  764  598  575  432
Kathleen M. Rasmussen 50 10618 1204  547  414  379  343
Detlef Smilgies 56 10528 435  357  270  254  230
Teresa Jordan 49 10523 984  877  786  545  506
David Shalloway 54 10523 896  630  574  423  416
Huili (Grace) Xing 53 10519 553  493  402  354  318
Lorenzo Alvisi 44 10517 2097  1650  445  351  288
Barbara L Finlay 48 10461 1276  977  569  534  504
Timothy Ryan 52 10455 510  468  390  386  373
Michael Spencer 41 10440 2176  596  539  476  455
Michael Kotlikoff 59 10399 470  399  385  326  308
Shu-Bing Qian 26 10345 6413  760  487  343  291
Richard VE Lovelace 54 10310 719  359  268  259  238
Howard C. Howland 50 10211 590  581  472  340  313
Hazel Szeto 50 10185 820  565  411  383  327
John Cawley 47 10123 1204  1151  766  434  348
Rosemary Batt 42 10032 1784  1784  1670  783  542
Yi Wang 52 10018 509  433  370  305  266
Susan A Henry 60 9981 375  337  301  279  238
Anatoly Starkov 44 9966 1510  1092  584  446  434
John Brady 45 9915 3259  353  319  284  283
John H. Bishop 48 9855 652  425  363  355  353
Vikram Krishnamurthy 50 9782 892  312  282  253  249
George P. Hess 50 9706 1675  410  232  200  187
Dennis Miller 49 9697 766  700  360  236  195
Georg Jander 46 9649 1466  727  711  441  436
Eanna Flanagan 47 9645 865  614  529  400  306
Daniel J Decker 51 9645 653  514  369  208  207
Harry C. Katz 27 9645 2804  930  787  638  594
Emin Gün Sirer 43 9632 1395  536  530  499  390
Elaine Wethington 41 9618 1540  961  614  449  410
James R. Shealy 41 9569 2405  1329  726  410  204
Alison Power 35 9546 2649  1109  1060  607  396
Giles Hooker 22 9489 6423  828  519  339  182
Greg Morrisett 46 9308 1023  805  420  409  380
TD O'Rourke 42 9282 1790  799  265  202  202
Janis Dickinson 37 9281 2300  1022  858  535  499
Stephen Atkin 49 9281 386  346  337  319  311
Cedric Feschotte 46 9226 860  821  801  329  328
Erich M. Schwarz 26 9213 2989  2018  590  572  319
Susan Fussell 48 9198 453  439  417  414  402
Mats Rooth 22 9190 3005  2536  857  775  338
Gary Harman 19 9176 2779  1114  859  595  530
Alvin I Mushlin 48 9167 1496  713  278  246  245
Robert Kay or Robert W Kay 40 9130 1181  855  625  573  464
Adrian Lewis 50 9126 1510  351  342  301  297
Katherine A Houpt 51 9069 850  431  346  232  156
Jennifer S Thaler 36 9031 2981  561  501  349  349
Jim C. Hu MD, MPH 49 9004 736  351  325  291  261
Christopher J Collins 17 8950 1901  1715  1405  1223  723
RJ BARTHELMIE 51 8867 463  306  274  272  254
Henning Voss 41 8851 1069  657  569  569  500
Juan L Rodriguez-Flores 20 8824 5276  2502  120  106  84
Ashutosh Saxena 40 8819 1013  983  642  626  398
Bik Tye 46 8797 617  431  418  346  342
Douglas L. Miller 19 8752 2048  1988  1307  883  383
Philip E. Stieg 38 8739 861  737  724  685  585
Faith Gunning 37 8685 1228  701  610  595  421
Noah Dephoure 26 8591 3537  1349  574  355  355
Peter T Wolczanski 49 8534 500  402  395  263  243
David Strang 30 8531 2230  1634  584  503  364
Alan Bell 50 8529 1188  422  353  248  204
David Levitsky 45 8522 639  632  424  407  378
Syed Rizvi 45 8511 526  467  404  310  282
Thomas D. Fox 57 8488 459  273  261  247  239
Joseph B. Yavitt 53 8464 679  302  299  202  159
John Schimenti 50 8375 519  382  326  278  239
Richard A. Durst 46 8289 1210  623  619  338  337
Manish A Shah 44 8170 912  648  511  427  388
Cathy Enz 42 8167 620  518  500  344  314
Marjolein van der Meulen 46 8138 1477  365  286  270  255
Tony Simons 22 8128 1762  1358  892  721  580
Mircea Grigoriu 40 8125 752  587  482  363  335
Ann Hajek 42 8113 908  507  357  275  233
Elizabeth Adkins-Regan 51 8107 576  308  240  240  235
Robert Kleinberg 50 8080 346  334  254  234  224
Ira Wasserman 49 8037 478  293  281  259  226
Jacob Rand 49 8008 668  579  318  252  227
Ashim Datta 48 8003 526  404  271  253  230
Timothy Vartanian 37 7999 1371  880  603  433  344
Dong Lai 49 7977 590  470  300  246  204
Eugene L. Madsen 46 7961 1056  484  341  260  243
S.C. Pryor 46 7959 463  393  274  272  234
Chris B. Schaffer 39 7953 972  704  590  421  379
Edward Suh 30 7908 1468  880  678  610  511
Irby Lovette 46 7870 922  908  428  298  293
Mert Rory Sabuncu 35 7804 2255  1393  410  308  244
Harry Greene 44 7803 1066  582  310  283  276
Su-Sheng Gan 34 7739 1166  908  576  534  505
mark selden 37 7719 1179  1062  458  438  300
David Posnett 43 7711 819  763  452  431  309
Huolin L. Xin 45 7692 1065  902  360  347  258
Scott C. Blanchard 44 7661 855  456  417  403  378
Chris R Triggle 50 7643 306  200  182  179  169
Lars Rudstam 49 7620 333  230  215  183  169
Steve Marschner 37 7619 973  812  582  571  381
Stuart Leigh Phoenix 50 7591 496  279  256  239  201
richard rand 44 7560 626  375  298  233  215
Farhan Rana 32 7526 2144  596  476  464  448
Doron Betel 21 7487 1854  1287  965  639  450
Karl Shell 38 7485 1229  433  400  400  322
Hakim Weatherspoon 26 7462 3155  944  653  448  341
ronald r hoy 49 7446 253  248  241  231  217
Alexander Hayes 45 7380 369  337  266  266  248
J M Blakely, Jack M Blakely 43 7374 579  534  504  303  303
Bruce Lewenstein 33 7349 1768  462  458  432  369
Jennifer K Grenier 21 7338 1670  1369  1352  515  488
Michael Waldman 36 7313 662  501  496  441  405
Michael O Thompson 43 7298 685  557  256  251  198
Matthew P. DeLisa 40 7265 2091  316  294  229  209
Andre Kessler 30 7247 1717  1315  466  274  260
Lawrence Cathles 41 7230 1047  474  427  382  350
Thomas Ristenpart 37 7224 1968  552  449  431  218
Dan Cosley 35 7049 647  563  522  520  418
Barbara J. Strupp or Barbara Strupp 36 7045 2430  632  407  378  199
Robert A. DiStasio Jr. 32 7028 2220  770  724  610  218
Anthony Ong 34 7006 1660  989  604  245  207
Louis Derry 40 6992 933  563  352  350  323
Jan Lammerding 37 6983 830  777  449  334  263
Bradford S. Bell 28 6978 1698  1338  527  518  335
Cynthia Reinhart-King 39 6931 2715  300  295  206  179
Frank C Schroeder 52 6864 353  249  239  184  164
Rohit Verma 41 6805 720  294  232  219  207
Fengqi You 45 6779 440  410  316  247  235
Patrick Reed 45 6779 415  274  267  252  248
Mingrui Zhao 20 6777 2403  2146  2146  884  160
Phoebe Sengers 36 6762 566  522  459  443  392
Jerrold I Davis 40 6760 729  571  457  234  234
Rick Bonney 26 6756 1022  631  535  499  462
Simon Scheuring 46 6718 422  349  271  260  200
Hanif Khalak 15 6649 3770  1126  300  295  272
Yadong Wang 39 6626 924  431  350  330  309
Liam McAllister 36 6577 1229  566  420  355  322
Gunther Hollopeter 21 6555 1503  977  750  559  472
Kelly R Zamudio 42 6532 327  283  232  216  209
Sheryl Kimes 41 6531 579  448  334  300  263
Michael E Van Amburgh 37 6526 606  501  464  353  305
J. Bruce Tracey 29 6448 1151  1010  634  414  395
Brian P. Lazzaro 33 6440 1650  1473  308  265  223
pelletier dl 32 6436 855  554  535  404  404
Michael C. Dorf 31 6416 1808  441  409  287  262
Fei Wang 43 6405 653  230  225  217  161
Doug Antczak 41 6391 520  410  187  156  134
Christine A. Shoemaker 44 6386 398  362  231  229  215
Michael Lynn 41 6356 498  363  303  224  216
Jin Suntivich 20 6352 1724  1233  1069  454  337
Susan Christopherson 33 6335 747  657  529  349  340
Lena F. Kourkoutis 32 6333 1904  534  504  379  308
Daniel Casasanto 37 6322 899  516  266  246  239
Stephen Hilgartner 25 6315 2596  871  632  543  254
Robert S. Parker 44 6309 720  429  268  232  198
Jeremy Baskin 24 6278 1375  777  602  581  486
Kavita Bala 40 6242 499  443  439  315  262
Mildred E. Warner 39 6222 573  338  332  265  252
MS Webster 41 6215 965  801  321  216  206
Robert A. Raguso 44 6190 418  230  221  211  211
Michael E. Zenilman 34 6172 2041  386  342  212  162
Amy L. Williams 12 6170 5276  212  131  127  106
Ray Zimmerman 23 6128 2720  700  460  290  272
Leonard Lion 43 6114 402  388  360  330  261
Qi Wang 王琪 42 6097 380  369  327  274  243
David Pizarro 37 6096 473  437  410  324  319
Brian J. Kirby 36 6079 841  785  387  316  278
Stephen Hurt 38 6043 549  526  404  335  209
Don Kenkel 36 6020 1041  315  304  275  271
John Losey 25 5988 1792  1156  467  268  200
Alberto G. Fairén 40 5930 369  266  248  210  208
Patrick J. Stover 43 5888 418  261  246  215  209
Tobias Hanrath 38 5850 409  388  355  310  307
Kenneth Roberts 31 5821 743  593  506  388  315
Brian D. Robinson, M.D. 32 5817 995  957  510  244  169
Melissa J Ferguson 29 5809 1491  653  591  400  241
Ian Hewson 38 5809 617  452  428  282  274
Kimberly O'Brien 42 5692 372  266  255  250  225
Louise R. Howe 31 5670 834  681  399  294  280
coonrod s 40 5654 867  639  235  225  204
Dikoma C Shungu, Ph.D. 44 5610 312  208  203  191  184
Thomas York 22 5607 1591  1220  569  372  356
Valerie Hans 39 5563 981  301  255  211  182
Carol M. Devine 35 5503 476  362  321  274  244
Todd Walter 41 5500 244  229  215  193  169
Nate Foster 32 5484 660  511  475  474  311
Rory J Todhunter  40 5415 829  373  246  164  154
Janey C. Peterson 25 5414 2955  365  362  198  158
John Albertson 41 5395 483  179  179  161  143
XYLINAS 40 5382 277  151  149  129  126
Robert Bloomfield 35 5343 901  482  430  420  240
Michael Gore 29 5329 829  822  578  490  385
Carl Hopkins 41 5276 515  510  243  214  206
Shami Chatterjee 37 5260 305  237  216  207  191
Robert Shepherd 29 5246 803  702  310  305  301
Rebecca Merrill Jones 13 5225 2343  615  448  398  363
Christopher R. Myers 28 5220 851  844  504  490  313
Fabien Campagne 28 5209 613  549  543  539  460
Jo Anne Sirey, Ph.D. 26 5196 767  748  747  491  491
Francois Guimbretiere 32 5191 385  384  343  297  267
Annelise Riles 30 5176 1080  629  575  575  380
David R. Just 35 5136 256  250  219  218  181
Shuibing Chen 17 5122 1530  595  496  480  392
Dennis Swaney 33 5096 1736  344  289  212  202
Laurel Monticelli 22 5096 801  585  452  405  383
Lorin D. Warnick 38 5084 363  333  224  191  191
Barbara Knuth 38 5071 970  338  170  156  140
Wesley Hochachka 37 5056 393  293  241  221  220
Charles Linn Jr. 39 5049 340  304  218  194  160
sebhat erqou 18 5047 1270  927  532  448  321
David Bindel 23 5043 3157  3155  246  132  109
Alan Hedge 33 4987 450  427  229  177  143
Professor Chekitan Dev 30 4970 670  641  339  324  298
Jim Dai 37 4965 870  481  273  254  179
Rhonda Yantiss 38 4916 446  397  280  261  236
Linda K Nicholson 33 4896 604  482  433  299  268
David Wolfe 35 4892 706  564  266  244  232
Christopher Marquis 24 4890 697  626  611  302  294
Christiane Linster 44 4878 229  205  179  176  135
Neal Lue 34 4863 595  475  284  268  255
Harold van Es 38 4826 699  372  173  149  133
Long Ju 13 4768 1849  1665  362  274  166
Harry M. Kaiser 33 4744 1002  233  112  107  81
Robert Connelly 31 4744 914  338  263  215  193
Poppy Lauretta McLeod 21 4707 1506  800  370  339  294
charles h. greene 41 4705 417  240  162  155  132
Matthew WIllmann 18 4676 2182  715  523  279  126
Fernando A. Escobedo 40 4641 397  201  195  125  119
Naama Menda 19 4624 1591  425  332  316  258
Geoffrey S. Pitt 32 4605 878  310  292  287  198
Warren Bailey 27 4579 502  456  374  351  299
Patrick McDonough 36 4562 558  446  299  229  181
Laura Harrington 37 4543 417  306  223  200  194
David Mimno 24 4542 555  552  510  359  315
Sean Nicholson 33 4521 475  347  329  237  203
Bruce Reisch 33 4520 1041  179  175  172  144
Sunghee Cho 34 4486 543  429  429  338  275
Jian Hua （华健） 23 4482 1038  654  552  531  228
Andre Leclair 34 4456 486  310  306  248  187
Jonathan Butcher 32 4427 389  292  269  196  184
James Lloyd 38 4413 217  184  158  142  130
James P. Lassoie 39 4398 422  286  176  161  127
W. Bruce Currie 29 4387 1655  212  187  161  141
Wendy Wolford 24 4386 595  541  356  327  286
Kevin M. Clermont 30 4376 379  292  274  254  254
Jason Spector 36 4360 370  202  185  140  134
Christoph Studer 34 4317 377  199  168  160  150
Jeff Niederdeppe 37 4316 267  226  221  143  143
Peng CHEN 31 4299 762  337  239  238  179
Yi Jia 16 4285 2682  355  335  115  109
Yi Zheng 27 4241 1591  368  281  233  176
Itai Cohen 35 4237 272  250  206  193  159
Jonathan Knisely 32 4210 637  611  194  191  176
Hooman Kamel 36 4209 253  203  193  176  154
Nancy M. Wells 19 4160 940  937  682  472  280
Marie Caudill 37 4128 407  311  236  135  103
Randy Worobo 35 4118 306  252  161  149  143
Yong Lak Joo 34 4103 316  268  251  217  146
Carolyn Sevier 18 4095 1706  585  285  218  191
Tina Phillips 17 4072 1022  535  499  458  432
Barbara Lust 34 4054 838  271  185  141  136
Derk Pereboom 28 4017 1126  324  318  290  193
mark roberson 36 4010 251  249  210  201  163
Roger F Loring 34 3993 246  222  219  192  145
Christopher Barbieri 23 3990 884  620  510  225  144
Dietrich Büsselberg 35 3971 633  257  150  127  119
Christopher Wildeman 32 3955 402  383  289  253  229
Genevieve (Eve) M. Crane 17 3945 969  617  496  334  333
Tim L. Setter 36 3941 237  189  189  175  162
Chris Forman 24 3927 1143  354  345  274  224
Janis Whitlock 21 3903 873  589  309  247  242
Michael Sturman 28 3898 684  506  258  240  163
Mark Campbell 35 3892 164  131  108  99  99
Brett P. Fors 26 3891 406  386  338  302  228
Robert E. Thorne 38 3879 159  124  118  111  107
Patricia A Cassano, PhD 31 3877 305  244  240  239  234
James Liebherr 26 3875 1237  617  224  221  189
D G Rossiter 31 3875 526  368  233  199  159
Diane Burton 18 3871 526  524  482  468  399
Christopher Alabi 18 3826 1998  516  313  167  115
Erich J Mueller 32 3788 471  250  188  178  165
Charles Seyler 33 3773 438  205  188  161  134
Harry de Gorter 31 3773 307  256  204  181  131
Eun-Ah Kim 29 3747 483  392  296  195  170
James P. Shapleigh 37 3728 262  252  160  155  136
Calum G Turvey 31 3712 321  168  134  119  116
Ward M. Tingey 35 3698 191  169  125  124  96
KC Nowack 17 3696 1335  779  205  177  154
Amanda Rodewald 35 3676 218  166  158  130  116
Robert J. Winchell 26 3673 534  404  387  282  201
Jonathan Dyke 32 3655 330  313  207  157  152
David Hysell 32 3648 235  146  130  128  116
José F. Martínez 24 3640 352  327  321  288  262
Donald H. Bilderback 34 3638 257  250  170  160  120
Ikhlak Ahmed 25 3625 954  440  430  237  129
Corinna Lockenhoff 31 3613 392  284  282  271  217
Paul Zumbo 13 3571 1118  760  450  335  222
Thomas Hartman 27 3557 586  276  268  204  204
Christina Manolatou 22 3556 652  375  360  317  230
Kai-Ming Fu 33 3544 281  228  182  173  172
Suzanne Mettler 22 3516 548  546  417  384  372
Enzo Traverso 29 3510 305  189  177  172  129
Katherine McComas 29 3509 492  365  278  215  118
Manu Sharma 21 3501 889  300  298  212  205
Zhenglong Gu 23 3499 751  467  306  296  241
Bruce Halpern 34 3473 240  182  165  132  105
Peter A. Goldstein 27 3472 417  384  288  261  237
Robert J. Kaner 29 3457 883  345  272  233  135
Lois Pollack 30 3440 318  217  190  190  171
Alan Zehnder 34 3429 166  141  129  124  110
Xi Kathy Zhou 32 3427 300  280  279  212  188
Don Banfield 29 3408 477  209  190  183  167
James Renegar 19 3402 704  641  438  269  235
Quirine Ketterings 29 3396 851  189  150  117  112
Aija Leiponen 21 3392 821  398  257  250  222
Nozomi Nishimura 25 3374 379  306  304  298  243
Gregory D. Fuchs 25 3365 525  314  295  243  231
bharath hariharan 19 3357 662  538  360  304  268
Loren W. Tauer 36 3354 271  184  85  85  80
Michel Louge 28 3347 499  306  249  125  122
Michael R. E. Lamont 31 3326 300  284  228  226  226
Sachin Gupta 22 3319 429  336  299  258  257
Bi-Sen Ding 26 3313 456  271  259  236  231
Yingchao Yu 21 3292 902  451  258  245  187
James R Engstrom 34 3290 139  134  129  123  114
Tarleton Gillespie 23 3273 814  742  397  138  119
Lailiang Cheng 34 3240 171  161  138  118  102
Mark Rishniw 29 3234 446  204  181  175  132
Alan Mathios 28 3231 388  295  271  180  155
Jan Krumsiek 28 3225 356  352  299  205  187
Sarosh Kuruvilla 29 3225 236  208  176  138  132
Brian K Richards 30 3222 383  340  179  168  137
William Philpot 25 3221 538  383  287  236  138
Shane Henderson 31 3221 213  174  155  155  145
Anthony Hay 29 3211 426  416  194  145  131
Jian Lu 18 3180 1654  239  208  156  139
Brian A. Nault 27 3158 948  158  140  118  106
David Christini 31 3155 219  185  148  109  108
Jennifer L Shirk 12 3143 1022  535  458  432  406
Tian Liu 25 3124 373  266  224  220  186
John Smillie 30 3089 329  297  211  169  149
Joyce Van Eck 26 3085 361  357  274  248  196
Zhiyuan Fan 20 3074 1075  296  292  176  132
Gregory S Ezra 31 3071 231  166  130  117  115
wesley d sine 15 3064 446  412  329  281  279
Bobak Mosadegh 30 3034 301  246  243  217  175
mingming wu 25 3013 307  231  219  209  198
d Cherney 32 3007 283  175  122  114  105
Carl Poitras 24 2996 600  289  262  186  184
Dylan J. Edwards 29 2995 706  177  128  123  112
Maria A. Gandolfo 29 2991 445  237  230  187  167
Matthew E. Pritchard 28 2976 372  279  248  136  126
Nozick L* 29 2971 333  190  174  169  121
Angela C Poole 12 2965 777  727  457  332  179
Crocker Liu 25 2951 328  221  185  181  134
Marcus Smolka 26 2922 381  366  230  227  167
S. K. Obendorf 23 2886 289  288  190  172  164
Nicolas Buchon 18 2870 493  419  199  195  188
George Hutchinson 22 2868 604  604  480  158  140
Dongbing Zhao 26 2864 327  262  233  233  228
Sue Sherman-Broyles 18 2857 1705  155  126  103  98
Greg Pass 6 2826 1140  744  562  303  53
Thomas Loredo 24 2825 273  255  218  213  183
Carmen I. Moraru 26 2812 307  300  294  226  151
Dong Zhang 10 2792 1591  559  389  62  58
Charles Walcott 31 2775 389  322  143  97  95
Earl J. Kirkland 19 2772 1065  277  217  187  101
Thomas A. Cleland 31 2766 176  142  142  136  135
Marten Wegkamp 25 2762 413  391  313  189  137
Ajay Gupta 26 2755 203  176  146  101  89
Poul B. Petersen 23 2738 373  334  216  177  170
Ivan Bazarov 27 2726 219  215  134  107  101
Byron Williams 24 2708 274  232  183  176  156
Lawrence B. Smart 27 2707 289  242  200  185  137
Gao Huang （黄高） 14 2700 1176  548  314  304  53
Filipp Akopyan 14 2689 990  680  310  142  117
Melissa R. Warden 14 2685 492  459  343  291  278
Lola Brown 16 2681 835  488  402  207  144
Shriram Shivaraman 14 2671 596  476  383  236  197
Matthew Blake Greenblatt 18 2657 1280  302  233  130  116
Edward W. Mclaughlin 17 2657 1283  405  190  126  66
Huseyin Topaloglu 28 2654 188  175  125  123  119
Connie Yuan 18 2650 1182  200  190  133  121
Julie Goddard 21 2644 1119  232  144  74  64
Adam Bartnik 22 2641 515  388  301  178  157
Sharon Sassler 27 2618 265  223  208  127  117
Yue Zhao 19 2611 481  367  339  198  175
Sharon Tennyson 24 2607 559  168  161  156  151
Paul Nadasdy 12 2604 687  577  269  189  189
Esther Angert 27 2592 250  218  190  149  137
Linda S. Rayor 16 2582 1792  122  68  67  64
Rodrigo C Bicalho 29 2580 152  105  101  100  92
Dimitris N. Kiosses 23 2580 378  350  301  153  146
Tuo Zhang 19 2565 883  609  164  111  108
Frank A. La Sorte 27 2556 378  248  218  194  97
Mirella Salvatore, MD 17 2556 402  360  309  308  148
Robert D. Reed 28 2551 634  164  144  121  116
Tyler Cullender 4 2550 1478  735  197  131  4
Glen Dowell 11 2550 1225  584  118  109  96
Hong Ding 29 2547 200  169  129  127  117
Kim A. Weeden 20 2543 537  396  215  144  135
Allen Knutson 20 2534 444  224  216  214  192
Susi Varvayanis 18 2531 1592  249  65  64  46
Douglas T Gurak 26 2527 647  220  129  123  117
Dmitry Savransky 23 2526 322  290  220  179  107
Susan Daniel 21 2526 661  264  239  233  198
Kathryn Braun-LaTour 22 2521 413  341  313  141  140
Grace C. H. Yang, MD, FIAC 26 2519 153  142  107  105  97
Hong Jiang 17 2498 648  428  355  172  136
Anne M. LaPointe 28 2493 190  186  171  147  124
Subhash Chandra 30 2492 160  114  111  108  106
Momin Siddiqui 29 2491 252  149  149  70  68
linda canina 19 2484 1019  304  172  112  92
Rachel Dunifon 26 2477 245  179  166  166  148
Megan Johnson Shen 21 2477 326  248  203  192  167
Gary W. Fick 25 2468 255  206  161  156  150
Saskya van Nouhuys 27 2461 540  128  120  118  99
Thangamani MUTHUKUMAR 24 2459 547  181  175  173  133
Matthew Hare 25 2458 375  307  202  108  106
Rusen Yan 18 2444 553  402  279  169  152
Hadas Kress-Gazit 21 2443 427  285  199  168  168
Stijn M.J. van Osselaer 18 2442 400  337  282  181  177
Tamar Kushnir 20 2442 1094  152  140  138  97
Tapan Parikh 26 2438 277  170  157  154  140
John Hale 17 2423 755  338  262  191  158
Michael F. Lovenheim 23 2419 419  202  178  146  124
Ayman El-Menyar 23 2416 106  97  96  74  65
Toby R. Ault 24 2415 491  446  197  119  88
Clay Bracken 23 2415 624  214  139  136  136
Renato Hohl Orsi 21 2415 446  359  234  164  146
Nagesh Gavirneni 19 2413 1137  194  120  71  70
Mark Pfeifer 18 2375 516  358  292  287  243
Christopher Hernandez 23 2371 364  288  215  201  131
Susan Barnett 8 2368 1388  692  121  64  46
Chelsea Specht 27 2368 276  209  187  108  102
Steven J. Jackson 21 2344 393  286  213  208  144
Brad Ramshaw 19 2343 488  459  183  149  133
Seung-Ho Yu 23 2338 275  232  135  109  103
J David Warren 25 2336 236  177  176  164  147
Jacqueline Burré 17 2335 889  180  142  142  133
Elia Tait Wojno 24 2332 261  215  211  144  127
Susan Strickler 11 2326 1591  244  150  149  34
Francesco Monticone 25 2323 427  286  218  153  109
Khena Swallow 22 2296 512  285  224  174  131
Bentolila Stephane 20 2285 699  474  118  96  91
Andrew Mertha 16 2283 463  373  279  248  235
David N Bonter 16 2275 858  535  134  90  80
Carmen Enid Martinez 24 2266 431  160  133  129  110
Miguel I. Gomez 22 2265 424  190  179  166  121
Yudong Chen 20 2260 741  126  121  121  119
Michael Selig 19 2237 566  355  242  170  121
Gary M Thompson 29 2208 153  136  126  109  92
Alex Susskind 22 2189 303  236  216  209  142
Benjamin Cornwell 23 2188 502  153  140  119  106
Aviv Madar 11 2188 856  563  281  136  118
James Wilentz 17 2186 588  381  369  148  87
ronald kline 17 2177 518  261  244  157  144
Arthur R. Woll 24 2174 455  155  129  120  110
Juan P Hinestroza 26 2164 145  138  117  110  105
Alyssa Apsel 22 2154 327  174  113  107  90
Lucian Sulica 25 2146 242  121  117  102  98
Piali Mukherjee 15 2122 641  543  186  137  120
Jeffrey Varner 23 2117 309  283  229  120  97
Mason Peck 21 2115 326  316  78  74  72
Katerina Hatzi 24 2114 194  188  167  149  139
Alexander Colvin 22 2110 317  290  270  133  128
Olivier Desjardins 23 2098 357  285  160  143  115
Charles G. Danko 15 2097 386  340  290  249  199
Iwijn De Vlaminck 19 2080 316  235  193  185  153
Peter I Frazier 22 2077 225  220  203  119  101
Olga Padilla-Zakour 18 2066 306  275  253  252  139
Dilek COLAK, PhD 11 2062 576  316  285  243  186
Robert Karpman 23 2057 504  249  141  128  102
Thomas J. Campanella 13 2054 742  343  297  252  87
Norman Scott 12 2052 595  336  308  171  153
Cristian Danescu-Niculescu-Mizil 19 2034 256  208  205  174  138
Theodora (Dora) Kanellopoulos 21 2034 282  215  190  158  146
Nerissa Russell 25 2030 226  147  137  132  107
Zhi Zhao 15 2027 658  249  247  189  144
David Brea 23 2022 298  151  142  137  118
Saravanan S. Karuppagounder 23 2015 358  125  108  107  100
Ashish Raj 23 2008 297  178  82  77  75
Laura Tach 20 2007 225  224  182  167  143
Kristy A. Brown 25 2000 237  165  118  111  109
Yun-shao Sung 24 1987 332  237  176  160  94
Mabel Berezin 19 1978 372  227  166  159  148
olufemi taiwo 15 1970 939  197  165  129  77
Florentina Bunea 20 1970 413  313  137  128  115
C.-Y. Cynthia Lin Lawell 23 1959 142  142  120  120  116
qing zhao （赵庆） 26 1948 207  166  153  88  87
Marin Clarkberg 14 1946 519  324  268  257  220
Zhiru Zhang 21 1943 477  275  120  110  82
Christopher Batten 18 1941 444  315  211  136  117
Ancker Jessica 21 1936 365  253  152  136  66
Wendy Ju 23 1935 159  148  130  125  107
Samprit Banerjee 21 1934 395  252  118  109  109
Philipp W Messer 23 1912 235  167  115  109  105
Simeon Warner 21 1912 474  265  207  77  69
Ben Gold 17 1891 435  265  250  158  149
Mary Agnes Hamilton 23 1887 214  180  143  88  82
Awais Khan 22 1886 379  285  121  83  73
Khaled Machaca 26 1886 345  104  89  79  69
Justin P Johnson 15 1882 483  301  267  166  166
Tengfang Huang 10 1875 1282  139  106  82  67
Daniel Berry 20 1875 528  235  139  129  125
Yariv Houvras 13 1869 614  470  324  70  60
Luca Cultrera 25 1867 142  98  91  85  81
Kai Huang 13 1865 719  362  136  127  124
Hani Najafi-shoushtari 13 1865 736  232  185  163  146
Abdul Mroué 20 1865 330  243  163  151  129
Adrian Sampson 12 1851 512  414  333  193  77
Rachel Bezner-Kerr 21 1847 219  178  174  153  105
Ravi K. Patel 7 1841 959  392  233  196  30
Stephen DeGloria 23 1821 151  127  100  98  93
Estibaliz Capetillo-Zarate 19 1820 328  250  168  144  109
Russ Charif 15 1818 404  345  219  187  134
John P. Sanderson 26 1809 203  99  55  49  47
Michael Clarkson 14 1806 479  346  307  140  86
Keith G. Tidball 20 1796 189  138  137  105  104
Kathleen M Vaeth 22 1793 203  179  169  114  102
Jeffrey Moses 23 1792 208  102  96  93  82
John P. Sullivan 19 1781 285  256  129  118  105
Felix Thoemmes 19 1779 258  250  170  148  118
Perrine Pepiot 16 1770 418  284  251  193  102
Margaret Frey 24 1760 199  156  153  146  144
Hong Xu 15 1758 628  234  130  112  107
Lee Humphreys 18 1756 372  234  196  107  76
Leaf Turner 21 1748 245  233  88  77  76
Nabil Imam 11 1747 990  310  142  117  45
Elliott G. Smith 14 1737 535  446  180  146  96
Yasser Majeed 13 1730 848  220  177  128  88
Edwin A. Cowen (Todd) 21 1729 451  133  114  96  80
Daniel Terry 18 1727 197  177  164  159  148
David T Ng 19 1724 250  158  157  144  107
Alireza Abbaspourrad 22 1715 221  135  110  100  90
John L. Cisne 23 1713 142  130  116  116  109
Henrik Spoon 21 1710 350  209  169  148  108
Wenjiao Song 14 1707 280  279  248  163  130
Lorraine Maxwell 19 1698 304  214  187  101  89
Stephen H. Westin 11 1695 465  381  361  202  88
Yanwen Jiang 21 1682 341  149  121  91  87
Doletha Marian Szebenyi 18 1681 363  289  160  106  93
Niroshana Anandasabapathy 14 1675 521  270  153  150  129
Shelley Feldman 20 1673 600  151  122  101  98
Elena Kamynina 12 1668 640  295  202  143  115
Giuseppe Faraco MD PhD 21 1664 211  194  143  118  111
Lindy Williams 21 1659 205  194  88  86  84
Christopher Chin 15 1651 409  220  176  154  116
Nicole A. Benedek 19 1650 339  185  137  125  114
Pan Zhang 19 1650 462  77  64  62  56
Hirokazu Miyazaki 13 1648 476  229  198  188  107
Ting Zhou 9 1642 862  272  230  75  68
Song Lin 12 1640 449  240  239  210  189
Michael Nussbaum 17 1631 315  206  158  132  99
Stephen A. Jesch 19 1629 375  184  109  109  97
Rebecca Seguin 22 1598 353  89  88  80  76
Alexander Vladimirsky 16 1595 357  255  245  174  135
Kyle M Lancaster 20 1594 472  108  92  70  66
Jonathon P. Schuldt 19 1592 368  215  118  117  71
Thomas B. Pepinsky 19 1587 223  219  164  94  79
Yi Zhang 15 1587 286  224  172  133  114
Kelly Musick 17 1583 199  193  121  121  109
Lyza Gontow Maron 15 1582 380  194  158  149  138
Trevor Yeats 16 1566 300  212  200  147  143
Gregory P. Dietl 23 1563 165  102  68  63  62
Rafael S. Bisinotto 23 1561 170  105  103  90  73
Jeffrey A. Pleiss 19 1555 185  181  126  99  97
T. Bruce Lauber 19 1540 208  132  115  106  92
Michael Schmidt 14 1535 925  115  102  62  54
Byoung-Hyoun Hwang 12 1532 642  365  139  120  86
Elizabeth M. Fisher 19 1532 371  147  114  87  76
Dimitrios Avgerinos 15 1523 828  91  72  71  57
Rodman Getchell 21 1510 117  102  98  80  79
Robert A. Barton 18 1507 333  197  168  95  93
Annette Becker 11 1506 609  456  130  122  43
Ivan Keresztes 22 1493 210  147  118  109  73
Benjamin D. Hopkins 20 1489 203  178  178  111  107
Rosenberger, DA 21 1486 96  71  71  64  61
Ying Sun 10 1483 1132  65  50  39  34
Juan R. Cubillos-Ruiz, Ph.D. 18 1480 187  165  153  114  112
JUN YIN 22 1470 195  149  70  69  68
Catherine Lindsay Anderson 19 1465 164  137  131  68  67
Reynaldo Villareal 22 1459 168  143  106  101  62
Natalya (Natalie) Bazarova 19 1450 184  173  160  114  107
Zhengyuan Tu (涂正元） 15 1450 386  158  151  130  109
Ankur Singh 19 1449 161  121  107  89  81
charles mccormick 24 1448 134  114  84  76  73
Athos Patsalides MD MPH 22 1446 165  96  72  65  58
Nancy H. Chau 22 1446 103  102  81  68  67
Tara Bishop 18 1444 185  126  125  118  83
Michel A. Cuendet 15 1440 489  406  79  67  58
Panle Jia Barwick 10 1438 484  244  208  140  140
Matthew P. Miller 21 1438 106  106  104  69  59
Solon Barocas 11 1427 500  297  143  101  77
Shanjun Li 16 1423 200  193  166  147  139
Jon McKenzie 12 1421 1021  85  59  36  35
Kate Walsh 18 1416 210  187  113  112  89
Ioannis N Petropoulos 21 1411 139  98  91  81  62
Ka Un Lao 18 1409 770  127  73  44  38
Karen Bennett 15 1408 235  175  154  148  136
Victor Tapias 18 1402 398  148  122  97  94
Ali A. Baaj 23 1391 97  97  91  68  66
Alan R. Bleier 16 1391 441  190  88  88  70
Erin York Cornwell 11 1384 838  187  76  75  40
Bruce Land 20 1379 202  123  111  98  97
Damian E. Helbling 18 1378 268  170  128  102  85
Roberto Lozano 6 1378 1109  122  73  35  28
Tanel Mahlakõiv 15 1368 432  250  117  103  99
Choi Hyong Woo 21 1367 213  132  109  93  74
Qinghua Fang 16 1366 262  254  163  123  83
Nancy M Trautmann 17 1364 218  172  107  64  62
Jody Enck 16 1361 208  121  113  92  89
Theresa Scognamiglio 17 1358 212  159  129  114  65
Nazmul Bhuiyan 14 1357 292  191  156  130  118
Marya Besharov 11 1357 401  290  246  246  153
Karan Girotra 14 1353 472  172  126  87  85
Chris K Anderson 22 1353 188  117  102  87  58
Ross A. Knepper 20 1345 246  89  87  83  77
Renata Ivanek 22 1345 98  89  77  73  56
Yun Kyoung Lee 15 1343 446  150  108  84  73
Shirley Samuels 15 1334 427  200  167  127  55
Dimple Chakravarty 19 1329 264  218  135  111  72
Jason B. Carmel, MD, PhD 17 1313 169  155  143  111  93
Maria Lorena Cook 19 1312 207  165  106  85  68
Eilyan Bitar 16 1308 240  131  126  85  80
Duc-Huy Nguyen, Ph.D. 6 1299 900  179  119  67  16
Eric Cheyfitz 13 1298 785  91  51  50  44
Jonathan Reichel 6 1297 587  405  129  126  26
Nancy Pui Yee CHUNG 16 1295 340  187  145  119  97
Anna G. Orr 10 1294 316  302  203  121  92
Patricio Gallardo 15 1293 367  146  102  93  64
Lars Vilhuber 15 1291 386  239  74  74  74
Yeyun Zhou 16 1291 648  71  60  52  50
Federica Valsecchi 15 1290 298  296  115  86  65
Alexander G. Ophir 19 1270 121  110  95  90  86
Zhiting Tian 14 1253 237  180  170  113  87
Sandy Payette 15 1253 265  201  143  86  63
Joseph Peters 15 1251 389  175  124  68  67
Mardelle Shepley 19 1251 115  84  75  68  64
Francesca Molinari 13 1248 231  178  158  145  134
Ori Heffetz 11 1244 307  244  170  147  89
Julia Turbiner Geyer 18 1242 210  172  102  91  85
Manuel F. Juette 14 1239 630  147  106  73  66
Andrew Farnsworth 19 1238 226  218  89  86  47
Katja Poveda 20 1236 132  98  91  86  77
Nick Polato 12 1230 356  222  219  75  73
Andrej Singer 18 1227 115  90  87  86  86
Derek Warner 18 1225 178  135  117  83  79
Xiaoyang Su 14 1224 648  110  103  67  38
Mrinali (Patel) Gupta 13 1222 486  161  123  88  51
Yuquan Xiong 13 1217 407  220  129  106  65
Ian Greer 15 1216 241  166  149  134  56
Alison Johnston 19 1210 184  110  73  66  63
Tyler J Kirby 18 1209 185  152  112  82  70
Naomi Yudanin 6 1203 346  346  331  303  157
Michael Roach 10 1196 297  237  169  156  133
Matt Specht 12 1194 450  199  98  61  57
Dennis Liang Fei 17 1189 238  177  166  131  60
Rob Kwortnik 15 1188 253  184  130  123  78
Peter K. Enns 17 1185 229  185  124  121  82
Tory A. Hendry 10 1174 527  170  127  121  105
Maria Laura Gaspar 16 1173 375  75  69  63  57
Aaron N. Rice 18 1166 185  174  61  59  56
Travis Hartman 11 1162 747  149  44  42  32
Hao Chen 11 1161 451  187  137  109  63
JP Pollak 13 1158 571  107  73  70  58
Lionel Levine 19 1157 172  95  74  66  64
Erik Andersen 16 1157 145  143  116  102  66
Ludovic Giloteaux 14 1157 316  234  110  74  70
Winthrop Wetherbee 16 1152 280  177  144  63  43
Björn F. C. Kafsack 16 1144 198  173  160  123  83
Jamie Dollahite 19 1144 232  121  86  53  51
Filiz Garip 12 1139 209  207  200  182  90
Judith Kolkman 14 1125 122  122  121  118  92
Juan A. Gallego 15 1122 165  132  129  110  101
Guillaume Lambert 15 1115 285  170  129  81  71
Richard V. Pereira 17 1113 139  121  113  93  81
Mark E. Lewis 20 1112 182  79  73  57  55
Ian Miers 9 1110 378  376  189  51  21
Guoying Gao 16 1108 203  141  111  92  86
Jessica Rutkoski 15 1106 295  110  99  93  85
Jeongmin Song 13 1105 198  129  121  113  94
Ben A. Rissing 13 1100 236  161  136  108  86
Sarah Kreps 19 1096 127  89  88  75  68
Samson Mathews Samuel 15 1092 169  108  95  92  90
Gilly Leshed 15 1089 304  136  103  73  60
Virginia Doellgast 16 1088 241  118  79  76  64
Shaojun Zhang 20 1088 95  88  79  70  68
Harry Haoxiang Wang 17 1086 275  102  98  73  65
Leonardo Arbiza 15 1083 236  145  142  87  74
Andrew Gordon Wilson 16 1081 177  86  79  72  68
Robert Jansen 18 1080 125  101  95  91  78
Christina Delimitrou 12 1079 368  345  49  48  48
David M. Smith 17 1078 253  179  67  65  62
Alexandros Sigaras 4 1078 957  111  4  4  1
Sarah Pethybridge 20 1077 53  51  47  41  34
Beth Livingston 9 1076 250  242  157  151  143
Wei Song 13 1075 568  77  72  53  38
Ian T. Ellwood 13 1066 302  132  105  92  85
Nicolas Karakatsanis 14 1061 362  85  55  53  48
Sergiy Libert 12 1061 297  121  109  97  79
Manoj Thomas 13 1058 285  147  91  85  83
Sergey Ivanov 12 1057 183  181  141  113  103
David Toews 12 1052 570  100  65  62  41
Hugh Philipp 14 1039 551  64  55  41  36
Christopher Way 11 1039 319  213  104  66  60
Sara E. Miller 10 1036 353  207  110  106  90
Yi-Hung Ou 10 1034 244  150  130  124  122
Jim Cheung 15 1034 323  149  56  42  33
Jacob Ruff 17 1033 107  97  90  86  85
Tae Whan kim 14 1030 222  149  107  99  79
Davide Risso 12 1029 335  333  54  41  36
Ashley Stephen Doane 7 1027 454  317  89  72  41
Andrew D Schweitzer, MD 15 1016 255  203  81  74  63
Arnab K. Basu 18 1015 144  102  68  67  66
Gavin L Sacks 17 1014 113  58  56  51  48
Yoav Artzi 15 1008 195  182  89  88  77
Michael J Sheehan 14 1007 417  104  65  64  54
Kevin Luke 16 1007 109  107  82  76  59
Benjamin D. Cosgrove 13 1003 277  113  109  108  100
Nigel Gapper 16 999 281  122  99  70  59
Sunghwan (Sunny) Jung 19 998 197  80  62  60  51
Mohammad Arshadi 18 998 95  89  71  59  52
Brian Christopher King 11 998 511  154  118  67  32
Nathaniel R. Campbell 16 995 228  102  75  63  61
Tom White 20 993 93  71  62  59  58
Paul G. Rodewald 19 993 99  90  88  79  53
Todd Schmit 19 993 68  54  53  44  38
Charles M Brooks 17 992 181  157  115  78  64
Hongtao Ma 14 990 310  115  81  81  60
Michelle (Cilia) Heck 15 990 185  178  78  66  44
Punna Ramu 15 989 359  71  61  56  49
GOC Jeremy 13 983 141  132  126  120  112
Ryan Schreiner 14 980 203  155  141  84  65
Fay-Wei Li 17 979 204  94  79  62  61
Margarita Tsoutsoura 7 978 695  115  61  61  19
Frank Horowitz 10 977 217  217  104  99  47
Hussam Abu-Libdeh 5 972 448  220  170  113  9
Nina Pipalia 10 972 339  126  74  68  67
Andrew A. McAleavey 18 971 172  134  75  67  59
Taryn Bauerle 16 965 141  128  84  64  61
Mariena Silvestry 8 965 303  175  145  97  82
Michele Cioffi 12 958 185  105  101  92  73
Darren Dale 18 958 74  70  70  64  57
Carl Franck 16 953 165  85  80  65  41
Julia L. Finkelstein 15 951 142  82  80  66  48
Shiri Azenkot 15 951 147  121  106  75  75
Esteban Gazel 17 949 147  79  70  55  45
Zhiming Shen 10 946 497  166  116  51  20
Benedict Law 17 942 120  85  82  76  71
haining wang 9 939 236  173  140  124  85
wenchao qu 16 938 148  110  88  84  78
Oya Y. Rieger 13 934 175  136  130  63  61
Shuhua Cheng 14 927 138  104  88  78  73
Sam Nugen 17 926 134  75  60  40  37
Claire Vanpouille-Box 15 925 133  104  100  93  79
Mark Bridgen 14 919 238  122  67  57  32
Valery Shemelin 18 918 53  43  31  31  29
Ricardo Daziano 17 917 118  115  80  79  54
Dean B. Krafft 11 916 175  143  117  93  85
Pamela C. Moulton 12 912 259  241  74  54  53
Amanda Claire Brown 17 908 97  96  94  73  71
Bronwyn Butcher 13 907 177  177  133  81  62
Isabel Kloumann 10 904 441  116  103  77  69
Murugan Subramanian, PhD 13 902 271  131  106  69  53
Sunita Sah 14 900 167  108  106  106  53
Yimo Han 9 899 518  99  59  47  42
Steven Kyle 12 895 323  188  45  28  25
Tomàs Pallejà Cabré 18 893 131  70  60  59  59
Maureen E. Lane, Ph.D. 15 891 182  141  139  51  42
Lin Ma 14 887 143  117  109  99  90
Shorna Allred 17 885 57  53  52  50  47
Dario Azzellini 14 885 145  97  44  42  34
Pierre Patie 17 884 171  106  101  53  36
Rowena Lohman 12 883 234  175  64  56  53
Rachit Agarwal 14 882 317  123  42  35  32
Timothy Spellman 13 882 235  177  72  64  62
Christine J Charvet 16 880 285  69  52  52  50
Marla Lujan 15 878 235  103  102  79  59
Sean Bell 6 872 262  161  135  130  114
Xiangcheng Sun 14 865 250  86  81  60  51
K. Vikram 10 864 280  180  123  101  52
Derek Cabrera 9 863 316  269  59  41  40
Jessica McArt 14 861 229  103  96  82  54
Dawid G. Nowak 10 858 291  186  138  114  36
Tobias Doerr 10 853 414  281  40  21  18
Rhiannon Crain 8 852 535  72  48  44  38
Gilad Asharov 13 851 179  166  88  82  73
Shalu Suri 12 850 148  136  89  81  74
Vanessa Bohns 11 848 276  276  158  158  158
Nicole Martin 16 845 83  78  77  62  58
David B. Wooten 12 842 180  120  114  86  83
farras abdelnour 12 841 160  130  113  72  69
Xiang Ma 6 839 408  175  107  70  50
Camille Brochier 8 836 402  205  92  54  24
Li Chen 13 836 190  118  112  78  54
Peng Liu 12 836 443  50  47  42  38
Zongyang Hu 14 834 239  74  65  61  45
Lourdes Casanova 13 833 152  108  55  51  37
Levon Barseghyan 9 832 178  146  133  130  86
Wayles Browne 14 831 135  126  69  56  51
Maarten Goesten 12 827 184  137  113  72  46
Allison M. Hermann 5 826 761  24  21  21  12
Junle Jiang 8 822 561  90  41  37  24
Nina Overgaard Therkildsen 15 821 163  88  85  71  56
Zhong Wang 15 818 62  56  53  48  34
Robert Goggs 17 816 126  74  69  66  53
Kyle Wickings 14 808 165  151  107  44  41
Deborah Streeter 12 803 175  120  111  83  68
Michael Craven 7 801 491  104  97  43  31
Angela Fuller 16 798 113  74  66  56  56
Nina Trautmann Chaopricha 4 792 568  126  68  26  2
Katherine Dickin 16 791 87  72  60  47  45
Daniel Ilut 13 791 170  123  103  69  62
Weijia Song 7 786 570  117  22  20  20
Dimitri Ponirakis 8 784 396  141  141  102  46
Karim-Aly Kassam 16 783 86  72  57  51  37
Amod  K Thakur 14 782 164  101  86  39  38
Romain Pariaut 14 777 142  122  65  38  38
Keyin Ye 12 775 156  132  121  94  75
Gloria C Chiang 15 772 96  88  62  57  49
Valentin Kuznetsov 11 772 406  113  61  27  27
Jesse Cotari 10 768 180  155  133  84  71
Mahdi Esmaily 13 768 131  96  85  84  49
Maxim R. Shcherbakov 11 767 235  125  79  67  41
Jean-Matthieu Prot 15 766 157  79  72  67  62
John L. McElwee 14 763 182  68  67  67  62
Carla Casu 13 761 140  121  83  54  47
Yang Yuan 11 759 267  155  69  58  45
David Snead 9 758 404  92  89  50  38
Balaji Srinivasan 9 757 243  187  71  58  57
Jason Fox Manning 11 756 379  117  50  37  27
Snehashis Choudhury 13 753 151  108  90  64  57
Carolyn Adler 8 752 251  163  131  67  54
Arthur A Small III 9 750 249  169  126  61  46
Kenneth J Merkley 10 750 446  91  53  31  25
Logan G. Wright 15 746 129  71  66  57  53
Sharline Madera 7 744 386  158  79  40  38
Charbel Abi Khalil 13 742 182  142  59  57  52
Andrew Pollock 10 741 191  97  96  84  81
Ariel Avgar 14 741 134  81  51  48  48
Karan Singh 9 741 281  159  79  61  49
Dan Lehnherr 16 734 127  61  57  52  52
Dr. Kingshuk Dutta 16 732 68  56  54  49  43
Ben S. Huang, PhD 6 730 457  134  72  31  25
Nicolas R. Ziebarth 14 729 123  69  63  52  30
Santosh B Murthy 15 729 78  65  46  46  45
Ashim Datta 8 727 404  176  45  35  22
Vlad Oncescu 9 726 196  143  106  102  51
Sreejith Kaniyankandy 15 724 96  81  64  62  51
Chengbing Wang 13 724 147  124  102  91  56
Suresh Andrew Sethi 11 724 207  148  93  55  50
Huimin Chen 12 720 190  129  106  80  41
Laura Brunengraber Goodman 13 719 148  129  90  62  48
Mintu Porel 17 719 81  78  60  58  41
Mahdi Hesari 17 715 76  53  43  40  40
M.S.H Aung 16 714 101  48  45  41  35
Andreea Minca 12 713 186  109  107  62  56
Jean-Francois Houde 12 713 207  74  61  59  56
Kristin Aldred Cheek 7 713 253  166  139  57  49
Shuo Li 8 711 216  214  138  84  24
Jung Mee Park 11 710 88  80  77  76  73
Yiqin Wang 12 710 134  124  119  79  50
Tracey Van Kempen 9 708 448  47  35  32  25
Antonio Bernardo 13 707 89  70  65  63  53
Chuang Tan 10 706 156  114  104  71  54
Chang-Suk Chae 10 706 404  69  41  40  33
Botao Liu 9 705 291  152  80  52  41
Justine Vanden Heuvel 15 701 120  58  56  46  37
Charles J Lynch 7 700 252  171  136  55  50
Emily R. Davenport 10 697 144  143  99  75  69
Nandini Ananth 14 697 114  100  92  69  62
Dahua Shou (寿大华) 14 695 206  62  43  37  32
Shannon Gleeson 11 690 132  117  110  48  44
Amanda Purington 10 687 247  219  61  29  24
Jayadev Acharya 14 685 197  50  39  32  31
Julius Vira 12 683 122  116  101  84  39
Kriti Charan 8 682 449  57  40  29  27
Brian Koopman 12 680 146  102  64  60  41
Yun Jiang 11 674 130  100  99  88  69
Brian J. Lucas 9 674 397  87  64  27  26
Kristina Rennekamp 11 673 240  150  47  27  26
David Sessoms 11 671 209  92  75  72  60
Meredith Silberstein 13 670 106  86  75  59  57
Zhen Chen 11 667 258  90  62  46  31
Scott E. Yonker 9 662 286  113  104  70  33
David Filiberto 6 662 425  143  36  30  15
Kimberlee Sparks 5 662 345  182  86  36  5
Hiam Chemaitelly 13 660 120  80  63  46  41
Daniel Goodman 8 657 216  212  74  70  39
Raja Dey 14 656 94  81  80  54  52
Ada Gjyrezi 6 655 300  155  97  39  37
Tyler C. Coverdale 13 654 119  98  84  83  40
yimon aye 14 654 108  83  83  64  52
Amy R Krosch 5 652 480  73  68  16  14
Eric Minwei Liu 7 651 405  107  54  26  22
Jian Gong 11 651 198  79  77  62  44
Steve Meisburger 12 650 190  68  61  60  57
Anthony Olarerin-George 8 649 237  180  76  41  28
Meredith Pittman 10 645 209  148  68  40  33
C M Catranis 11 644 101  99  91  87  64
Ronan Chaligne 11 643 105  91  91  70  66
Bishoy Morris Faltas 14 642 111  74  57  46  31
Kiran Mathew 10 641 196  148  68  53  40
Srilakshmi M Raj 8 641 428  65  48  24  23
Saien Xie 5 639 518  40  26  23  16
Peter Diamessis 13 638 89  67  59  58  47
Kaixiong Ye 10 638 365  95  34  30  25
Jennifer Pasquier 14 638 135  73  52  40  38
Qinlong Zhu 8 636 306  82  65  43  28
Christopher T Phare 7 634 239  186  91  51  46
Hayley Nicholls 6 633 204  175  144  47  34
Biswajeet Guha 9 631 152  116  81  78  76
Nan Ma 11 631 164  99  81  74  40
Robin Dando 10 631 166  123  95  48  26
Jed Liu 9 629 280  123  62  52  33
Xavier Serey 8 624 188  186  117  52  36
Abhishek Anand 8 621 313  185  26  21  19
Darya Terekhova 8 621 235  101  96  96  78
Alex Townsend 14 617 85  78  77  38  29
Sriram Nandha Premnath 7 616 367  141  30  22  19
Martín A. Rivas 13 616 130  85  72  52  40
Maria Katherine Mejia Guerra 8 615 245  138  80  52  33
Rong Huang 13 615 120  72  66  39  34
Ratnikova A. Tatsiana 6 614 375  143  51  28  9
Sumit Chakraborty 14 614 108  83  63  57  37
Iva Perovic 10 614 315  59  57  38  35
Shayantani Mukherjee 15 612 74  68  60  51  49
Nilay Yapici 6 612 294  145  91  35  34
Jeannine Gerhardt 9 612 145  117  117  94  62
Cem Meydan 10 610 180  114  86  40  31
Adam Seth Levine 9 610 223  130  70  69  31
Dawn Woodard 12 609 169  69  69  46  39
Thaher Pelaseyed 8 609 240  234  34  32  21
Mingda Zhu 11 606 149  74  73  70  45
Amy Kuceyeski 12 606 297  52  25  25  22
Kushal Sengupta 14 605 80  63  48  44  43
Joshua Levitz 12 602 132  129  69  56  34
Rohit Upadhyay 16 598 63  52  52  49  40
Drew Margolin 10 598 124  91  63  54  48
Sae Woong Park 14 597 107  82  65  51  48
Caroline Andrews 8 595 246  155  89  31  22
Aubrey M Kelly 12 592 88  87  73  61  52
Pingping Zhu 10 592 236  105  40  33  30
Holger Klinck 13 592 68  46  37  36  34
Kaifu Bian 11 589 129  113  70  54  49
Colleen McLinn 7 587 274  172  63  25  20
Abby Grace Drake 4 586 243  227  61  49  4
Dawn E. Schrader 14 586 151  59  43  42  36
Karl William Smolenski 12 586 98  68  31  31  31
Myat T. Lin 13 582 196  70  59  40  26
Pradeep K. Singh 10 580 129  95  78  74  50
Matthew Mancuso 9 580 143  106  102  61  51
Yu-Fang Chang 9 580 326  60  41  35  32
Surya Saha 9 579 149  112  57  57  53
Justin R Kingery 7 579 177  154  120  66  39
Paul McGuirk 11 578 187  81  79  55  33
Gregory McLaskey 11 576 97  93  55  51  51
Xiao-Xiao Zhang 5 573 204  145  119  53  52
Harry E Shaw 9 573 222  191  32  23  19
Nayef Mazloum 13 571 90  82  59  56  49
Erika Styger 10 571 179  75  58  58  37
Chao Zhang 11 569 238  39  26  23  21
Emily Zitek 8 569 179  133  126  55  32
Hui Yuan 12 569 100  73  70  66  65
Yang Xusan 8 566 276  92  31  28  26
Hyunseob Kim 9 562 175  132  72  48  33
Amine Laourine 11 559 81  76  64  57  52
Zachary Grinspan, MD MS 12 558 108  95  57  41  35
Catherine R. DeBlase 8 558 249  97  59  37  35
Kristen C. Elmore 7 558 326  76  61  39  17
Thak Chaloemtiarana 7 556 412  59  20  10  8
Devendra Bansal 10 556 100  95  80  74  53
Ludmilla Aristilde 12 553 95  73  59  49  48
Maren Vitousek 13 553 86  64  40  40  35
Philipp Isermann 7 551 216  175  91  23  17
Lihong Lao 6 551 139  139  104  66  62
Thak Chaloemtiarana 6 548 412  59  20  10  7
Gail Steinhart 14 546 105  42  38  38  36
Marc Dubin 9 546 204  163  25  24  20
Daniel Gold 11 546 137  119  40  38  27
Joshua Woodard 13 545 95  52  52  33  27
Anurag Sharma 13 545 111  76  63  43  34
Jennifer N. Bress 10 545 113  89  76  64  45
Shuolong Yang 10 544 192  78  62  58  46
Ursula Krotscheck 16 541 49  43  42  31  28
Loredana Puca 9 541 255  74  69  30  25
Peter Hirtle 13 540 70  52  50  44  44
Yin He 7 539 198  133  56  56  44
Miguel Foronda 8 537 174  78  72  57  48
Scott McArt 11 535 125  92  75  49  38
Andreas Veit 11 533 180  66  54  54  40
Austin R Benson 12 531 151  66  52  49  41
Sameer Malhotra 11 531 136  75  58  57  39
Naveed Hassan Akhtar 10 531 191  95  67  34  33
Manuel Martin-Flores 11 530 91  86  61  26  23
Laura Cabrera (formerly Colosi) 10 528 269  56  40  31  24
SD Alcaine 9 527 126  99  98  71  40
Gaurav D. Moghe 11 522 114  113  61  45  41
Alex Russ (Alexey Kudryavtsev) 9 522 217  89  77  30  27
Ashkan H.Behzadi 13 522 123  43  35  34  31
Megan E Holtz 11 520 128  74  64  49  32
Yue Yang 11 520 95  71  70  45  44
Bryan Swingle 12 516 82  67  60  50  47
Jared Maxson 12 516 98  68  58  35  31
Gino Gialdini 11 516 112  62  57  39  32
Mengjie Yu 10 515 186  59  55  43  34
Mar Cortes 10 514 177  66  43  36  34
Seung Koo Lee 11 514 127  95  45  44  38
Paul J. Albert 10 513 86  81  72  70  55
Jillian L. Goldfarb, Ph.D. 14 513 58  49  37  34  30
Jin Hong Lee 13 513 59  53  37  35  34
Juan C. Osorio M.D. 13 513 147  47  46  45  31
Priya Bhardwaj 8 511 280  60  50  36  21
Siddhartha Banerjee 10 511 126  71  49  49  36
Eli Rodgers-Melnick 9 510 134  111  88  66  43
Nárgila G. Moura 11 510 124  89  79  47  38
Lilan Hong 10 510 124  91  62  51  38
Monroe Weber-Shirk 11 507 108  97  44  40  34
Lawrence D Tzuang 11 506 152  83  56  36  30
Vlad Niculae 8 503 280  61  24  19  15
Isaac H. Smith 8 500 141  124  107  53  34
Chieh-Yang Cheng 7 500 219  78  69  42  38
Luo Zuo 9 499 172  95  74  34  32
Yi-Chih Lin 12 497 113  74  69  44  37
Scott Steinschneider 13 495 76  49  43  37  35
Murli Manohar 12 495 78  62  57  53  48
Saeed Alaei 14 494 99  62  36  34  30
Christopher De Sa 10 494 112  100  68  56  24
Kelly Robbins 10 494 113  100  68  49  27
Christine Leuenberger 11 492 118  89  46  33  25
Timothy C. Clapper, PhD 11 491 157  58  56  39  34
Howard Chong 9 490 150  93  91  38  34
Zhaoyin Jia 8 488 314  86  21  15  14
Jessica Chen Weiss 8 487 167  156  48  47  15
Monica M. Santisteban 10 487 180  63  45  42  35
Maxim Sheinin 8 485 166  70  64  46  45
Mingji Li 11 484 73  73  65  50  48
Bradley J. Rickard 11 483 115  47  33  30  27
Kirstin Petersen 6 482 218  97  77  35  20
shengyu Ku 9 481 113  98  55  51  42
Dominic DiFranzo 9 480 167  90  68  30  20
Hui Jing 12 480 69  53  52  50  50
Jennifer Agans 12 479 75  51  48  43  40
Bingfang Liu 12 479 75  52  52  51  47
Kristoffer Nimark 10 478 108  88  71  46  40
Nicolas Schiper 11 477 104  90  59  28  27
James D. Lowe 7 475 124  123  74  48  24
Ren Xu 6 475 244  161  22  20  10
Feifei An 13 473 84  60  40  39  35
Jung-Ho Shin 10 473 81  79  68  59  47
Qingguo chen 8 472 101  91  73  71  62
Tony Rosen 10 472 87  64  59  39  38
Sarah E Murray 9 471 166  98  60  35  19
Mu Zhang 6 470 186  105  64  40  36
Malte F Jung 10 468 58  52  35  32  32
Mohamed Badreldin Elshazly 7 468 161  153  35  32  25
Damek Davis 9 467 119  76  66  38  26
Jaime Benitez 12 466 67  54  54  48  45
So Hyun (Sophy) Kim 9 466 87  82  66  46  43
Aseema Mohanty 5 465 186  143  94  24  12
Michael Bales 11 464 115  75  74  30  25
Parag Mahanti 7 463 115  71  61  57  56
Shailendra Rathore 11 462 104  73  52  48  39
Carol Newby 6 461 329  62  20  16  14
Peter W. Martin 12 461 72  48  37  28  23
Matěj Velický 13 459 68  40  38  34  32
Bizhan Romani 9 459 190  78  40  39  20
Alfred C Gellhorn 9 458 151  80  67  36  22
Nicholas J. Sanders 7 455 129  96  78  70  43
Joleah Lamb 10 454 91  77  69  54  47
Yen-Chu Lin 9 454 159  60  49  47  39
Rodica Petruta Bunaciu 11 454 172  61  24  22  20
Matteo Respino 9 453 110  82  69  56  49
Victor Wong 8 453 242  68  63  26  14
Marie Fernandes 8 452 133  87  85  42  35
Sam Beer 10 452 114  80  65  44  32
Ivan Pustogarov 8 450 140  135  61  49  21
Gary Lelli 12 450 102  57  43  39  24
Victoria Martin 8 449 147  118  39  38  35
Sudipta Chatterjee 13 448 48  44  43  38  36
Seung Ho Chung 8 444 197  71  56  42  38
Wei You 8 444 126  118  65  36  29
Yuan Liu 13 443 60  51  47  46  41
Thomas L. Vincent 10 442 100  61  55  39  34
Xianwen Mao 11 442 61  56  49  46  45
Mridusmita Saikia 9 442 96  80  62  61  61
Tanmoy Das Lala 5 441 336  46  28  13  13
Brian McInnis 5 440 214  144  28  13  9
Peter Oxley 11 439 93  71  43  38  38
Etienne Dardenne 8 439 129  70  69  52  45
Sam Tilsen 12 436 65  54  49  29  27
Lifang He 12 435 59  48  40  28  25
Xiao-Min Liu 10 435 128  104  45  34  24
Honggeun Park 13 434 84  58  35  35  27
Ben Finio 12 434 78  73  47  34  31
Alexander Kuo 9 433 243  35  30  28  16
Leila Feiz 11 433 143  55  45  40  32
Nabil Elrouby 9 432 120  79  40  38  36
Nicola Dell 10 430 95  94  32  29  26
Jared A. Leff 11 429 71  62  50  50  27
Joshua L. Moore 8 426 135  111  66  38  25
Brian Richardson 8 425 166  57  57  46  27
Erica Boothby 5 425 264  120  18  6  5
Christopher D Beatty 9 425 127  88  36  27  26
J. Arvid Ågren 9 424 205  53  33  29  23
Leonardo Campagna 12 424 88  54  36  32  29
Conor Claverie Taff 11 423 76  67  44  35  35
Rohan Ramakrishna 11 422 49  49  49  39  36
Nithin Michael 6 420 174  153  38  23  13
Viviana Ruiz-Gutierrez 11 418 106  80  35  33  29
Alejandro L. Madrid 11 417 60  43  38  36  34
Dr. Pankaj Kumar Porwal 8 416 201  66  35  34  25
Kimberly Wilber 11 415 180  39  38  22  20
Quentin Michaudel 10 414 123  66  48  41  38
Eric J. Monkman 12 413 75  74  50  40  34
Lijun Zhu 9 412 104  57  44  39  39
Curt Dunnam 10 412 77  73  59  33  33
Brooke Erin Duffy 10 411 83  69  47  45  38
Dylan Bugden 5 411 305  46  28  15  12
Nimat Hafez Barazangi 12 411 125  27  24  21  20
Karen L. Adair 9 409 171  111  23  20  18
Martha S. Field 10 409 81  71  39  30  29
Marc Miskin 10 407 72  57  57  42  37
Filippo Filicori 12 407 129  34  34  31  29
Siyoung Choi 10 407 80  65  60  39  35
Cecilia Nilsson 10 406 133  79  32  32  28
Matt Warkentin 13 406 45  41  38  36  30
Beth Nowadnick 11 406 70  63  50  45  39
Edward Zhmayev 8 405 120  76  75  40  30
Thomas R. Campion, Jr. 13 404 45  36  36  36  30
Mintai Peter Hwang 12 402 51  39  35  32  29
Katherine P. Barteau 7 402 100  100  59  51  36
Sichang Zhou 9 402 162  59  33  26  24
Menyoung Lee 9 400 116  68  49  45  35
John Huynh 6 400 206  71  51  30  21
Min Li 11 399 109  90  31  24  22
Fan Yan 10 399 124  71  38  37  25
Rene Geissler 8 398 178  75  41  22  21
HaeEun Helen Chun 10 398 107  76  41  32  31
Evmorfia Diamanti 11 396 80  75  54  39  33
Sarah J. Wright 6 395 107  84  82  62  49
Tomoko Kitago 8 395 159  113  49  23  15
Danilo A. Cantero 12 394 62  57  39  35  35
Jordan Matsudaira 9 393 148  46  42  39  36
Muhammad M. Rahman 11 392 90  51  34  25  25
Gustavo Flores-Macías 9 391 93  68  64  45  33
Joshua E. Turse 11 389 67  63  55  46  26
Yingxin Chen 11 389 60  37  31  28  27
Seth Manoach 9 389 118  93  53  21  16
Yujie Chen 10 388 103  69  51  32  30
Christopher M. Dalton 9 387 105  58  56  41  31
Wendy A. Kozlowski 9 387 120  98  50  16  14
Chris Larson 7 386 216  67  35  24  17
Christopher J. Pollock 10 386 80  55  38  29  26
Yuval Vidavsky 7 385 92  78  61  47  45
Yin Cui 8 383 110  66  62  56  27
Bo Chen 11 382 143  31  28  28  19
Gwynne Lim 6 382 162  80  61  37  23
Bruce Pan 7 380 113  58  56  55  51
Cédric Zimmer 10 380 67  55  51  40  26
So-Yeon Yoon 9 380 80  65  42  33  23
Casey B. Dillman 10 379 133  60  31  26  17
Madeleine Udell 9 379 110  51  45  27  26
Ting-Yi Wang 8 379 178  91  28  14  14
Esak (Isaac) Lee, Ph.D. 13 378 55  55  35  33  24
Kai Ma 8 378 123  64  54  35  22
Xin Liu 7 377 105  93  64  53  33
Wei Min Chan 8 376 124  85  46  42  32
Anita Milana Schmid 9 375 242  32  18  16  15
Arnaud Germain 10 372 74  57  54  33  32
Jun Liu 11 371 65  31  27  26  24
Solace Shen 7 371 149  85  35  29  22
Sara B. Pritchard 8 368 137  55  38  37  34
Masato Mizutani 7 367 143  63  44  41  26
Giovanni Sisti 10 367 43  41  23  21  20
Chike Cao 8 365 101  56  43  39  35
Nathan Kallus 10 365 134  50  36  30  23
Xu Yi 10 365 93  55  50  38  37
Nicola Corradi 8 364 79  76  62  40  35
mahdi ahmadi 7 363 85  63  62  52  38
Jamol Pender 11 363 49  38  29  26  25
Kevin Mennitt 5 362 267  30  30  10  7
Conor Foley 7 362 103  93  46  30  26
Thirunavukkarasu Vaithianathan 9 360 90  56  45  25  22
Paul Upchurch 6 359 161  161  114  30  26
Nicolas Templier 11 358 64  35  27  26  25
Alexandra L. McGregor 5 357 216  67  37  21  13
Sureshbabu Angara 12 356 51  45  34  31  27
Rebecca Bell 10 356 60  43  40  39  37
Duo An 11 355 78  40  38  32  30
Rachel Wragg 7 355 84  71  54  50  46
Jian-Huang She 11 354 48  44  35  31  27
Amanda T. Rugenski 11 354 79  58  31  31  27
Irena Ilieva 8 354 101  63  61  44  42
Payman Samadi 11 353 72  21  20  20  18
Tim O'Connell 11 353 32  16  15  15  14
Yang Xu 7 352 188  60  37  22  19
Michele Alves-Bezerra 9 352 102  75  64  17  15
Zhong Zhang 13 351 48  34  33  30  25
Michelle Cox 9 348 97  64  41  37  20
Deniz Gunceler 8 347 128  84  32  23  20
Jingli Cao 8 347 84  69  66  32  29
Prashant Hosmani 5 345 181  100  41  12  7
Lu Huang 11 344 45  45  41  37  36
Olivier Vincent 10 340 73  38  26  26  26
Chandrashekhar Nagarajan 8 339 182  35  28  27  22
Amit Kumar 12 339 48  37  30  27  25
Parag Goyal 8 339 105  42  34  32  26
Charles Pepe-Ranney 9 337 93  45  44  42  39
Gregory Peck 9 337 154  29  21  16  14
Fabiana Duarte 5 337 212  60  27  24  14
Yuhan Ling 4 337 268  42  17  8  2
Xiaonan Hui 10 336 90  68  29  22  21
Josh Strable 6 336 120  85  59  39  18
Maricelis Acevedo 10 336 50  37  36  26  18
Cora Best 6 335 141  76  36  32  22
Matthew Ebben 9 330 76  46  38  32  23
Weishan Huang 11 329 78  35  27  27  19
Diarmuid Cahalane 6 329 160  69  52  21  16
Bryan Peele 4 329 216  48  35  24  4
Jennifer Ifft 8 328 116  38  19  14  13
Wing-kei Yu 9 328 73  63  52  38  24
Namhee Jeong 10 328 58  56  36  35  29
Chen Jiao 10 327 39  38  33  30  29
Priyanka Vijay 5 327 129  115  65  9  6
Tobias Schnabel 7 326 156  36  33  32  17
Amanda C. McClain 6 325 143  102  23  23  21
SERE Yves Y. 6 325 112  86  64  20  17
Prashant Thakkar 2 324 301  21  1  1  0
Seoho Lee 7 324 106  102  26  19  17
Hamid R. Sayarshad 10 324 74  65  37  27  24
Lukasz Krzeminski 8 324 112  52  35  32  29
Susanne F. Awad 8 322 84  43  36  27  24
Nicholas J. Brady 11 322 65  36  34  29  28
Stephanie H. Lee 9 320 66  47  47  37  31
Dr. Rafael Escalona Reynoso 6 318 193  193  190  190  75
Kristine Klimovica 7 317 195  71  9  9  8
Paul A. Teixeira 11 316 47  39  38  38  30
David Sinefeld 10 313 49  34  29  26  24
Nathan A. Jud 9 311 51  50  41  35  33
Xuepeng Sun 11 311 48  31  31  28  27
Benet Pera 12 310 44  44  35  29  26
Eric Clifton 4 309 249  29  18  10  2
Gilou Agbaglah 6 308 151  61  30  29  19
Jonathan R Petrie 10 308 51  48  43  31  26
Karen Levy 9 306 83  39  30  23  20
Mingqi Ge 10 305 32  25  18  15  13
Judith Peraino 9 304 146  31  29  29  22
Mohamad Irani 7 304 85  74  34  28  18
Weiqi Zhang 9 304 47  45  36  35  33
Malte Ziewitz 6 303 98  71  58  27  14
Sin-Chi Kuok 7 303 82  67  36  31  27
Patrick Ng 6 303 227  31  14  11  6
Frederik W. Lund 11 303 68  32  31  26  23
Maxim Troshkin 6 302 81  75  75  60  26
Li Jiang 7 301 102  61  51  51  12
Yongxi Ou 7 300 117  86  29  28  22
Timur Dogan 8 300 89  37  26  25  23
Julien Moretti 7 299 87  53  40  36  28
pilar m. dominguez 5 299 224  29  14  13  11
Ross Tate 8 297 116  40  30  25  24
Anastasia Dalziell 8 296 67  50  48  39  32
Sarah Hind 8 296 81  67  39  34  22
Steven A Miller 6 295 109  53  47  34  28
Francesca Khani, M.D. 8 294 63  62  31  28  25
Mingda Li 5 293 101  99  70  5  5
Laura Jean Byrnes, Ph.D. 8 293 112  50  47  26  18
Vera Khovanskaya 6 292 135  58  54  9  7
Sidharth Telang 6 292 133  133  83  25  20
Haofei I. Wei 7 291 81  74  71  22  14
Zhen Xue M.D., Ph.D. 7 289 69  56  56  33  29
Abduqodir H. Toychiev 10 289 97  44  38  18  18
Chengliang Zhang 9 287 47  45  35  29  28
Nicholas R Jungwirth 7 287 116  52  38  35  14
Namrata Singh 7 287 80  74  52  33  19
Nicholas J Bessman 7 286 127  37  31  29  25
Fan Zhang 5 286 131  82  22  22  18
Keith Evan Green 9 285 24  21  17  16  12
prateek bansal 6 285 97  86  61  16  7
Farrokh Sharifi 8 284 148  30  19  18  13
Akanksha Verma 8 283 109  60  24  19  16
Ye Guo 10 283 45  22  20  17  15
Chao SHANG / 尚超 9 281 97  27  24  23  21
Dipendra Misra 6 281 79  69  53  31  24
Shiyan Chen 8 280 83  56  35  25  20
Russell A. Ligon 11 279 42  22  22  22  21
Will DeBenedetti 9 279 110  31  24  17  15
Anja Billing 10 278 46  37  37  31  31
Karn Seth 7 277 133  35  25  22  22
XiaoLi Bing 9 277 69  52  30  28  24
Wenyang Pan 6 277 79  71  60  18  15
Vanessa Aguiar-Pulido 8 274 47  39  28  23  19
Nicholas J Klein 9 273 62  28  23  22  22
N.G. Holmes 9 273 67  52  43  26  26
Kylan Szeto, Ph.D 8 272 54  47  43  32  31
Jiyao Gao 6 272 76  73  43  24  19
Wanjun Liu 6 272 117  54  54  41  18
Gerd Korman 7 271 88  68  33  13  12
Suresh Vishwanath 8 271 74  47  22  22  21
Guillaume J. Bauchet 6 270 81  65  61  41  9
Yu Zhang 9 269 48  42  37  25  23
I. Abrrey Monreal 8 269 124  37  28  17  17
Raga Gopalakrishnan 8 267 89  56  26  15  13
Chenxia Wu 7 267 62  60  58  15  12
Rodrigo Navarro-Ramirez 7 267 166  13  11  10  9
Minh-Hai Nguyen 4 267 120  91  41  12  2
Emily Cornwell 9 266 80  19  16  16  16
Zhengchun Lu 10 266 67  37  35  31  20
Seyed Ramin Pajoumshariati 8 266 77  44  38  21  19
Edward Stiglitz 7 266 128  37  35  10  10
Peter DelNero 5 265 97  51  49  39  25
Qingsong Li 8 263 96  56  23  21  18
Yifei Mao 3 263 245  8  6  3  1
Huiju Park 9 262 104  23  21  21  16
Kevin N Rohmann 8 262 62  57  31  30  26
Christopher W Yee 9 262 74  44  38  18  15
Bethany Wasik 7 261 53  45  45  39  26
George R Heath 9 261 82  43  34  30  13
Lilia Leisle 7 261 115  29  28  27  24
Jura Liaukonyte 8 260 66  34  33  28  19
Kevin Whitham 7 259 107  73  23  16  10
Lu Zhu 9 258 51  37  34  24  22
Rossella Marullo 6 258 188  17  16  12  6
Xu Xu 7 257 93  45  29  29  17
Gaojin Li 8 257 92  34  33  31  21
Ying Wang 5 256 73  52  50  48  28
Charlotte Jirousek 7 254 80  40  37  20  19
Yi Zhao 7 254 77  60  50  14  13
Dr Chandra P. Joshi 9 253 36  35  33  30  25
Edward  Mabaya 7 253 63  32  30  19  14
Jonas Zierer 7 252 95  45  34  19  16
David Alan Goldberg 11 252 42  24  24  19  14
paul grubbs 5 251 134  35  28  26  8
Jon Corson-Rikert 7 250 74  44  41  16  16
Kevin W. O'Brien 5 250 84  75  36  35  8
Paula S Ginter 8 250 87  47  13  13  10
Maciej Lukawski 7 248 57  47  38  35  15
Sumanta Basu 7 248 104  46  32  19  13
Iván Díaz 10 247 54  20  18  15  14
Sabine Mann 8 247 37  36  28  26  22
Ebrahim Afshinnekoo 7 247 114  37  23  12  11
Alexander R. Ruyack 4 247 221  7  6  4  4
Amrita Banerjee 9 246 44  39  29  28  20
Adam Seth Litwin 8 245 49  45  36  25  24
Feng Gao 8 245 65  59  43  19  15
Seyedhamidreza Alaie 8 244 66  56  21  18  16
Shaham Beg, M.D 9 243 78  18  17  16  15
Prashant Khade 9 242 42  32  28  28  28
Karthick Chandraseker 7 242 60  47  45  36  21
Souvik Chakrabarty 10 240 34  31  31  24  22
Gregory M. Stiehl 8 239 70  55  27  24  16
Wei Dong 6 237 95  44  23  21  16
Jacob Gardner 9 236 81  30  27  26  15
Yue Yu 4 235 149  49  25  7  3
Laura Andres-Martin, L. Andres-Martin, Martin LA,Andres Martin L 7 234 75  53  36  25  15
James M. Davis 6 233 118  65  9  7  7
Varun Hiremath 7 233 48  41  34  30  29
Pilar Berenguer 5 232 76  71  65  8  6
Nicole D. Wagner 9 232 57  41  26  18  17
Yu Shiu 8 231 63  28  21  15  13
Drexel A. Neumann 6 231 80  59  35  28  19
Bin Xu 11 230 30  27  22  17  16
Navid Movahed 6 230 69  41  41  27  23
Kurt A. Jordan 8 230 53  48  47  16  16
Nils-Petter Rudqvist 10 229 26  26  25  25  20
Kayla X. Nguyen 6 229 55  41  35  34  7
Anna R Haskins 6 229 69  67  26  24  17
Hirohide TAKAHASHI 9 229 32  28  28  25  25
yingying zhu 7 228 65  55  39  15  14
Alexander I. Evins 9 228 42  22  21  14  13
Saikat Boliar 7 228 54  42  35  34  19
SM Moududul Islam 8 228 54  40  23  19  18
Heather A Roman 7 228 57  45  40  26  16
Erika Ganda 8 228 54  36  25  16  14
Robert A. Dick 8 227 58  40  29  22  22
Byungki Jung 9 227 43  39  22  19  18
O. Nganba Meetei 6 224 66  51  39  35  23
Katie M. Stiles 7 224 52  43  41  27  22
Rediet Abebe 3 224 116  86  10  2  2
Kaitlin Woolley 6 223 103  35  34  18  17
Brian R. Wasik 7 222 80  34  31  26  14
Radwan Tajeddine 6 221 102  35  35  13  9
Matthew Reid 7 221 99  27  19  19  16
Carol M Manhart 8 221 55  37  31  24  23
Shubh Swain 6 220 73  57  43  26  14
Zhanwei Liu 7 219 53  39  36  34  33
Bashir Al Hussein Al Awamlh 9 218 57  24  24  16  15
William R Hobbs 6 217 100  30  29  18  15
Mallikarjun Bidarimath 9 216 38  37  32  25  16
Andy Qiliang Ding 7 215 56  45  33  30  26
Immanuel Trummer 8 215 38  25  23  22  21
Jackson D. Harvey 4 215 105  45  38  18  4
Zhe Wang (王哲） 8 214 71  25  21  18  11
Yao Wang 5 213 63  61  52  10  10
Ikenna Madu Ph.D. 7 211 54  50  44  24  18
André Escobar 8 210 47  21  17  16  14
Chaitanya Joshi 4 210 109  57  37  4  1
Esma Ucisik-Akkaya, PhD 7 210 52  41  40  20  20
William Schmidt 5 210 85  51  25  23  9
Mohamud Verjee 7 210 91  20  16  16  14
Yuhao Xu 7 209 70  37  22  16  15
Yunke Wu 11 209 23  20  19  15  14
Divya Bhatia 4 209 104  69  30  5  1
Ziad Fahmy 6 208 126  16  16  15  15
Huaishu Peng 7 208 86  45  24  15  15
Hamid Khatibi 6 207 62  56  31  25  8
Hamid Khatibi 6 207 62  56  31  25  8
Etzel Garrido 6 207 57  54  52  35  32
Elizabeth Murray 5 206 127  30  14  10  8
Krysten L. Schuler 10 206 27  25  17  17  15
Frans Schalekamp 7 205 94  25  13  11  10
Shreyas Y. Shah 6 205 66  46  39  22  22
Andrew J Dolgert 8 205 61  53  26  13  9
Tushar Gulati 8 205 39  34  23  19  19
Shuang Qiu 9 205 57  22  21  17  16
Himanshu Nagar 6 204 90  40  20  12  6
Alexander T Adams 5 204 86  48  32  17  9
Dr. Ajeet Pratap Singh (Ph.D.) 8 203 37  28  27  23  18
Ryan Germain 9 201 31  27  24  23  15
Jing Wang 6 201 120  25  16  14  7
Alberto Purwada 9 200 40  31  27  24  17
Emma S. Davies 9 200 33  20  17  14  13
Lei Liu 10 199 39  33  24  21  18
Roland Wilhelm 7 198 78  32  31  12  10
Srikanth Boddu 7 198 49  40  27  16  16
Sushila Shenoy 5 197 110  25  24  17  14
Nan Rong 5 196 77  62  24  21  5
Bryan M Gannon 7 196 81  39  13  12  11
Woosong Choi 5 195 98  41  29  12  11
Amir Ali Amiri Moghadam 9 195 29  24  21  18  14
Matthew Bierbaum 6 195 77  29  26  17  13
Neel S. Madhukar 5 195 111  27  14  14  9
Brooks Abel 8 195 54  41  25  18  16
huan du 7 195 45  40  33  24  19
Salar Moarref 6 194 92  38  18  15  13
Nonoy Bandillo 3 194 144  33  7  3  3
Gabriel Bender 5 193 108  35  18  18  6
Daniel Balazs 7 193 50  39  33  30  11
Jaime de Juan-Sanz 9 192 32  30  28  26  25
Ben Augustine 9 192 52  30  16  16  15
Thomas C. Mann 7 192 69  47  18  10  9
Johannes Wissel 6 191 90  52  11  10  8
Martina Rangl 8 191 48  48  16  16  15
Shantanu Rajwade 7 190 38  34  31  21  19
Paul W. Simonin 6 189 107  32  14  14  6
Tushar V. Desai 7 188 55  34  32  29  14
Jingqiu Liao 8 188 25  23  21  17  16
Eduardo Rico 7 188 60  35  30  29  10
Ewan Robinson 9 187 25  21  19  18  16
Dafna Gelbgiser 4 187 107  58  8  5  4
Linden McBride 6 186 50  35  32  26  15
Jack O'Malley-James 7 186 57  31  23  17  17
Andrew M. Davis 6 186 67  37  28  19  14
Ishraq Alim 6 185 75  35  28  24  11
Maryame El Moutamid 5 184 130  17  10  10  8
Elizabeth Margolskee 9 184 59  25  16  16  15
Yuhang Zhao 9 184 32  26  18  16  14
Yanping Yang 8 184 31  30  23  22  18
Jacob Uebler 7 183 44  33  29  21  12
Mojtaba Enayati 9 183 28  25  21  17  16
Mohamed Kamel 5 183 43  38  22  15  9
Wilhem Leconet 8 183 38  34  32  27  15
Katie D. Ricketts 6 182 121  23  11  11  7
Mónica R. Carvalho 7 182 36  34  27  27  26
Josephine Archibald 6 182 45  35  29  24  16
Manish Raghavan 5 182 133  20  14  10  5
Oleg Gorobtsov 9 181 22  18  15  14  14
Min Dong 7 180 47  29  29  19  14
Marie Leger 9 180 23  18  18  18  11
Faten Taki 6 179 87  23  20  18  10
Xi Zhang (Sheryl) 8 179 42  22  21  18  13
Morgan Ruelle 6 178 65  51  13  10  9
Jessica L. Sitnik 7 178 51  51  26  19  11
Michael Thomas Zumstein 5 178 135  9  6  5  5
Sital Kalantry 7 178 75  24  14  12  9
Andrea Stevenson Won 8 176 49  27  20  14  12
Andrew Ferraiuolo 7 176 52  37  19  17  14
Jean Costa 7 174 35  32  29  17  9
Shai Sela 8 174 40  25  21  19  18
Antoine Chapelain 5 174 74  55  17  10  10
Antigoni Polychroniadou 9 173 31  30  25  15  14
Joel T. Weiss 6 173 69  33  18  15  11
Rachel Sumner 7 173 35  29  20  20  16
David J. Kent 8 173 39  26  17  16  14
Kueifu Lai 6 173 71  28  24  23  15
Ryan Nehring 7 172 80  17  14  14  9
Noam David 8 172 47  20  19  18  13
John Callister 8 172 37  25  24  14  11
Kelken Chang 6 171 75  25  20  12  12
Mario Pesendorfer 8 170 38  31  21  19  10
Jonathan DeCastro 7 170 31  29  22  21  20
Michael Ehrlichman 7 169 23  23  23  19  16
Kranthi Kumar Kolli 7 168 34  21  19  18  17
Anil Damle 5 168 62  32  19  12  6
Pedro David Perez 3 168 106  51  9  1  1
Lin Yao 7 167 40  26  22  21  11
Pradeep Ramalingam 7 167 68  18  17  17  14
Hamed Pourbeyram 6 166 49  39  28  18  16
Bo Xu 5 166 67  39  30  18  5
Spenser Reed 6 166 36  32  28  27  20
Yibei Gu 7 166 45  32  28  15  11
Sina Lashgari 7 165 63  19  18  14  14
Salvator Lombardo 5 165 84  32  30  8  6
Daniel L. Weller 7 164 71  23  20  14  11
Emily Sun 7 164 49  29  25  12  8
YING CHEN 7 164 41  35  27  14  11
Anindita Bose 3 163 96  42  25  0  0
Farbod Shokrieh 5 163 70  35  22  16  16
Anil Johny Thachil 7 163 33  22  20  15  12
Irtisha Singh 6 162 64  40  21  19  10
Yen-Chun Lu 7 162 38  32  28  20  19
Sarit Szpiro 10 162 30  18  16  16  15
RuiJun Chen 5 162 76  19  17  13  13
Vijay Soni 8 161 40  25  17  17  13
Daniel L. Shawhan 9 161 27  18  16  13  13
Chuan Guo 5 159 58  44  27  9  6
Rebecca Marjerison 7 158 42  29  24  21  16
Nobumitsu Sakai 6 158 82  12  12  8  8
Honglin Feng 6 156 55  41  24  11  9
Asad L. Asad 8 156 49  29  16  12  11
Jason Bartell 6 156 40  33  33  23  9
Dr. Muhammad Javed 7 155 44  29  12  10  10
Petar Curkovic 7 155 41  18  14  13  11
Saber Moradi 6 155 54  41  20  12  10
Suzanne Gervais 3 155 131  10  7  2  2
Alexander Warning 6 155 48  26  19  18  18
Sabrina Karim 6 155 40  30  17  13  11
Philippe Nicolas 6 155 49  29  27  16  15
Rajesh Sinha 8 155 44  26  17  12  12
Eunju April Choi 7 153 32  30  26  23  14
Bo Xiang 7 152 37  28  22  12  11
Khadeejah T Sultan 6 152 51  41  20  17  10
Vasiliki Kosma 8 151 37  14  13  12  10
Emily Hoff 6 150 61  35  23  13  10
Hadi Hosseinzadegan 5 149 45  33  27  26  6
Catherine Sun 4 149 66  56  18  5  2
Xiang Chen 6 149 40  39  19  17  12
Elena Panizza 5 148 47  39  21  16  15
Praveen Kumar 5 147 78  29  13  12  5
Ludi Miao 7 147 44  20  19  15  15
Younas Dadmohammadi 8 147 38  23  15  15  11
Alexandre A. Lussier 5 147 52  43  19  17  11
Durgesh K. Rai 8 146 20  19  16  14  11
David S. Kammer 7 146 43  28  25  17  11
Minjee Kang 5 146 57  26  20  14  10
Jesse Novak 4 146 75  27  17  14  4
Chunming Liu 5 145 44  39  28  24  5
Peishen HUANG 7 145 28  26  25  19  19
Jingxu Kent Zheng (郑景旭) 8 145 27  17  15  12  11
Sudhin Shah 5 145 56  30  29  17  5
Alexander Fix 6 144 71  21  18  15  7
Seyed Babak Mahjour 7 144 39  37  20  13  13
Yao Lu 4 144 79  40  8  8  3
Krishnamurthy Iyer 4 143 83  30  9  7  3
Lingyun Hao 3 143 105  29  5  3  1
Rahul J Shrivastava 6 141 34  31  26  26  9
Dong Yang 7 141 50  22  21  16  10
Elisa Lazzari 5 141 56  29  27  17  9
Benjamin C. Mac Murray 5 141 36  35  29  17  11
Muhammad Adnan 6 140 54  32  18  16  9
Aravind Gade 5 140 59  36  18  16  7
Mohsen Ranjbaran 6 139 49  27  22  13  12
Jamie L. Perry 5 139 60  60  32  24  10
Yu-Dai Tsai 5 139 47  41  16  12  12
Wendy Beauvais 6 138 64  25  9  6  6
Joshua Wilson 6 138 31  30  24  20  15
Shreesha Srinath 6 137 42  24  22  21  9
Satyaprakash Nayak 7 136 31  25  19  16  16
Nicholas Marra 6 136 25  24  22  21  18
Mahsa Shoaran 7 136 37  22  12  9  9
Prafull Purohit 5 136 55  29  15  10  5
Dillon Gentekos 5 136 46  36  24  21  6
Shannan Sweet 6 135 38  32  16  15  15
Ahmad A. Cluntun 5 135 54  32  22  12  12
Valerio Poggiali 6 135 71  13  9  9  8
Juan J.L. Guzman 6 134 41  23  18  17  13
Haiyan Wang 3 134 128  128  128  3  3
Jenélle Dowling 6 134 65  19  16  12  8
Elliot Padgett 5 134 64  32  14  8  8
Kristine M. Averill 6 133 27  23  22  21  18
Joseph Shoer 6 132 31  22  19  17  15
Yuting Ji 6 132 56  22  10  9  9
Heng Pan 4 132 73  43  8  6  2
Rui WU 7 132 40  31  21  10  10
Johannes Hugo Decker 6 131 59  27  19  10  7
Traci Nathans-Kelly 4 131 91  15  7  6  4
Jiahn Choi 5 131 65  27  16  10  7
Philipp Schmidpeter 7 130 30  16  16  13  13
Betül Pamuk 4 129 101  101  11  11  4
Weifei Hu 6 129 30  23  21  17  8
Michael O. Engle 7 129 29  25  24  16  8
John Zinda 7 128 26  24  20  10  9
Xianfei Sun 5 127 44  30  20  20  7
Laewoo Leo Kang 4 127 69  36  9  5  4
Viktoriya Syrovatkina 6 127 31  30  30  11  10
S. Ali Hassani Gangaraj 7 126 25  19  17  15  14
Shivakeshavan Ratnadurai Giridharan 6 126 36  23  22  19  11
Odette Chagoury 3 126 61  54  7  2  2
John E McCarthy 7 125 37  20  11  11  9
Jacob D Washburn 7 125 30  21  20  19  15
Fanny Vatter (Pelissier) 4 125 57  39  24  5  0
Longqi Yang 6 125 31  27  18  17  9
Matthew R Zanotelli 5 125 40  30  28  10  10
Marcelo Araya-Salas 7 124 25  23  18  14  13
Zhuangsheng Lin, MS 4 124 46  31  21  20  4
Mark Buckler 4 124 85  14  11  7  4
Ching-Lin Hsieh 6 124 36  25  22  12  9
Christine Coyer 7 123 38  23  15  11  9
Hao Ma 6 123 42  34  14  12  9
Tao Wang 6 122 15  14  13  9  9
Erika Mudrak 6 122 26  21  17  16  12
Thomas Wallin 4 122 49  48  7  5  4
LEIMING DONG 6 122 37  28  11  7  7
Paul Czechowski 6 121 29  22  22  21  10
Karima Chaabna, PhD 6 121 30  18  16  14  13
Corinne Sweeney Catarozoli 5 121 33  33  25  7  7
Thomas Blankers 6 121 43  24  19  11  8
Ritchie Zhao 6 121 48  23  9  9  7
Tianyu Wang 4 120 61  40  14  4  1
Dipti N Barman 5 120 51  30  18  11  10
Barnabas Natamba 6 119 38  28  13  11  10
Eva Steiner 5 119 48  20  18  11  6
Faazil Kassam 7 119 25  22  21  15  11
David Jaume 7 118 28  21  19  14  10
Christoforos Mavrogiannis 6 117 29  23  18  12  7
Jocienne N Nelson 3 117 83  28  5  1  0
Baidurja Ray 6 116 35  25  18  13  10
Guillaume Perez 6 116 38  24  16  12  10
Heidi Catherine Meyer 6 116 41  14  11  8  6
Henry C. W. Chu 5 115 39  27  26  9  6
Samuel Birch 8 115 19  19  12  12  11
Peter Beaucage 6 114 23  22  15  14  12
Srđan G. Aćimović 6 113 32  20  15  10  8
Joshua Tokuda 5 113 52  21  19  9  8
Irving Goh 6 112 13  13  8  8  8
Darryl Ngai 4 112 83  83  15  9  4
Christine Diepenbrock 4 112 62  21  14  10  4
Dean Castillo 7 111 28  15  14  12  11
Tianshu Liu 5 111 43  18  17  15  5
Krishna D. Reddy 5 110 56  25  10  6  5
James Baker 4 108 38  37  17  5  4
Zhewang Lin 5 108 34  25  19  13  12
Zhe Wang 5 108 51  22  14  9  6
Michelle Duong 5 108 31  28  26  11  6
Marnin Wolfe 5 107 39  28  13  9  7
Yuanhui Mao 7 107 34  11  10  9  9
Alejandro Amor-Coarasa 7 105 14  14  12  9  8
Cornelia Twining 6 105 39  24  14  10  9
Richard Knepper 6 104 21  18  13  9  7
Dylan J. Foster 4 104 56  22  17  5  2
Ashley Stingel 5 104 49  23  12  11  6
Jugpreet Singh 4 102 42  26  24  6  2
Julien Vanegue 5 102 37  25  14  7  6
Hanhan Wang 5 102 50  21  8  8  5
Zhe Liu 6 102 22  16  15  11  9
Raphael Sura Daveau 4 102 28  27  23  15  4
Charles Jeon 5 101 31  29  14  7  6
Gaurav Thareja 5 101 29  25  17  14  6
Weixuan Lin 5 100 36  16  15  8  5
Paul Corlies 4 100 60  13  9  4  3
Gai Liu 6 99 23  21  9  9  7
Micah Ingalls 5 99 23  21  21  18  15
Jeesoo Seok 5 99 32  23  11  9  8
Tito Sandoval 4 99 46  22  16  7  4
Katherine Shanks 4 99 55  17  10  4  2
Adrian F. Powell 6 98 27  25  15  11  8
Ryan Badman 4 98 48  28  11  6  2
Robert S. White 6 98 28  15  12  10  7
Sam Jones 4 98 55  24  12  7  0
Sundaresh Ram 7 97 22  12  12  9  8
Fan Ye 6 97 25  11  11  11  8
Felix Wu 6 97 24  20  20  13  8
Kuk-Hyun Ahn 5 97 45  13  10  6  6
Bibudha Parasar 6 96 27  27  18  10  6
Yongkang Zhang 6 96 23  17  16  10  7
Thomas B. Wild 5 96 33  20  8  8  6
Gopirajah Rajamanickam 4 95 45  33  7  5  3
Gopirajah Rajamanickam 4 95 45  33  7  5  3
Rajesh Kumar Singh 6 94 40  15  15  8  8
Mark Obstalecki 4 93 28  25  18  9  3
Akshay Bhat 5 92 36  17  11  9  6
Erik A. Smith 5 92 35  18  11  9  5
Yiting Xie 5 92 18  16  15  14  6
Raheleh Ravanfar 6 92 29  15  11  9  8
Paul Cueva 3 91 58  14  5  3  3
Sriram Sivaramakrishnan 6 91 21  20  12  12  8
Devon Proudfoot 4 91 33  25  14  13  3
Mark A. Sarvary 5 91 32  15  12  11  10
Kedarnath Vilankar 5 90 37  26  7  7  6
Andrew T Lombardo 4 90 41  22  19  5  2
Erin M Eggleston 5 90 29  21  18  13  8
Qinjian Jin (靳秦建） 6 90 33  20  10  6  6
Susan S. Fleming 5 90 43  15  14  9  5
William Stafstrom 4 90 31  28  18  11  2
Richard Ouedraogo 4 89 30  29  17  6  4
Pramita Mishra 5 89 22  15  11  10  8
Michael Zachman 6 89 27  15  12  12  6
Francisco Leal-Yepes 5 88 37  28  8  7  5
Sara C Keen 6 88 22  20  16  12  10
Andrew D Wiens 4 88 34  20  12  11  4
Ankita Narayan 6 88 35  15  14  10  6
Yuxing Tang 3 88 40  38  7  3  0
Tom Byvank 4 88 52  9  9  4  3
Sarah V Luna 4 87 44  28  6  5  3
Hui Wang 7 87 21  12  10  10  9
Thapakorn Jaroentomeechai 6 87 28  19  12  11  9
Sarah Tan 4 87 68  9  5  5  0
Stavros Nikolaou 5 86 42  12  11  7  5
Cresten Mansfeldt 5 84 21  20  13  12  7
Ardalan Khosrowpour 5 84 29  24  11  9  9
Ariel Ortiz-Bobea 5 84 36  13  9  6  5
bethany ojalehto 5 84 29  19  8  7  6
James C Burtis 5 83 26  24  12  11  6
Sneha Pandya 5 83 22  18  17  8  6
Joseph Haegele 4 82 24  22  20  14  2
Sheila Qureshi 4 82 45  20  9  6  1
Samuel James Bader 3 80 54  20  4  1  1
Alexander D Port, MD 5 79 20  17  15  11  6
Jagat B. Budhathoki 4 79 33  26  13  5  2
Roger J. Bartolotta, MD 4 79 45  14  9  6  2
Lena Bartell 5 79 30  24  8  5  5
Lucinda Ramberg 5 79 31  18  10  8  8
Rahul Chatterjee 4 78 30  22  13  9  3
Christopher J Cameron 6 78 32  8  8  8  7
Guilherme Starvaggi França 5 77 12  9  7  7  6
Darren Pagan 4 77 21  19  15  5  4
Limor Man 3 77 49  17  5  3  1
Benjamin Grimmer 5 77 33  12  7  5  5
Stuart Basefsky 5 76 16  13  11  11  7
Asha Sharma 5 76 29  18  16  8  5
Christina Stark 3 76 46  21  4  3  1
Danhui Wang 5 76 31  16  12  8  7
Danilo Liarte 5 76 24  11  11  7  5
Youngmin Yi 5 75 19  15  14  10  6
Alireza Dalili 3 75 46  15  10  1  1
Tamás Kovács-Öller 5 74 32  11  7  6  5
Emily Fairley Pomeranz 5 74 19  17  11  10  9
Jessica Ratcliff 4 73 42  14  8  6  3
Po-Cheng Chen 6 73 19  11  7  6  6
Daniel Freund 5 72 17  17  10  8  7
Henry Herbol 4 72 28  12  11  6  4
Chao Ning 4 72 29  16  14  6  3
Mengran Wang 3 72 61  4  4  1  1
Alexander Schlichting 5 71 18  15  11  10  6
James Knighton 5 71 23  10  8  5  5
Fabio Cupri Rinaldi 6 71 17  14  14  9  7
Celesta Soyeon(L) Chang 3 71 55  4  3  3  2
Mahyar Amirgholy 5 71 20  17  13  9  6
Philip Daian 5 71 16  16  8  7  6
Abimbola Ayangbesan 3 69 57  5  5  1  1
Eyal Nitzany 4 68 21  16  15  11  2
Aino Kalske 4 68 25  23  11  6  2
Phani Kumar Konkapaka 4 68 26  23  14  4  1
Xiaochi Zhou 4 68 31  19  12  6  0
Chao Fang 5 67 23  11  10  9  8
Matthew Tancos 3 67 25  19  14  3  2
Amelia Courtney Hritz 5 67 15  14  12  8  6
Susan J. Cheng 4 66 36  14  7  6  2
Shengjie Shi 3 66 28  22  8  3  3
Niamh B O'Hara 3 65 35  21  6  1  1
KOMMIDI HARIKRISHNA 5 65 14  12  8  8  7
Nikolay Z. Zhelev 5 64 19  10  6  5  5
Scott Wehrwein 4 64 25  11  11  6  4
Kyle J. Harms 5 63 18  11  7  6  6
kalpana pandey 5 63 14  12  9  7  7
Federico Gaiti 4 62 31  12  9  7  1
Hyuncheol Bryant Kim 4 62 21  14  10  5  3
Gavin M. Leighton 4 61 20  6  5  5  4
Heidi Reesink 5 61 21  13  8  6  6
Natalie G Mueller 5 60 11  10  7  6  6
Daniel Garrett 3 60 18  17  9  3  3
Vanika Gupta 5 59 15  14  9  6  5
Fan Yu 4 59 29  8  6  5  3
Adnan Khan 5 59 10  8  7  7  7
Yize Zhao 4 59 13  12  10  5  4
Ana Maria Porras 4 58 31  9  7  5  3
Matthew Geoffrey Goff 5 58 19  11  9  9  9
Yury G. Kudryashov 4 57 19  10  9  4  4
Thomas V. Galassi 5 57 18  15  8  7  5
Benjamin Hasseldine 4 56 20  17  6  6  3
Andrey Gushchin 5 56 22  10  8  7  5
Bo Li 4 56 14  11  4  4  4
Mahmood Karimi Abdolmaleki 5 56 15  11  8  8  5
Katherine McFarland 4 56 29  10  6  5  3
Francesco Cavarretta 5 56 21  11  9  5  5
Sumedh Joshi 4 55 14  13  8  7  4
Dimitry Francois, M.D., F.A.P.A 4 55 13  9  4  4  3
Alexander Livingston 4 54 17  15  10  6  3
Samuel Hardman Taylor 4 54 19  13  7  5  3
Xiong Fan 5 53 17  8  7  6  5
Stephanie L. Martin 5 53 11  9  8  8  7
Eduardo Carrillo-Rubio 3 53 24  17  6  3  3
Gaeun Seo 3 53 29  10  7  3  2
Orin Robinson 5 52 11  7  7  5  5
Theodoros Gkountouvas 3 52 31  8  8  2  1
Dr. Allison M. Chatrchyan 5 52 18  9  7  5  5
K Hootman, PhD, RD 3 52 32  12  8  0  0
Yao Yang 3 52 27  14  3  3  3
Mary Clare McCorry 3 51 25  13  5  3  3
Gerhard Henning Olsen 5 51 18  11  7  7  5
Oz Kira 4 51 17  13  8  6  4
Evgeniya Nazarova 4 51 16  12  8  8  3
Dominique Thomas 4 51 18  7  4  4  3
Andaleeb Rahman 3 51 17  16  11  3  2
Zachariah Hansen 4 50 23  9  8  4  4
Soha Dargham 4 50 11  8  6  4  4
Cameron Glasscock 3 50 35  11  4  0  0
Duo Xu (Erica) 5 50 13  12  11  6  5
Nathaniel Tippens 3 50 32  5  4  3  3
Andrew Sale 4 49 8  6  6  5  4
Philip H. Gordon 2 49 21  19  2  2  2
Ashudeep Singh 3 49 32  6  6  3  2
Branislav N. Aleksic 4 49 21  7  5  4  4
Hassan Muhammad 3 49 31  9  8  1  0
Nahuel Zamponi 4 49 14  10  8  7  2
Ganduri Swapna 5 49 20  7  7  5  5
Varun Lingaiah Kopparthy, PhD 4 48 18  11  11  8  6
Diego Quiros 4 48 13  7  6  5  4
Perry Schein 4 48 14  14  11  5  2
Laura M. Carroll 4 48 16  10  8  4  4
Kevin Reath 4 47 23  8  8  4  3
Elizabeth Riley 4 47 11  11  6  6  4
T P Kharel 3 47 20  13  6  3  3
K B Vinayakumar 4 46 18  8  5  5  3
Reed Maxwell, Ph.D. 3 46 23  13  6  3  1
Christina Argyrou 5 46 14  12  7  6  5
Wen-Chyan Tsai 3 45 13  12  11  3  2
Kristina Smiley 4 45 21  12  7  4  1
Erik A. Zavrel 3 45 17  16  4  3  2
Tisa Hill 3 45 19  15  3  2  2
Ethan Degner 4 45 16  12  8  8  1
Iyan Younus 5 45 14  11  8  7  5
Kelly Nielsen 4 45 21  7  6  5  4
Sachin Nadig, PhD 4 44 12  7  6  5  4
Meng Ouyang 4 44 15  13  11  5  0
Elsa Desnoues 3 44 30  10  4  0  0
Gnel Gabrielyan 4 43 20  6  5  5  2
Matthew Kelly 4 43 10  10  7  4  4
Rina Tse 5 42 11  8  7  6  5
Govinda Lenka 5 42 9  8  8  7  5
Matt Kanke 4 42 18  6  4  4  3
Shaonpius Mondal 4 41 12  10  8  4  2
Shahin Rahimi-Golkhandan 4 41 14  14  13  7  5
Matthew Barcus 3 41 13  13  10  3  1
Jill H Powell 4 40 10  6  5  5  4
Austin Lord 4 40 13  10  7  5  3
Houshang Nouri 4 40 21  9  5  4  1
Robert A. DeSimone, M.D. 3 39 18  3  3  2  2
Sergio I Garcia-Rios 3 39 27  4  3  2  1
James Shin 3 39 22  10  3  2  1
Keenan McRoberts 3 38 17  7  3  3  2
Rizwana Popatia 2 38 33  4  1  0  0
Daniel J. Thengone 3 38 16  12  5  2  1
Al Kovaleski 3 38 18  5  5  3  3
Tina R.Matin 4 37 10  6  5  5  3
Hang Zhang 3 37 15  14  4  2  1
Philip Silva 4 37 13  12  5  5  2
Sergio Ospina Romero 3 37 16  15  3  2  1
Linah Ababneh 5 36 11  8  6  6  5
Nathaniel J. Schreiber 3 36 18  11  7  0  0
Silas Bossert 4 36 13  13  10  5  5
Lindsay Springer 3 36 22  9  5  0  0
Nozomi Hitomi 5 35 8  6  5  5  5
Naminata Diabate 4 34 15  6  5  4  3
Jennifer Minner 3 34 11  8  8  5  3
Simon Adar 4 34 7  6  5  4  3
Tashara M. Leak 3 34 17  9  4  2  2
Leslie J. Verteramo Chiu 3 33 13  6  5  3  3
Brandon Benton 3 33 21  7  7  4  1
Krishanu Roy Chowdhury 3 33 11  10  3  3  2
Elissa Kozlov 3 33 6  6  5  3  3
David Eriksson 3 32 12  11  6  1  1
Berkin Ilbeyi 2 31 21  8  1  1  0
Tasha L. Lewis 3 31 13  6  4  2  2
Madeline Sterling 2 31 16  6  2  2  2
Mamdouh Abdelmejeed 3 31 8  7  6  2  2
Sanket Jain 3 31 11  9  7  2  1
Clara Oromendia 3 31 9  7  6  2  2
Jim Morris-Knower 3 30 16  4  3  3  2
Wenshen Li 4 30 10  4  4  4  3
Amit Vishwas 3 29 13  7  6  2  1
Sarah Elise Dumas 3 29 15  6  3  1  1
Houssein Ayoub, Ph.D 3 28 11  6  4  3  2
Arash Beheshtian 4 28 6  5  4  4  3
Luckny Zéphyr 4 28 7  6  5  4  2
Fatma Baytar 3 28 21  3  3  1  0
Bahareh Hassanpour Guilvaiee 4 27 9  7  5  4  2
Liron Cohen 4 27 7  6  5  4  2
Kayla A. Burd 3 27 15  4  3  3  1
Ismail El Baggari 2 27 19  3  2  2  1
Andres Castaño 2 27 18  6  2  1  0
Denise Nicole Green 2 26 13  2  2  2  2
Natalia Lopez-Barbosa 2 26 19  3  2  2  0
Heather Reed 3 25 14  3  3  2  2
Benjamin L. Taylor 2 25 16  3  2  2  1
Mohammad Fuad Aljishi 3 24 8  8  8  5  3
Jimy Encomendero 3 24 8  7  4  3  2
Jeremy Cusker 3 23 10  5  4  2  2
Jansen A. Smith 3 22 6  5  4  3  3
Emily M Smith 2 22 13  9  0  0  0
Max Ajl 2 22 12  4  2  1  1
Matthias Wieland 3 22 7  4  4  1  1
Debo Olaosebikan 2 21 12  9  0  0  0
Mohammad Haft-Javaherian 3 21 8  7  3  1  1
Eunsoo Baek 3 21 8  5  3  2  2
Zohreh Sadat Badieyan 3 21 9  6  5  1  0
Jonathan Ochshorn 3 20 7  4  3  2  2
Mariana Amorim 2 20 7  5  2  2  2
Ali Houissa 2 20 10  8  1  1  0
Timothy Gorman 3 19 8  4  3  2  1
Bertrand Ottino-Loffler 3 19 5  4  4  2  2
Javier A. Jaimes 2 19 8  6  6  1  1
Matthew Morgan 2 18 8  7  2  1  0
Tinyi Chu 2 18 9  3  2  2  1
Yue Li 3 16 3  3  3  2  2
Hajin Lim 3 16 4  4  3  2  2
Dena Jane Clink 2 16 7  6  1  1  1
Bhaskar Mittra 2 16 7  2  2  2  2
Walter Fu 3 16 7  4  3  1  1
Daniel Asselin 2 16 6  6  2  1  1
Jaron Kent-Dobias 2 15 11  3  1  0  0
Julia Heather King 3 15 5  4  3  2  1
Ana Cayuela 2 15 6  5  1  1  1
Ahmed Abouarab 2 14 4  3  2  2  2
Erin I. Larson 3 13 4  3  3  1  1
Tincuta Heinzel 2 13 4  2  2  1  1
Hyunseung Bang 2 13 6  6  1  0  0
Calvin Whealton 2 12 8  2  1  1  0
Brendan M Anderson 2 11 4  4  2  1  0
Chelsea K Morris 2 11 5  3  2  1  0
María Victoria Revuelta 2 11 6  2  1  1  1
Elizabeth Cieniewicz 2 11 4  4  2  1  0
Benjamin P Cohen 1 10 8  1  1  0  0
Brandon Gheller 2 9 4  3  1  1  0
Joan Paddock 2 8 3  2  1  1  1
Danielle Guarneri 2 8 4  2  1  1  0
Carol-Rose Little 2 7 2  2  1  1  1
Abhinaba Chatterjee 1 7 5  1  1  0  0
Hadi Mirhedayati Roudsari 1 6 5  1  0  0  0
Sheng Wang 1 5 3  1  1  0  0
Yosef Al Shoffe 1 4 4  0  0  0  0
Mahesh Natarajan 1 4 2  1  1  0  0
Dana Friend 1 3 1  1  1  0  0
Feng GAO 1 3 2  1  0  0  0
Valentina Fulginiti 1 1 1  0  0  0  0
John Palmore 1 1 1  0  0  0  0
