1 Terrie E Moffitt 173 139841 11176 8258 5786 4950 4373
2 Weitao Yang 82 129848 74938 19675 2161 1812 1646
3 Michael Tomasello 171 122280 7270 6068 3940 3113 2931
4 avshalom caspi 169 117049 8258 4950 3548 2349 2338
5 Lei Li 146 108429 9593 2686 2673 2616 2605
6 Kenneth A. Dodge 148 100197 5825 2833 2697 2275 2148
7 Tim Bollerslev 83 89204 24086 5863 3880 3767 3590
8 Ingrid Daubechies 70 84076 28499 10716 6921 5166 3698
9 David Swofford 46 76699 53479 29379 25819 5993 4629
10 Guillermo Sapiro 94 73710 18804 6001 3736 1982 1715
11 Dan Blazer 132 71982 5028 2220 2214 1863 1533
12 Hae-Young Kim 91 69569 2182 2132 2119 1813 1765
13 Mary Story 133 65279 1786 1537 1508 1356 1056
14 Mark R. Leary 97 62148 16217 3288 2413 2027 1695
15 Adrian Bejan 90 59855 7604 5711 3824 3636 3605
16 Campbell R. Harvey 83 59370 5644 5139 2629 2452 2155
17 Kelly D. Brownell 117 58479 6724 2107 1580 1272 1077
18 Bryan R. Cullen 123 52618 3025 2024 1393 1063 1001
19 Geraldine Dawson 112 50787 1563 1456 1385 1353 1317
20 Drew Shindell 92 49860 15292 2139 2095 1560 1277
21 R. Calderbank 70 47982 9266 8741 2561 1909 1699
22 Linda George 108 46321 2177 1990 1502 1232 946
23 Nan Lin 55 46142 9924 8916 5151 2545 1783
24 Simon Gregory 46 45144 22520 6442 3669 2199 960
25 Joseph Heitman 118 44828 1709 891 793 787 705
26 Jane S. Richardson 55 43844 10977 5745 3932 3681 3313
27 Ralph L. Keeney 68 42551 16447 4068 2896 1603 1098
28 Jennifer West 95 41696 3608 1873 1763 1365 1217
29 Roger Mclendon 90 41112 4777 4338 4220 3253 1186
30 John R. Graham 69 40266 5644 5139 2140 1821 1707
31 Kishor Trivedi 98 39461 4184 2246 817 763 524
32 Francis J Keefe 103 39402 2383 2145 1862 1013 860
33 David C. Richardson 51 39279 10977 5745 3681 3313 1466
34 Carlo Tomasi 56 39193 8828 7859 3625 3310 3011
35 David Dunson 66 38543 21890 1340 494 407 388
36 gary gereffi 70 38325 6078 4137 3237 3181 920
37 John Terborgh 93 38139 1958 1903 1307 1180 1173
38 James Bettman 67 37671 4927 3860 3100 1982 1884
39 Jie Liu 97 37373 3915 1761 1178 823 747
40 John W Williams Jr 77 35376 4700 2034 1533 1186 1161
41 Joseph A. Izatt 96 35240 1962 1921 1472 1145 1045
42 Roberto Cabeza 89 35097 3800 2001 1638 1530 866
43 James Berger 74 34606 9767 1091 1029 810 760
44 stuart pimm 86 34075 2463 2405 2383 1900 1280
45 Nancy C. Andrews 79 33067 2481 2192 2027 1587 1562
46 Sayan Mukherjee 46 32992 14458 2748 2712 2346 2137
47 alan e gelfand 72 32081 7585 2654 1256 1182 1131
48 Qingyi Wei 86 31148 800 686 584 534 433
49 Harold P. Erickson 98 30765 1048 862 856 796 702
50 Jeffrey R. Marks 77 30136 4467 1778 1458 1429 614
51 Ahmad Hariri 77 29784 2418 1994 1321 1258 977
52 Donald P. McDonnell 89 29346 1184 1024 825 793 786
53 Willie Padilla 53 28864 8457 3007 1624 1498 867
54 Ashutosh Chilkoti 90 28425 1007 708 688 681 617
55 carl pieper 84 28150 1846 1683 797 720 575
56 Gabriel Katul 83 27853 2695 1483 1016 978 745
57 David B. Mitzi 82 27745 1602 1462 1177 941 905
58 E. Allan Lind 58 27688 8219 3282 1062 1051 841
59 Ralph Snyderman 92 27373 709 655 629 540 485
60 walter d mignolo 67 27114 4368 2054 1276 1183 833
61 Miguel Nicolelis 82 26817 1690 1566 1540 1194 819
62 Adrian F. Hernandez 82 26822 1009 972 746 727 654
63 Warren H. Meck 85 26616 1596 1572 1047 912 716
64 Kenneth Manton 77 26508 2633 2290 1029 902 884
65 William E Kraus, MD 82 26509 1487 1459 1369 748 669
66 Nicholas Katsanis 82 26094 1284 1060 807 694 645
67 Glenn Preminger 80 25894 1146 1138 916 712 608
68 Berndt Mueller 72 25559 1523 1427 1188 954 825
69 Tuan Vo-Dinh 84 25515 876 628 566 473 412
70 Christine Moorman 41 25431 5672 4486 1261 1164 1161
71 Rytas Vilgalys 80 25268 2613 1936 1429 820 758
72 Sim B Sitkin 38 25160 9393 2081 1834 1571 1516
73 Ru-Rong Ji 83 25110 1337 1147 779 759 724
74 Raymond J Kim 59 25113 3040 2484 1357 1306 1132
75 John Fairbank 68 24802 2422 1687 1210 878 859
76 Krishnendu Chakrabarty 74 24781 1149 1026 690 541 465
77 Steven R. Asher 63 24670 4115 2159 1547 1494 1321
78 Myles Wolf 67 24187 2366 1394 1175 1084 1050
79 Xinnian Dong 54 24154 2437 1389 1301 1192 981
80 Ram Oren 87 24071 1016 928 825 790 745
81 Eric J. Velazquez 61 24079 2748 2301 1920 1009 766
82 William H. Majoros, Ph.D. 27 23674 15654 2048 1299 1206 598
83 James S Clark 80 23283 832 793 721 717 662
84 richard staelin 52 23126 5516 2181 1208 1081 1021
85 G Michael Felker 71 22837 1344 1009 972 937 702
86 David C. Rubin 75 22576 1936 1162 852 709 632
87 Herbert Kitschelt 55 22543 2741 2137 2122 1613 1385
88 Mark Wiesner 78 22359 1486 1110 1067 566 427
89 Douglas Marchuk 69 22211 1496 1395 1379 1014 979
90 Frank A. Sloan  81 22096 545 519 463 459 411
91 Rick Hoyle 59 22039 6506 1799 907 794 771
92 Feng Gao 68 21770 2044 1555 1217 1126 1019
93 Tanya L. Chartrand 43 21741 4930 4156 1977 1028 974
94 Patrick J Casey 76 21568 2085 997 892 860 858
95 John Reif 69 21453 1636 969 797 654 598
96 Thomas Mitchell-Olds 82 21409 849 814 670 520 450
97 Rick Durrett 60 21327 5896 1077 996 612 568
98 Benjamin Wiley 58 21058 1473 1473 1159 1027 963
99 Michael Rubinstein 69 21054 3470 3457 1152 760 667
100 Lynn Smith-Lovin 37 21047 12148 1618 1618 1611 1173
101 Richard T. Barber 73 20953 1939 1438 1019 664 620
102 Steven Cummer 63 20401 5878 883 825 736 510
103 Lawrence Carin 70 20153 1645 726 435 394 366
104 Duncan Thomas 57 20132 2208 2097 1629 1172 1074
105 Helen F. Ladd 69 20064 1683 851 822 716 611
106 Truls Østbye 71 19854 1427 619 606 532 521
107 Pankaj K. Agarwal 71 19846 1097 988 879 809 540
108 Chris Counter 49 19701 2540 2447 2260 954 882
109 Peter Ubel 80 19550 567 505 402 391 383
110 Emily Bernhardt 56 19427 5273 1621 1277 569 547
111 TsoPang Yao 55 19130 1674 1182 1088 1042 943
112 Rendon C. Nelson, MD 75 18925 1202 644 542 373 373
113 Kevin LaBar 63 18589 1530 1400 703 702 686
114 Marty Woldorff 63 18563 2873 1237 596 592 576
115 Geoffrey D. Rubin, MD, MBA, FACR 63 18402 1280 1130 985 666 645
116 LC Brinson 62 18191 2670 1591 898 601 456
117 Philip Cook 68 17947 2557 698 474 473 421
118 Qing Huo Liu (柳清伙) 54 17625 514 497 251 243 225
119 Thomas Petes 75 17362 1232 502 483 481 424
120 Gregory E. Crawford 53 16999 2356 1739 1580 919 629
121 Allen Buchanan 59 16939 1727 1472 1333 855 687
122 Douglas E. Williamson, Ph.D. 55 16797 6368 2585 543 483 320
123 Dennis A Turner, MA, MD 56 16636 7725 811 440 267 241
124 Garnett Kelsoe 67 16404 1083 725 625 498 473
125 David Arthur Hsieh 43 16215 1331 1235 1218 1183 966
126 Fan Yuan 48 16122 2117 1716 1457 936 748
127 Anne Pusey 68 16071 864 720 692 568 486
128 Brian Hare 53 15989 1087 1067 985 930 731
129 David N. Beratan 70 15898 889 809 726 639 547
130 Ashish Arora 52 15791 1681 1658 864 690 678
131 H. Frederik Nijhout 68 15782 1105 754 443 387 375
132 Ken Gall 69 15670 528 507 460 432 410
133 Richard B. Fair 63 15448 1367 1044 938 915 524
134 Francois Lutzoni 55 15304 1936 1429 832 654 627
135 Steffen A. Bass 55 15126 1917 1414 825 756 619
136 Georgia Tomaras 61 15022 1555 1225 748 457 388
137 Theodore Pappas 68 14946 700 423 421 373 355
138 Stanley Robboy 69 14643 446 420 357 322 295
139 Warren S. Warren 62 14596 1163 690 509 417 413
140 Warren M. Grill 65 14369 628 472 396 377 342
141 Timothy E Reddy 28 14191 7251 1025 1007 867 629
142 Viginia Kraus 68 14181 644 317 304 279 261
143 Robert Behringer 51 14064 2862 855 606 490 367
144 Felipe A Medeiros 68 14048 594 554 542 418 301
145 Ines Batinic-Haberle 58 13888 3253 659 349 318 263
146 Huiman Barnhart 51 13812 2563 1384 997 841 482
147 Gregg E. Trahey 62 13501 1092 690 519 511 393
148 Craig Burnside 36 13454 5326 678 621 542 532
149 Bryce B Reeve, PhD 55 13428 1097 1049 789 474 366
150 Michael D De Bellis 45 13379 1128 894 872 662 646
151 Marcom 52 13338 1464 730 688 598 530
152 Scott Huettel 54 13181 2042 585 507 427 405
153 Michael Hauser 53 13096 2341 504 483 447 411
154 Martin Ruef 25 13012 5938 2019 1212 1101 564
155 Gregory Wray 56 12810 1222 1147 1051 583 395
156 Cynthia Toth 60 12763 1160 413 386 303 286
157 Gerard Blobe 50 12502 2829 1069 743 596 352
158 Rachel Kranton 24 12500 4840 1585 1081 912 820
159 Anatoliy I. Yashin 57 12416 1029 885 360 304 303
160 Brian R. Silliman 50 12262 1653 885 728 502 496
161 William J. Steinbach 51 12263 2874 791 590 470 304
162 Richard F Kay 59 12247 671 407 384 377 331
163 Ken Reckhow 46 12160 5189 511 465 335 230
164 Tobias Egner 45 12149 1610 1104 878 580 440
165 Timur Kuran 41 12077 1654 1082 1051 786 562
166 Ravi V Bellamkonda 63 12074 461 420 360 347 315
167 Joel Huber 50 12049 1740 1108 645 506 389
168 Warren Kibbe 33 12022 2989 1528 830 752 590
169 Nicolas Brunel 51 11945 1102 889 760 756 582
170 Andrew J. Read 61 11750 804 786 480 352 315
171 Manju Puri 35 11710 2210 1505 682 651 557
172 W Robert Lee 58 11679 465 402 352 292 236
173 Joel Meyer 37 11660 6415 581 418 277 255
174 Andrew J. Armstrong 47 11623 2530 1246 459 319 300
175 John Dolbow 36 11569 4985 889 889 499 428
176 David J Brady 54 11532 523 427 387 362 285
177 Daniel deB. Richter 56 11461 616 583 559 310 300
178 Karen Sugden 25 11454 8258 8258 729 728 301
179 Bruce Maggs 52 11397 830 818 676 578 457
180 Joseph Bonaventura 52 11257 1730 1102 432 348 228
181 Rathnayaka M. Gunasingha, PhD 39 11248 1456 1180 1068 860 846
182 Daniel Laskowitz 61 11211 511 309 298 296 291
183 Steve Keir 45 11200 4338 577 327 265 247
184 Daniel J Lew 56 11046 933 540 394 377 350
185 Jonathon Cummings 30 11031 2468 1700 938 728 664
186 Michael D. Gunn 42 11007 1109 1088 806 794 755
187 Michael S. Krangel 59 10998 1118 888 440 299 292
188 david f katz 60 10977 578 483 364 305 246
189 Heather Stapleton 59 10962 524 513 452 446 433
190 V. Joseph Hotz 45 10930 1397 974 579 542 497
191 Rochelle Schwartz-Bloom 45 10910 2240 1147 654 625 508
192 Haiyan Gao 52 10894 658 603 422 404 373
193 Nimmi Ramanujam 56 10829 633 602 332 331 314
194 Clifford Cunningham 48 10771 983 908 867 749 566
195 Avner Vengosh 54 10692 1192 678 506 413 343
196 Gordon Paul Keeler 25 10675 3480 1032 1016 798 615
197 Holly  K. Dressman 45 10649 1778 1458 703 656 614
198 Sally Kornbluth 57 10557 556 434 381 381 356
199 Susan C. Alberts 59 10491 766 380 343 339 327
200 Scott Swartzwelder 57 10380 488 301 298 275 222
201 David Kirsch 45 10197 1387 1351 563 519 401
202 Marc A. Deshusses 52 10050 1250 566 346 261 249
203 Harold U Baranger 54 9897 540 495 408 360 303
204 Bradley G Hammill 45 9811 825 746 665 649 529
205 James Moody 37 9794 1087 1055 914 784 720
206 Sina Farsiu 45 9781 2075 1212 696 386 336
207 Raphael Valdivia 39 9754 3331 660 629 621 445
208 Jen-Tsan Ashley Chi 39 9675 1197 938 913 631 576
209 Charles Nunn 56 9659 572 365 348 294 289
210 Amy Herring 52 9623 375 345 304 205 200
211 Jeffrey T. Glass 51 9589 821 591 579 451 371
212 Kathleen Pryer 44 9487 1639 766 684 650 555
213 Piotr E Marszalek 39 9451 1012 856 805 475 466
214 So Young Kim 21 9399 1352 1168 892 791 708
215 Yujun Han 20 9380 3356 2683 799 746 364
216 Kathryn R. Nightingale 48 9273 1092 690 551 519 306
217 Thomas G. Mitchell 52 9335 1327 667 397 321 270
218 C Frank Starmer 45 9277 1912 654 361 335 310
219 Mohamed Noor 46 9270 1654 682 638 526 387
220 S Viswanathan 32 9267 1101 1049 1017 791 486
221 William L Hylander 52 9196 400 353 340 312 310
222 Bruce Donald 57 9151 460 378 325 297 260
223 Richard D. Weiner 50 9079 1174 563 452 335 324
224 Steven George 54 9076 520 500 302 289 214
225 Subhrendu K. Pattanayak 46 8990 1033 571 355 350 329
226 Eric Stallard 38 8964 2290 902 523 288 273
227 Vincent Conitzer 53 8911 327 323 272 268 234
228 Bradley Estes 47 8865 1287 512 382 378 366
229 Ronette Kolotkin 44 8849 819 650 587 533 486
230 Patrick Wolf 52 8847 430 337 272 237 236
231 Stefan Zauscher 42 8835 3367 384 261 255 253
232 R. Rand Allingham 51 8824 489 390 299 224 220
233 Andrew Patton 38 8825 1890 759 609 598 430
234 Timothy J. Strauman 37 8808 969 943 817 791 393
235 Cindy Van Dover 51 8680 869 450 371 299 290
236 Merlise Clyde 29 8642 3691 754 456 417 315
237 William Pizer 42 8588 793 668 535 485 449
238 William Darity 46 8438 756 604 505 346 179
239 Carey E. Floyd, Jr. 50 8533 629 267 220 218 206
240 c michael cotten 40 8524 2076 628 515 409 349
241 Aaron C. Kay 46 8434 755 724 587 452 330
242 George Truskey 52 8407 578 517 272 266 265
243 Stephen Nowicki 49 8375 1232 415 398 384 287
244 Chuan-Yuan Li 45 8318 844 421 411 386 372
245 Susan K Murphy, PhD 47 8188 452 405 392 277 265
246 John Harer 39 8172 1101 718 591 524 505
247 Daniel C Sullivan 45 8144 856 655 557 479 445
248 William E Copeland, PhD 41 8149 1016 894 538 527 384
249 Paul Wischmeyer 49 8115 618 357 285 260 245
250 Darryl Wieland 38 8061 1895 985 418 411 381
251 Alexander J. Hartemink 41 8024 867 726 639 498 390
252 Edwin S Iversen Jr 43 8010 703 441 370 360 322
253 Charles Gersbach 38 7939 2033 629 584 481 241
254 Michael D. Ward 43 7933 710 515 462 396 376
255 Michael J Kelley 41 7909 942 656 614 462 413
256 Laura Smart Richman 20 7857 3038 2123 493 376 294
257 Mohamad Mikati 51 7837 369 253 221 216 149
258 Deborah T. Gold 44 7804 941 468 456 436 330
259 Jason Locasale 40 7804 763 653 558 498 487
260 Adam Wax 50 7800 263 239 231 225 206
261 Gavan Fitzsimons 39 7708 569 496 463 438 422
262 Brian Murray 38 7637 1820 964 456 277 263
263 Hiroaki Matsunami 37 7637 687 674 635 486 473
264 Michael C. Munger 34 7592 835 830 821 821 671
265 Vadim Arshavsky 49 7579 562 338 314 285 258
266 Ronald Parr 40 7573 1094 626 456 383 382
267 FR Johnson 45 7575 553 452 425 292 225
268 Curtarolo, Stefano 45 7516 646 508 329 300 300
269 Richard Larrick 35 7504 880 490 436 399 362
270 Nicholas S. Davis 8 7484 7251 71 59 32 26
271 Paul Baker 43 7424 693 676 413 340 320
272 Yiran Chen 45 7398 396 318 268 218 146
273 Stephen L. Craig 50 7365 899 255 245 229 202
274 Steven A. Olson 47 7327 373 304 288 271 267
275 John McCusker 39 7323 1512 873 471 443 294
276 Henry Yin 30 7300 1607 853 722 459 418
277 Nan Marie Jokerst 38 7200 786 570 529 324 237
278 Allison Ashley-Koch 45 7196 470 468 467 317 244
279 Wayne Norman 22 7185 2068 1306 1138 763 353
280 Luke Francis Chen 37 7183 642 531 278 174 158
281 Douglas T. Breeden 11 7151 3088 2235 2235 849 317
282 Brian R. Stoner 43 7153 579 451 383 371 354
283 Kenneth C Hall 42 7147 1185 501 470 236 212
284 Hilmar Lapp 24 7134 3344 1592 705 132 102
285 Chad Cook 41 7040 404 370 272 192 167
286 Robert Bryant 39 7026 1138 544 515 421 343
287 Elizabeth Hauser 46 7021 378 279 254 239 224
288 Ashwin Machanavajjhala 28 7022 3966 387 341 328 180
289 Matthew Hirschey 32 6940 929 821 738 496 416
290 Alexander Pfaff 39 6898 734 660 426 358 275
291 Ashraf Habib 40 6900 693 636 375 298 288
292 Nancy Armstrong 26 6891 3103 966 361 361 216
293 Landon Cox 31 6835 2880 556 498 288 269
294 Mark Palmeri 41 6803 690 551 306 261 255
295 Michael Freemark 43 6779 857 528 510 305 303
296 Zhen-Ming Pei 23 6748 1791 1235 571 571 483
297 Taylor Jr. Donald H 41 6735 672 459 345 315 309
298 Marion Broome 41 6692 655 646 515 434 255
299 Anne D. Yoder 38 6687 474 457 425 365 293
300 Gary Archer 43 6679 581 383 297 239 226
301 Laurence R. Helfer 34 6619 1228 945 373 292 278
302 Martin Doyle 42 6612 341 314 293 240 233
303 Guangya Liu 41 6596 661 143 133 125 118
304 Daniel Marks 45 6587 469 362 237 233 218
305 Amanda Elliott 10 6583 1594 1527 1514 937 461
306 Justin Wright 29 6541 1452 826 589 513 454
307 Terrence Oas 38 6522 659 361 340 296 286
308 Joshua Albert 28 6511 1668 578 413 402 402
309 David M. MacAlpine 33 6510 832 770 634 625 382
310 Carl Mela 30 6488 952 777 525 477 303
311 Ben Williams 29 6434 1385 1162 377 301 277
312 Alvin Lebeck 36 6452 523 483 456 331 300
313 John F. Rawls 35 6449 870 596 589 378 357
314 William Segars 35 6415 595 556 543 406 313
315 Kathryn Pollak 39 6412 1427 606 315 306 167
316 Shelby Reed 39 6305 539 320 288 282 248
317 David Lobach 32 6283 2069 482 361 279 234
318 Daniel J. Sorin 38 6277 1727 386 284 263 236
319 Brian P Mann 37 6254 708 560 380 369 324
320 Matt Maciejewski 40 6251 629 420 239 237 232
321 Hashim M Al-Hashimi 45 6241 471 295 237 229 223
322 Bruce Klitzman 44 6224 417 260 179 176 174
323 Walter Sinnott-Armstrong 36 6153 449 437 364 333 326
324 Candice Odgers 37 6121 719 579 421 356 224
325 Gregory Samanez-Larkin 27 6114 2255 702 433 314 257
326 Steven E. Churchill 46 6111 449 433 271 222 194
327 Bastiaan Driehuys 35 6110 1041 357 345 343 194
328 Qi-Jing Li 31 6104 1085 840 535 345 266
329 Li-Tzy Wu 42 6083 316 263 238 226 211
330 Sue Jinks-Robertson 42 6070 663 243 240 203 201
331 Patrick N. Halpin 39 6067 367 357 315 297 297
332 Qianben Wang, Ph.D. 29 6035 1270 767 682 534 422
333 Beth A Sullivan 27 5976 2085 493 436 334 301
334 Brian McGlynn 37 5972 505 469 360 326 260
335 Cris Slentz 10 5961 1487 1425 740 569 408
336 Jun Wang 19 5940 5206 5053 87 68 67
337 Mohan Venkatachalam 32 5928 578 479 430 400 365
338 F. Joseph McClernon 41 5868 733 354 212 204 165
339 Seth Sanders 32 5864 774 465 345 326 297
340 Grainne Fitzsimons 31 5830 1537 737 422 286 272
341 James D. Lane, Ph.D. 46 5820 452 345 285 186 185
342 Ruth A. Anderson 39 5800 441 330 327 263 223
343 Richard Burton 34 5787 495 474 446 378 377
344 Patrick S. Calhoun, Ph.D. 40 5766 576 364 255 164 154
345 Mark Oldham PhD 40 5760 561 304 273 268 240
346 Barbara Herrnstein Smith 23 5745 974 956 687 679 653
347 Jeffrey R. Gingrich 24 5737 1473 995 640 435 378
348 Kathyrn Whetten 41 5681 463 305 268 216 214
349 Henry Everitt 37 5654 677 493 412 365 226
350 Mike Bergin 43 5646 455 425 278 274 211
351 A. Brad Murray 38 5621 464 394 336 224 215
352 Michael Gehm 28 5616 1074 885 423 387 232
353 Shyni Varghese 41 5599 428 319 280 279 264
354 Anupama Reddy 15 5595 2777 1251 419 277 236
355 Erica E Davis 37 5587 568 335 318 291 272
356 John Kirkpatrick 37 5570 638 611 374 326 283
357 Xiaowei Yang 31 5532 831 418 303 253 244
358 Gonzalez lf 42 5495 206 198 161 135 131
359 Daniel W Belsky 30 5496 2349 605 226 186 179
360 Ziqiang Guan 40 5447 605 280 188 182 164
361 alex rosenberg 25 5392 919 545 440 408 329
362 Jerome Reiter 41 5388 367 215 184 175 166
363 L. Ebony Boulware, MD, MPH 34 5383 720 360 224 207 186
364 Patrick Bayer 28 5309 778 657 465 407 403
365 David Robinson 23 5295 1101 680 668 431 285
366 Barry Myers MD PhD MBA 40 5277 307 258 237 179 171
367 Francis J Miller Jr 38 5262 690 404 282 242 237
368 Roger W. Nightingale 34 5249 1092 690 261 237 179
369 Lingchong You 36 5235 614 590 529 529 366
370 Nenad Bursac 39 5228 589 373 295 267 255
371 Randall A. Kramer 39 5217 324 236 224 208 198
372 Ana P Barros 35 5203 466 228 227 211 185
373 Jungsang Kim 32 5182 584 438 354 323 306
374 David J Kroll 40 5145 394 345 283 262 232
375 Joshua Socolar 33 5135 506 444 424 289 247
376 Moria J. Smoski 30 5132 1323 512 320 281 223
377 Zackary Johnson 26 5105 995 659 569 441 441
378 Doug Nowacek 33 5069 1214 514 282 281 204
379 M. Anthony Moody 40 5037 343 267 263 263 256
380 MA Moseley 37 5035 317 274 209 178 178
381 Erich Huang 25 5031 1458 703 584 283 242
382 Eric Eisenstein 33 5024 1089 301 186 183 168
383 Shenglan Tang 43 5003 363 362 213 161 143
384 Thorsten M. Seyler 42 4987 261 238 204 201 160
385 Benjamin C. Lee 24 4930 1102 635 424 399 377
386 Gowthami Arepally 34 4919 626 388 320 251 227
387 Pei Zhong 42 4900 238 228 201 142 134
388 Marc A. Sommer 31 4881 445 374 352 342 316
389 Kamesh Munagala 37 4844 779 255 235 222 218
390 Jing-Sheng Song 38 4841 428 343 257 253 251
391 Lisa Keister 30 4833 571 500 491 393 239
392 Ken Glander 38 4833 272 237 221 212 203
393 Emily M. Klein 25 4828 1519 1079 197 195 194
394 Volker Blum 34 4816 1032 286 270 257 214
395 WD Stamer 40 4812 156 150 141 135 129
396 Marco Marani 39 4739 316 234 233 171 152
397 Dwight Koeberl, MD,PhD 39 4715 354 298 260 209 156
398 Elizabeth J. Marsh 33 4649 1078 344 257 234 234
399 Sönke Johnsen 36 4646 590 300 196 188 153
400 Gleb Finkelstein 29 4640 1636 445 216 200 193
401 Ching-yi Chang 37 4591 442 409 403 328 253
402 Darla Deardorff 21 4590 1994 865 821 658 658
403 Lawrence A David 15 4537 2505 453 350 280 261
404 VIRGIN L.N. or VIRGIN L. 37 4532 226 224 188 176 113
405 Daniel Schmitt 40 4435 268 198 194 192 169
406 Louis DeFrate 40 4428 203 177 176 175 169
407 Darin London 11 4410 1580 553 553 496 465
408 David Morgan 27 4385 544 479 468 465 286
409 Mark Borsuk 35 4370 465 465 308 219 169
410 Leslie M Collins 32 4360 184 157 146 124 107
411 Edward Suarez 36 4351 356 325 277 228 178
412 Karen L. Remmer 29 4340 533 339 309 265 257
413 Angel V. Peterchev 30 4308 812 393 267 266 172
414 Shannon McCall 17 4302 1382 691 626 510 158
415 Pei Zhou 40 4297 326 190 171 151 138
416 Philip Napoli 33 4301 627 376 347 344 147
417 Chuan-Hua Chen 27 4298 560 549 350 323 304
418 Brant A. Inman, MD MS FRCSC 35 4297 335 273 249 229 204
419 Andre M Boustany 26 4288 693 687 297 268 240
420 Yaroslav Urzhumov 28 4284 641 617 534 388 161
421 W. Ed Hammond 31 4255 525 361 279 189 185
422 Lisa M Campbell 32 4245 462 369 336 263 235
423 Tomasz Hueckel 33 4241 292 285 285 258 242
424 Sudarshan Rajagopal 24 4211 680 414 412 391 333
425 Elizabeth T Cirulli 27 4181 1033 364 362 343 216
426 Robert L. Wolpert 32 4168 790 342 302 181 172
427 Ira Cheifetz 35 4166 303 216 212 200 158
428 Scott Moore 32 4110 302 294 272 240 206
429 Maria Ciofani 19 4087 735 563 437 362 316
430 James E Smith 24 4076 1035 668 297 292 184
431 J. Andrew Alspaugh 38 4046 417 310 219 198 181
432 William M. Reddy 19 4044 1476 694 349 334 211
433 Peter Arcidiacono 29 4038 773 348 322 251 245
434 M. Cummings 34 4037 201 154 141 129 91
435 Daniele Marin 31 4008 542 278 236 189 151
436 Steven C Grambow 34 3983 425 300 260 175 164
437 Jian-Guo Liu 36 3963 229 176 149 133 115
438 Thomas Mehen 34 3952 609 214 186 158 139
439 David Corcoran 25 3950 413 366 336 294 273
440 Geeta K Swamy 29 3908 427 363 328 238 171
441 Jack Soll 17 3901 708 698 400 304 302
442 William Pan 34 3895 324 267 240 200 165
443 Scott M. Lynch 26 3861 952 434 414 242 234
444 Aaron Franklin 31 3829 523 304 267 237 169
445 Eric Yow 20 3774 775 518 423 345 305
446 Patrick Seed 24 3761 780 296 277 264 252
447 Shivanand (Nandan) P. Lad 35 3757 228 177 170 167 127
448 Matthew W. Foster 23 3754 582 545 274 243 234
449 Jason T. Howard 16 3743 697 665 631 404 362
450 Junjie Yao, Ph.D. 34 3742 222 205 200 163 140
451 Matthew Hilton 27 3730 638 426 400 211 197
452 Joel Collier 31 3704 429 356 230 229 174
453 Simon Gervais 13 3669 1654 814 646 154 86
454 Kebin Fan 25 3645 606 494 378 375 153
455 Svetlana Ukraintseva 34 3604 304 183 111 111 103
456 Peter Gilbert 12 3601 2880 198 154 66 46
457 Alberto Bartesaghi, PhD 25 3569 694 284 255 198 185
458 Brian T. Hawkins 19 3556 1960 214 158 126 115
459 Thomas Murphy 33 3550 373 240 154 148 148
460 D. Sunshine Hillygus 21 3531 530 494 438 309 303
461 John Strouse 29 3525 558 310 235 225 216
462 Rong Ge 26 3520 527 267 261 258 231
463 Jason Stout 29 3512 1165 222 111 105 89
464 Erik Wibbels 22 3490 593 321 279 225 221
465 Gregory Palmer 30 3463 388 332 159 143 121
466 Christopher Timmins 29 3465 401 223 200 192 169
467 Jörn Coers 24 8127 6253 170 162 152 135
468 Christina M Wyatt 33 3383 333 179 170 160 129
469 Edwin oh 28 3349 340 279 259 246 191
470 Judith Kelley 18 3299 657 588 528 278 199
471 Georg Vanberg 24 3291 512 339 332 233 229
472 Kimberly Wade-Benzoni 25 3285 503 434 245 207 205
473 Marcy Uyenoyama 33 3276 265 212 202 154 135
474 Oren N. Gottfried, M.D. 33 3266 201 161 161 139 138
475 Brenton Hoffman 17 3256 815 590 377 303 249
476 Michael Murias 17 3240 518 423 399 373 349
477 Henry Pfister 31 3237 352 284 272 142 90
478 Sari Palmroth 30 3237 400 289 200 173 137
479 Heileen Hsu-Kim 28 3227 418 363 274 218 169
480 Xavier Basurto 28 3225 510 219 179 156 154
481 Dorian Canelas 18 3208 964 353 254 249 199
482 Michael M. Zavlanos 24 3202 329 313 275 239 191
483 Leslie Marx 28 3201 395 275 191 168 153
484 Linwood Pendleton 27 3200 461 456 203 129 114
485 Henri P. Gavin 28 3154 312 300 245 220 167
486 Benjamin Yellen 28 3145 322 225 196 169 163
487 Eric Spana 22 3135 401 375 353 263 244
488 Susan Lozier 31 3127 282 178 171 141 137
489 Nicole Yates 17 3105 1225 457 236 227 167
490 Wenhong Li 22 3102 1225 221 168 156 154
491 Doug M. Boyer 31 3094 433 268 225 100 93
492 Cristian T. Badea 32 3065 227 195 184 183 174
493 Aaron Chatterji 18 3067 834 359 302 288 235
494 Eleanor S. McConnell 26 3021 380 305 235 179 150
495 Seth M Cohen 27 3010 304 280 171 144 144
496 Lydia Olander 21 3009 833 538 241 172 122
497 Scott D. Dyreng 14 3005 1082 741 322 220 120
498 Konstantin Arbeev 33 3002 304 111 100 92 86
499 Chris Kelsey 32 3001 194 190 169 121 114
500 Curtis Taylor 19 2995 631 440 301 239 235
501 Jeff Browndyke 23 2988 969 208 173 162 154
502 praveen juvvadi 26 2958 1038 162 113 86 81
503 Gary S. Dwyer 28 2930 270 232 188 177 156
504 Jeff Beck 18 2927 1010 514 273 164 150
505 Ryan T. Hill 21 2907 617 392 384 149 137
506 Nancie J. MacIver 16 2895 698 435 359 318 268
507 Jason J Amsden 22 2891 911 445 190 182 117
508 Alexandre Belloni 24 2889 329 315 299 284 229
509 Eric Lipp 16 2889 1605 392 144 143 67
510 Rajendra Morey 28 2880 400 196 182 147 141
511 Pietro Peretto 25 2859 556 293 221 175 163
512 Jonathan Mattingly 26 2856 369 310 197 140 137
513 Anastasia Georgiades 27 2847 436 321 233 154 135
514 David M. Tobin 22 2847 364 360 341 285 245
515 Simon W Davis 20 2836 804 324 209 208 203
516 Terry Lechler 22 2823 831 239 221 190 183
517 Jenny Hoang 28 2818 454 162 114 102 97
518 Gaurav Arya 26 2802 319 229 207 181 157
519 S. Yousuf Zafar, MD MHS 31 2803 309 190 140 122 101
520 Frank W Rockhold 19 2780 947 507 142 133 112
521 Shailesh Chandrasekharan 31 2779 230 146 130 92 91
522 Elizabeth Flint 31 2739 204 184 157 154 131
523 Micah Luftig 25 2739 369 335 258 172 171
524 d. evan mercer 25 2735 355 340 208 156 122
525 Song Gao 21 2734 307 303 273 265 226
526 Erika Weinthal 26 2718 214 208 192 183 177
527 Stephen Vaisey 24 2711 614 224 170 159 148
528 Fernando Bernstein 19 2648 674 320 289 214 168
529 Jonathan Stiber 20 2648 433 291 270 220 193
530 James Bowsher 27 2646 218 179 154 127 98
531 Luis Sanchez-Perez 24 2645 288 264 216 195 158
532 D Vallero 19 2641 490 470 353 337 103
533 Jonathan Mark 20 2638 1032 236 172 155 138
534 Hrishikesh Chakraborty 23 2635 369 359 263 187 144
535 Cagla Eroglu 23 2630 508 481 221 166 155
536 Yi Xu (Daniel) 12 2600 621 607 605 450 299
537 Jonathan Routh 27 2592 251 125 120 114 98
538 Kieran Healy 19 2577 601 455 248 193 143
539 Thomas V Stabler 28 2570 225 160 147 131 125
540 Robert Noveck 26 2561 356 160 156 136 126
541 Martin Tornai 28 2551 122 112 88 84 83
542 Courtney Van Houtven 22 2523 448 215 206 169 165
543 Herbert Pang 25 2516 404 198 141 139 100
544 Ying Xian 24 2514 303 231 147 141 120
545 Gale Boyd 21 2512 358 262 254 219 136
546 Cynthia Rudin 24 2509 194 194 171 140 128
547 Maurizio Forte 24 2504 198 153 118 116 89
548 Patrick Charbonneau 29 2498 277 208 200 87 87
549 Hisham Massoud 22 2475 357 306 189 165 139
550 Jen'nan Ghazal Read 25 2452 333 228 200 182 139
551 Rodolfo Zentella 15 2446 563 479 309 259 201
552 M. Justin Kim 18 2445 516 318 260 255 147
553 Martin Brooke 25 2445 324 119 99 92 80
554 Peter E Fecci, M.D., Ph.D. 21 2425 499 383 269 189 146
555 Maiken H. Mikkelsen 16 2418 502 380 226 202 140
556 Janet L. Huebner 27 2416 156 130 126 120 114
557 Jennifer Strauss 23 2418 367 322 216 154 151
558 Sallie Permar, MD, PhD 26 2411 196 188 177 143 125
559 Niccolo Terrando 20 2414 486 377 280 188 154
560 Lisa A. Cameron 19 2371 343 339 230 191 188
561 Susan Elizabeth Thorne 9 2367 1623 273 131 108 95
562 Susan Rodger 25 2358 685 156 152 73 70
563 David B. Brown 13 2353 1312 241 159 131 110
564 Andrew Macintyre 15 2346 698 289 267 180 172
565 Kris Hauser 28 2335 154 144 139 138 120
566 Jay Golden 27 2328 265 176 166 156 120
567 Emerson MS Niou 26 2318 206 204 167 162 144
568 Kyle Beardsley 21 2317 521 265 184 163 111
569 Martin Ingi Sigurdsson 15 2269 674 594 110 90 88
570 Thomas Witelski 26 2262 146 131 123 120 110
571 Stuart Alan Grant 21 2263 299 282 217 201 142
572 Olivier Delaire 26 2262 319 178 124 104 103
573 Jennifer M. Groh 25 2256 216 191 166 151 144
574 Richard Hain 25 2253 195 147 139 117 100
575 Patricia Alvarez-Loayza 18 2256 575 370 274 180 126
576 Masashi Yamada 13 2249 812 481 282 263 151
577 Mark Anthony Neal 16 2227 434 341 323 249 105
578 Amanda (Peters) Randles 24 2225 195 169 99 70 62
579 Richard Krasuski 25 2218 257 248 106 90 78
580 Dana E. Hunt 14 2208 506 350 321 251 154
581 Jonathan E Campbell 23 2190 614 185 185 149 138
582 Scott Hollenbeck 21 2187 259 239 207 203 153
583 Silvia Ferrari 25 2179 235 100 96 70 68
584 Melanie Manion 21 2178 357 270 264 159 153
585 Barak Richman 19 2172 702 211 209 204 105
586 Neil Shenvi 21 2168 818 150 123 121 110
587 Goldis Malek 15 2159 504 268 221 211 159
588 Edmund Malesky 24 2160 200 183 127 109 101
589 Ralf Michaels 20 2150 244 216 185 174 150
590 Guglielmo Scovazzi 20 2148 759 236 117 105 85
591 Alexander T. Limkakeng Jr. 15 2147 1514 138 102 42 36
592 Ryan Baugh 20 2129 576 305 248 162 141
593 Kenneth R. Brown 24 2120 229 225 129 91 84
594 Yuru Vernon Shih 17 2107 473 362 304 251 154
595 Adrienne D. Stiff-Roberts 24 2095 250 196 181 144 141
596 David W. Johnston 24 2092 514 167 139 96 85
597 John Board 16 2087 496 313 235 224 110
598 Adriano Rampini 16 2082 415 272 264 236 155
599 Mustafa Bashir 26 2064 130 91 84 81 70
600 John Pearson 19 2061 366 257 238 224 219
601 Matthew E. Dupre 23 2059 180 146 138 137 132
602 Robert Schick 22 2056 437 297 130 106 95
603 Nicholas Heaton 18 2049 318 297 268 164 164
604 Christopher Freel 24 2046 241 189 184 168 116
605 Emily Reinke 20 2042 357 232 169 150 133
606 Daniel C. Dunn 23 2036 304 297 139 100 98
607 Jim Heffernan 24 2028 329 157 153 147 142
608 Laurent Verkoczy 26 2008 165 162 156 95 88
609 Jianfeng Lu 鲁剑锋 19 2002 618 139 84 82 79
610 Andrew Landstrom 20 1999 511 215 159 135 128
611 Zhong Chen 20 1979 682 220 169 96 96
612 Paul Hahn, MD, PhD 24 1976 214 179 151 102 96
613 Edward Tower 20 1967 400 209 117 112 58
614 Michael W Manning, M.D., Ph.D. 9 1960 1044 291 256 147 106
615 Daniel R. Saban, PhD 26 1956 190 178 105 90 86
616 Konstantinos P. Economopoulos, MD, PhD 24 1951 156 137 131 112 100
617 Saša Pekeč 14 1946 1244 302 58 41 41
618 Debra Silver 21 1939 272 259 155 152 117
619 wilfred amaldoss 19 1939 391 355 177 124 85
620 Sarah Wallace Cater, MD 7 1938 875 830 73 60 43
621 Michael P. Reiman 24 1927 202 110 96 94 93
622 Robert Kielb 22 1915 179 84 83 82 80
624 Ashley St. John 16 1887 659 205 141 130 125
625 Kim M. Huffman, MD, PhD 22 1882 269 147 138 132 119
626 Leah Gerber Davis 22 1875 329 131 130 125 121
627 Alessandro Porrello 21 1864 328 166 148 115 114
628 Chris Conover 22 1853 302 213 144 125 117
629 Dilraj S Grewal 23 1841 194 143 117 95 95
634 Stephanie J. Chiu 24 1813 386 134 113 99 85
635 Chad Grotegut 22 1804 144 142 140 133 115
636 Marc Jeuland 26 1789 117 92 88 84 84
637 Mark A Herman 12 1785 362 308 306 226 188
638 Ephraim L. Tsalik 16 1780 278 248 192 178 125
639 Peng Sun 14 1760 372 291 185 176 159
640 Olaf Mueller 11 1746 876 234 166 165 76
641 Miroslav Pajic 22 1741 138 123 118 108 92
642 stefanie Sarantopoulos 23 1728 226 189 151 120 96
643 Donghai Wang 13 1725 339 296 278 232 137
645 Zainab Samad 24 1724 150 89 70 59 58
646 Mohit Sachdeva 12 1715 705 357 154 96 92
647 David Murdoch 15 1709 595 282 279 112 64
648 Leigh Ann Simmons 22 1699 155 143 136 111 103
649 Artak Tovmasyan 23 1698 204 135 106 90 65
651 Huanghe Yang 16 1694 448 232 178 161 74
656 Jenny Zhang 9 1678 503 335 309 202 158
657 Steven B. Haase 18 1669 282 247 191 102 99
658 Yawei Zhang 19 1667 355 288 196 78 60
659 Harold Lim 10 1667 573 313 257 125 100
660 Stacy M. Horner 16 1660 330 264 214 112 97
661 Philip F. Hughes 22 1656 149 146 138 137 100
662 Rachel Myers 15 1647 539 216 212 166 102
663 Courtney Karner 19 1644 300 168 139 133 111
664 Dennis Ko 15 1638 341 209 185 184 183
666 Tomoo Ohashi 19 1621 230 176 152 124 102
667 Lori Snyder Bennear 15 1621 292 252 185 144 112
668 Eric Dedert 19 1618 217 175 154 142 133
669 Walter Tsong Lee 22 1607 140 135 81 73 67
670 Nicolas Cassar 20 1604 214 191 96 88 76
671 Christine K. Payne 23 1600 221 209 90 81 79
672 James Alvarez 13 1599 633 234 179 88 83
674 Yi-Fan Lu 12 1592 746 364 123 78 53
677 Tracy Falba 18 1582 188 182 181 169 138
678 L. Gregory Appelbaum 22 1574 185 183 164 139 115
679 Christopher Vockley 10 1561 629 584 62 60 50
680 Sonia Silvestri 19 1561 316 233 112 112 93
681 Matthew C. Makel 17 1555 351 254 231 139 57
682 Sarah Goetz 8 1555 1121 125 105 90 62
683 Oana Craciunescu 24 1557 111 100 82 74 74
684 Eleonora Lad (Maries) 17 1552 298 178 134 121 113
685 Emily R Derbyshire 20 1552 280 217 122 107 102
686 Debra Brandon 21 1548 178 139 101 83 69
687 Teresa K Tarrant 16 1542 265 223 205 136 120
688 Kris Wood 14 1535 288 270 175 160 128
689 Yiyang Gong 16 1533 392 221 139 105 103
690 Timothy Wang 14 1522 403 292 265 82 77
691 Steve M Taylor 22 1522 156 125 97 91 64
692 Biswaranjan Pani 14 1517 358 228 183 161 122
693 Rebecca Brouwer 22 1505 151 139 121 77 71
694 Chris Dwyer 20 1501 300 295 82 62 59
695 Robert Swinney 12 1492 497 437 144 130 94
696 Jason J. Roberts 18 1486 298 204 169 129 84
697 Jenny Tung 22 1484 196 126 113 87 77
698 Michael Wang 13 1482 551 306 99 93 68
699 Stefan Roberts 5 1482 992 349 87 40 11
700 William J. Mayew 16 1476 220 217 206 125 108
701 Stefano Di Talia 13 1473 351 285 225 100 98
702 Nazema Siddiqui 19 1471 236 108 89 83 67
703 Suhail K. Mithani 18 1468 180 168 143 135 95
704 Ashleigh Shelby Rosette 13 1460 330 294 212 155 87
705 Ellen M. Cooper 17 1449 296 261 261 136 102
706 Pablo Beramendi 17 1443 144 122 121 111 104
707 Mary Lou Affronti 20 1441 272 139 99 88 88
708 Wei Pan, Ph.D. 16 1417 188 162 161 127 125
709 Guanhua Xie 18 1414 158 141 137 102 98
710 Christopher Petty 13 1414 400 198 182 147 117
711 Matthew A. Sparks, MD 21 1409 160 99 95 86 83
712 Heberto Suarez-Roca 21 1408 165 129 82 71 66
713 Shakeeb Khan 19 1405 188 159 143 96 74
714 Thomas W. LeBlanc 19 1400 190 186 114 66 59
715 Tyler Bletsch 12 1397 351 288 251 113 112
716 Jindong Ding 16 1389 531 145 110 109 83
717 David A McDonald 17 1372 245 204 186 80 78
718 Alexandra Badea 19 1367 134 118 99 95 85
719 Eda Yildirim, PhD 11 1364 455 296 265 94 55
720 Miles Berger 12 1361 957 70 42 41 32
721 Amy L. McNulty, Ph.D. 21 1358 310 110 76 66 66
722 Ranjith Babu 23 1349 103 100 78 66 61
723 Claudia K. Gunsch 17 1344 216 177 107 76 74
725 Paolo Maccarini 22 1341 117 62 53 43 42
726 Xiaojing Liu 19 1322 289 160 105 85 54
727 Jonah Gollub 21 1319 109 84 74 65 63
728 Xiling Shen 18 1315 241 191 95 58 57
729 Renata Leite Pitman 18 1314 426 114 88 79 53
730 Mayra D Cervantes 13 1314 434 334 98 77 52
731 Leah L. Zullig, PhD, MPH 20 1311 97 76 71 65 45
732 Felipe De Brigard 18 1311 174 136 116 111 96
733 Jennifer J. Swenson 15 1306 189 172 172 139 93
734 Mai-Anh Vu 9 1287 494 446 143 72 52
735 Po-Hsun Huang 20 1281 248 152 79 79 76
736 Margarita Svetlova 12 1276 378 260 219 140 59
737 Jinsong Zhang 19 1271 140 117 114 98 73
738 Piyush Rai 17 1267 413 71 70 67 66
739 Xinyu Yang 12 1254 418 277 179 86 63
740 Timothy E Miller 18 1253 214 186 111 102 89
741 Maciej A. Mazurowski 16 1254 442 79 56 52 49
742 Karthik Raghunathan 17 1240 225 145 102 84 54
744 Hailiang Hu 18 1223 213 141 115 112 99
745 William A. Johnson 14 1215 209 193 170 141 113
746 Thomas Theis 21 1202 104 84 74 69 68
747 Rachel Richesson 17 1194 135 131 79 79 66
748 Elizabeth Oltmans Ananat 14 1189 230 169 140 118 96
749 John P. Rooney, 0000-0002-4820-0867 18 1190 206 193 191 84 57
750 Shabnam Hakimi 7 1177 449 387 104 100 88
751 James L. Hench 21 1172 132 107 85 82 63
752 Charles Becker 19 1171 202 67 59 52 48
753 Martha Adams 12 1169 444 207 165 67 44
755 xiaoting wang 18 1163 109 104 74 60 56
756 Shane S. Dikolli 17 1163 241 118 113 97 91
757 Sarah Zehr 10 1158 331 278 194 130 95
758 Margaret Rich Greer 14 1156 216 151 115 86 70
759 Michael L. James, MD FAHA 22 1149 78 66 64 61 54
760 Lijing Liu 14 1145 251 127 121 119 82
761 William Brown 20 1143 133 123 123 79 77
763 Ricardo Henao 18 1130 124 72 68 63 59
764 Donald T. Fox 14 1120 194 160 127 104 92
765 Kevin Shang 16 1120 326 188 147 56 49
766 Bill H. Diplas 10 1120 272 215 143 125 88
767 Hsin-Neng Wang 19 1117 163 136 98 84 84
768 Nabanita Mukherjee 8 1102 490 376 116 50 23
769 Aipign Ding, PhD, DSc 14 1097 370 107 85 72 62
770 David McAdams 16 1093 254 141 119 82 61
771 Gerald S. Bloomfield, MD MPH 17 1088 154 80 60 60 56
772 David A Siegel 14 1085 355 117 101 77 58
773 Yuan Tian 19 1072 150 94 76 72 68
774 Grant D Murray 19 1066 108 88 81 79 75
775 Christopher D Johnston 13 1064 357 226 116 59 48
776 Valerie Smith 13 1051 185 171 136 135 72
777 xinjian Liu 14 1045 421 130 81 69 47
778 Dhanesh K Gupta, M.D. 18 1043 118 110 77 73 68
779 Si Tang, Ph.D. 8 1043 465 313 57 57 50
780 jianhong ou 15 1037 360 70 64 55 53
781 Maria Gorlatova 15 1037 259 94 87 83 80
782 Pavle Matak 14 1035 367 157 82 82 59
783 Allan Collard-Wexler 10 1035 257 228 132 121 85
784 Kim Pelak 14 1033 169 133 129 92 76
785 Anthony D'Ippolito 7 1029 629 221 54 51 33
786 Karen A. Cranston 14 1027 313 174 108 97 49
787 Anthony Filiano 11 1012 302 156 112 106 79
788 Georgy N. Sankin 17 1006 134 95 86 75 43
789 Sambuddho Mukherjee 15 1004 314 104 79 69 62
790 sharon belenzon 14 1003 182 136 125 107 92
791 majda hadziahmetovic 12 1000 412 117 102 74 58
792 Vikas Bhandawat 8 997 251 249 246 135 45
793 Chunyuan Li 18 993 80 75 75 74 70
794 Agostino Migliore 15 986 206 190 119 68 53
795 Arjun Saha 17 985 175 60 51 51 50
797 Surya Tokdar 17 974 93 79 79 77 75
798 Sandeep K Singh 9 974 658 72 56 49 46
799 Chai Hoon Quek 17 971 120 114 100 76 75
800 Maria Kousi 16 969 180 118 87 71 70
801 Grant Garrigues 16 965 121 95 81 60 58
802 Roger Vilardaga 17 946 143 90 83 57 44
804 Bryan Bollinger 8 945 378 325 103 40 23
806 Charlotte T. Lee 11 939 319 291 68 48 39
807 Sangsu Bang 15 937 103 100 95 85 84
808 Haider Javed Warraich 17 940 81 78 60 56 56
809 Wei Jia 14 935 157 137 134 92 79
810 Allison Stelling 18 934 93 86 56 54 52
811 Marc D. Ryser 13 662 193 70 70 69 40
812 Chi-Jen Yang 13 929 167 137 128 95 78
813 wilkins aquino 16 927 113 57 49 48 48
814 Huseyin Yildirim 15 926 161 130 72 70 64
815 Jennifer L. Roizen 10 925 423 127 71 65 65
816 Rachelle O'Connell 13 924 134 113 99 85 69
817 Ralf Harskamp 18 923 161 141 57 55 44
818 Hemraj Juwarker 7 924 245 173 169 135 111
819 James Johndrow 9 922 311 280 148 53 27
820 Cosmin Ilut 8 917 467 175 101 73 31
821 Qiang Qiu 15 899 141 117 98 51 39
822 Karen Murphy 8 898 397 132 110 107 63
823 Adam Rosen 12 895 296 197 141 66 36
824 Kenneth Surin 14 883 230 64 48 31 30
825 Anthony S. Zannas 15 884 147 90 80 79 75
826 Tariq Ahmad MD MPH 12 879 369 83 83 79 61
827 Mukesh Kumar 17 874 111 99 70 68 63
828 W. Neal Simmons 16 871 198 95 49 43 36
829 Lukas Schmid 11 872 257 153 102 83 72
830 Peter A Larsen 16 868 112 74 71 57 51
831 Gabi Hanna MD. 13 862 230 121 93 66 61
834 Da Huang 13 857 168 108 105 88 75
835 Jessica D Tenenbaum 13 856 207 122 99 73 52
836 Laurie H Sanders 15 855 162 114 91 67 57
837 Rafael Dix-Carneiro 9 857 236 145 134 131 90
838 Lingjun Rao 7 855 410 214 107 48 22
839 Amit Patel 17 854 255 72 67 39 34
842 Elham Ghadiri 8 844 463 215 56 55 10
843 Pelin Cayirlioglu Volkan 10 843 462 93 78 45 45
844 Qinglin Wu 18 841 88 81 69 56 54
845 Andrey Bortsov 18 841 87 85 74 55 45
847 Francesca Galeffi 14 831 178 97 92 77 73
849 Ting Yang 15 835 280 91 67 49 47
850 Francesco Bianchi 14 829 232 110 101 64 51
851 Colleen Robles 11 825 317 134 61 53 46
852 Yu-Chin Chiu 14 823 136 128 114 76 74
853 Christopher Bail 8 822 334 334 145 111 72
855 Brian C Allen 16 820 110 97 91 84 61
856 Jessica McCann 10 814 297 121 100 67 64
858 Sean Peterson 11 812 210 189 99 67 52
860 Qiang He 14 801 318 91 84 40 34
862 Michael R Tadross 11 798 201 166 129 117 38
863 Jeffrey Taekman 13 792 200 90 74 63 52
864 Farrell Kersey 10 788 348 116 110 60 47
865 Jeffery Priddy 10 784 343 159 82 40 33
866 Benjamin Redelings 10 784 271 201 80 71 40
867 Debmalya Panigrahi 17 787 93 60 52 50 41
868 Dadong Zhang 15 782 96 81 62 52 49
869 anna maria Masci 14 781 107 89 66 56 54
871 Adam DeVore 15 779 57 49 33 30 28
872 Yvonne Mowery 8 772 411 122 79 54 21
873 Dalia Patino Echeverri 15 769 162 78 59 55 48
874 Daniel Stegmueller 10 765 387 387 82 60 46
875 Priyadip Ray 15 765 85 65 65 47 33
877 Marshall G. Miller 13 763 276 90 59 46 31
878 Christopher L. Holley 11 762 231 116 89 65 64
879 caceres ai 11 761 275 122 110 39 34
880 Jocelyn Olcott 10 760 200 170 101 90 39
882 Roland Albert Matsouaka 13 758 317 57 43 38 33
883 Liuyang Wang 13 754 183 78 61 59 54
884 Lezi E 15 747 121 85 74 60 58
885 Christopher J. Pirozzi 8 745 392 143 50 50 42
886 Xiaojun Liu 7 742 442 161 67 34 13
887 M. Yawar J Qadri 10 738 229 113 93 61 56
889 Constanza J Cortes 12 733 247 87 80 71 66
890 Ryan Jeffrey Shaw PhD RN 14 732 89 64 63 58 50
891 brian harrawood 14 730 129 64 48 44 38
892 Michelle Connolly 9 725 277 115 97 55 45
893 Mohammadreza F. Imani 17 724 63 54 50 46 44
894 Molly Mullin 7 724 292 105 99 85 83
895 Charles B Parker 12 724 234 55 54 53 34
896 Clara G. Muschkin 14 723 188 64 61 57 53
897 Thuy Le, MD, PhD 9 723 176 139 125 90 40
898 Hafeez Dhalla 14 722 190 120 96 35 35
899 Matthew T. Rinehart, PhD 13 719 124 103 100 65 62
901 Ashley Schoenfisch 16 717 119 54 34 32 30
902 Joseph R Burger 16 715 101 73 70 53 50
903 Frank K. Huynh 14 714 176 82 62 60 49
904 Alireza Aminsharifi 14 708 105 76 40 39 31
907 Abhay PS Rathore 11 698 130 99 91 68 67
908 Noa Segall 12 695 151 142 86 59 56
910 Dr. Santosh K Gupta 7 686 258 193 87 67 25
912 Jiani Huang 7 671 380 132 80 39 10
914 Mira Brancu, PhD 14 667 121 56 38 35 34
916 Sudeepa Roy 15 663 108 68 67 62 60
917 John A. Pura 13 663 120 92 72 63 55
918 Peter G. Kranz 15 663 83 54 36 30 24
919 Manolis Veveakis 16 662 94 50 41 39 37
920 Junjie Zhang 13 663 106 85 76 67 51
921 Tomokazu Souma 15 661 153 89 78 42 40
922 David Ridley 14 658 172 69 50 49 37
923 Jennifer D. Rocca 7 656 211 140 81 79 64
924 Xiaoming Wang 11 655 294 79 65 65 31
925 Rachel Dew 13 652 191 90 69 58 34
926 Michael Frakes 10 652 277 63 54 47 46
927 Akhil Hegde 14 651 91 72 69 61 49
928 Rafael Trevisan 14 648 92 54 53 50 46
929 Michael D Lynch 14 647 102 79 46 43 43
930 Andrew Janiak 9 643 206 156 54 54 48
931 Stacy Tantum 15 643 65 64 44 44 43
932 Y Bai 13 641 244 102 40 34 33
933 Benjamin Bobay 14 641 68 59 50 44 44
934 Dong Yan 9 640 236 112 92 59 33
935 Benjamin Ranard 5 637 409 146 58 15 7
936 Matthew L O'Sullivan 7 636 272 114 103 77 35
937 Nicholas Carnes 13 635 170 143 73 46 25
939 Regis Kopper 13 634 88 69 61 60 59
940 Megan G. Van Noord 10 633 266 72 64 56 50
941 Graham D. Johnson 10 633 150 134 78 71 56
942 KeZhao Du 15 629 62 61 54 50 37
943 Yang Liu 13 626 103 84 84 57 57
944 Luke Bretherton 12 625 209 132 39 35 33
945 Anna Gassman-Pines 13 625 109 76 62 59 48
948 Roy A. Pleasants 14 623 88 74 59 37 34
949 Chunpeng Wu 10 621 218 184 44 37 31
950 Daniel Neef 9 620 183 149 94 72 35
952 Elika Bergelson 8 614 380 86 30 24 23
953 Patrick Chiyo 13 612 89 74 58 54 54
954 Chen-Ting Lee 13 612 124 70 62 49 43
956 John P Powers 15 608 88 63 48 46 43
957 Laifang Li 11 606 154 91 73 44 40
958 Jennifer K Plichta 9 606 419 26 24 24 17
959 Michael Granieri 10 605 143 138 84 44 37
960 Stephen Darty 7 599 345 91 59 39 24
961 Erin Sigel 9 597 204 79 62 44 44
962 Sarah Bermeo 8 596 204 144 72 67 43
965 Lars Grimm 10 594 176 79 49 38 29
966 Zhiyuan Ma 8 591 139 120 101 83 39
967 Darin P. Clark 13 591 80 73 53 50 48
968 Thomas J. Farrer, Ph.D. 10 589 96 83 62 61 56
969 Mark Goodacre 13 589 133 99 55 46 32
970 Elise Demeter 9 588 157 91 76 75 49
971 Emilie Lefevre 9 583 129 121 121 58 36
973 Tyson H. Brown 10 577 172 85 63 63 58
976 Lauren Pacek 14 571 67 59 58 40 32
977 Deborah Gallagher 9 563 137 113 59 42 35
979 S. Sivaram Kaushik 11 561 123 107 85 39 37
981 Eric M Thompson 13 557 93 62 59 55 37
982 Arnaud Maurel 10 555 193 92 52 40 37
983 Mahmoud Kaddoura 10 557 288 88 53 43 20
984 B.A.M. Owens 7 555 244 99 63 62 52
985 Jessica Lunsford-Avery 11 555 246 61 42 34 30
986 Nicola J Quick 10 554 83 71 63 58 56
987 Nassir Mokarram 12 553 145 57 50 46 43
988 Simone Degan 15 553 65 56 39 35 34
989 Timothy Sleasman 11 553 246 46 44 38 22
990 Bonnie N. Kaiser 12 549 116 78 48 43 35
991 Justus Adamson, PhD 14 548 71 42 41 38 37
993 Satish K. Chitneni 13 548 93 76 57 43 34
994 Marcos A. Rangel 10 547 164 161 37 27 22
996 Galen Reeves 11 546 123 69 51 50 34
998 Eve Puffer 15 544 52 42 42 36 30
999 TARUN SAXENA 12 542 130 109 61 32 31
1000 Alexandra Kueider 7 540 345 100 27 19 18
1001 Esther Salazar 13 539 108 40 34 26 26
1002 Muath Bishawi 15 536 57 39 34 29 26
1003 Sangjune Park 11 536 99 75 73 48 45
1005 Jeffrey S. Smith 8 534 153 109 70 60 58
1007 Hamid Chalian 14 531 98 64 44 32 28
1008 Andrew J Traverso 12 539 99 60 53 52 44
1010 Frances Hasso 10 527 111 79 72 58 52
1012 Elizabeth Jenista 10 523 162 75 58 40 32
1013 Alexander Grabner 10 521 153 59 58 46 30
1015 Stephen Sachs 10 514 108 66 64 61 59
1017 Diming Zhang 13 511 131 46 33 29 23
1018 Kevin Bolding 7 500 234 85 82 46 19
1019 Jonathan D. Schaefer 6 501 255 186 18 16 15
1020 Andrew Barbour 10 494 156 132 40 31 20
1023 Nian Wang 14 489 66 54 40 32 32
1024 黄泽宇 13 490 102 73 30 29 26
1025 Vanessa Woods 5 488 343 91 20 19 7
1027 Edgar Mauricio Medina Tovar 8 488 171 116 56 54 43
1028 Qiang Cao 7 486 303 103 23 16 10
1030 Mark Juhas 9 485 105 96 92 51 51
1031 Kevin Tsai 9 485 126 76 59 57 50
1032 Ryan P. McNabb, PhD 10 483 96 89 71 58 23
1033 Johann Guilleminot 13 484 64 52 50 39 28
1034 Stephen Mitchell 6 482 167 117 101 46 21
1035 Xin Wu 5 481 202 146 70 43 5
1036 David J. Zielinski 13 482 161 39 36 31 29
1038 Zak Loring 12 473 62 57 52 47 40
1039 Juan Marcos Gonzalez 10 472 102 74 39 25 25
1040 Melissa Hector-Greene 6 472 191 127 76 55 13
1041 Patty Van Cappellen 10 470 131 90 58 56 39
1042 Jiaul Hoque 12 469 80 76 56 47 38
1043 Kyle Roberts 7 468 122 81 77 76 62
1044 Julie A. Reynolds 11 468 113 84 45 40 27
1045 Charles S. Wallace 8 465 78 73 61 60 51
1046 Karin L. Akre 10 464 89 88 44 43 41
1047 Joao Ricardo Nickenig Vissoci 12 464 62 32 31 30 22
1049 Wenqi Wang 8 460 216 58 57 35 31
1050 Jie Zhuang 10 460 140 69 46 39 31
1051 Manoj Mohanan 8 458 197 60 52 41 36
1052 XiaoTing Wang 10 456 109 74 56 46 33
1054 Mao Mao 13 452 75 73 37 36 34
1055 Mark Hallen 11 450 148 71 27 25 20
1056 Ihab Sraj 13 450 99 56 48 32 29
1057 Huishan Zhu 6 447 143 110 84 58 34
1058 Zhao (Joanna) Wang 14 445 63 41 39 32 31
1060 Chester Yarbrough 13 438 44 33 33 32 31
1061 Yu-Ju Tsai 7 436 194 104 42 40 30
1062 Caren Weinhouse 8 434 108 86 64 58 46
1063 Po-He Tseng 5 429 273 83 31 29 7
1064 Jeffrey Ashton 6 430 131 100 84 53 32
1065 David Pierson Bradway, PhD 8 426 216 82 48 13 11
1066 Charlene Wong 11 423 59 41 40 36 26
1068 Katherine R. Singleton 7 423 144 89 88 28 22
1069 jingyuan zhang 7 422 309 54 13 13 13
1070 Gustaaf de Ridder 10 419 145 66 41 31 21
1071 Justin Solomon 10 419 62 56 52 34 33
1073 Mohamed F. Algahim, M.D. 10 416 96 68 54 45 44
1074 Jennie C. De Gagne 10 417 55 53 43 39 26
1075 Chingheng Chou 9 412 112 92 50 46 33
1076 Aaron Reuben 9 410 92 68 56 44 37
1077 gopal udhayakumar 8 408 89 79 73 55 42
1078 Kuo Du 11 409 70 62 31 31 30
1079 Joel A. Greenberg 11 407 51 36 34 33 22
1082 Delin Sun (孙得琳) 10 405 121 83 48 24 23
1083 Felix Mba Medie 10 404 152 61 37 32 27
1085 ZHAOHUI WANG 5 403 143 84 61 58 49
1087 Hongteng Xu 许洪腾 10 400 64 43 40 35 23
1088 Whasil Lee 8 395 128 76 45 39 38
1089 Mateja Nenadovic 12 393 87 84 32 23 20
1090 Mark R Cronan 9 391 89 66 53 49 43
1092 Jonathan Chabout 7 383 131 83 54 46 22
1093 Kan Luo 10 382 100 46 34 32 30
1097 Paul J Phelan 11 376 74 44 35 32 30
1098 Catherine Staton 12 375 41 38 30 29 24
1101 Nathan Lo 4 371 226 74 59 7 4
1102 Tiantian Yang 8 370 91 79 58 54 35
1103 Yanzhen Li 5 368 241 87 14 9 6
1104 Tomas Blanco 10 367 69 49 47 44 26
1105 Paul Bendich 10 365 64 48 41 39 37
1106 Elizabeth Jones Sbrocco (formerly M. Elizabeth Jones) 7 365 91 90 72 69 21
1107 Min-Nung Huang, M.D., Ph.D. 7 363 216 40 33 23 17
1108 Brandt Levitt 5 363 175 54 49 45 39
1109 Zhenhua Tian 12 362 49 43 41 38 29
1110 Stephanie Eucker 9 360 119 61 35 34 24
1111 Martin Tall 9 359 169 39 36 27 13
1112 Jun Zhang 10 359 106 44 27 26 22
1113 Federico A. Bugni 8 357 197 30 23 19 18
1115 LaBarron K. Hill 9 356 54 52 35 33 28
1116 Jun Takatoh 9 356 67 62 56 39 38
1117 Eric Hastie 8 355 103 76 60 32 16
1118 Patrick C. Gedeon 10 353 83 58 38 24 24
1119 Karen M. Goldstein MD, MSPH 9 352 109 34 23 21 20
1121 Nishad Jayasundara 12 349 58 55 37 23 22
1122 Xiaofeng "Steve" Zhang 10 348 104 41 36 24 20
1123 Tana Johnson 8 348 75 75 54 51 51
1124 David W Jang 9 346 108 37 35 34 19
1127 Ying Li, PhD 12 344 64 32 30 28 23
1129 Davoud Mozhdehi 5 343 107 103 87 26 19
1131 Rui Yang 6 342 143 84 72 15 14
1132 Kamrouz Ghadimi 11 342 32 31 28 27 27
1133 Amanda Utevsky 4 341 245 46 37 8 3
1134 Felicia McGuire 5 341 127 105 34 34 33
1135 Yangju Lin 8 343 80 78 44 43 39
1137 Phanindhar Shivapooja 8 336 101 92 40 25 24
1138 Nathaniel Greene 7 335 118 97 25 22 15
1139 Thomas Mølhave 10 334 78 40 39 28 25
1140 Erin L. Manning, M.D., Ph.D. 5 333 216 57 30 20 6
1141 Caigang Zhu 7 333 162 44 24 21 15
1142 Shaundra Bryant Daily 9 331 163 20 20 17 14
1143 Overath 8 329 61 61 56 50 30
1144 Sheryl Grant 6 325 200 41 33 17 16
1145 Luiz A Hegele Jr 8 325 155 47 33 22 13
1146 Su Mi Park 6 323 151 48 42 35 28
1147 Wei  Chou Tseng 4 323 218 56 29 20 0
1149 Amelia S Wallace 10 322 50 45 43 42 26
1150 Sarah Gaither 11 321 53 42 34 30 29
1151 Joshua Doherty, PhD 8 319 165 33 28 21 16
1152 Hongjun Wang 10 319 69 54 35 29 23
1153 John T. Martin 10 318 63 53 50 31 23
1154 Jesse Daystar, PhD 11 316 49 36 35 31 26
1155 Sharique Hasan 8 314 117 42 40 40 21
1156 Ivo D. Shterev 10 313 58 41 40 38 25
1158 Jorge Marqués 9 311 61 52 52 48 22
1159 David J. Herzfeld 6 310 99 83 56 44 10
1160 Michael C. Brown 10 309 105 36 29 23 22
1161 Lisa Huettel 9 309 96 24 17 15 13
1162 Yinshi Ren (Rene) 11 310 64 30 29 28 25
1163 J. Alejandro Rojas 9 308 57 40 39 34 30
1165 Ian McDowell 8 308 142 35 34 33 14
1167 William P. Huhn 8 307 68 60 36 29 22
1168 Erdağ Göknar 8 305 124 38 27 25 20
1169 Lily Siying Ma 6 304 130 58 50 33 16
1171 Nicole DePasquale 10 301 84 29 27 25 19
1173 Zoe Jewell 8 299 64 47 44 33 25
1174 Ikenna Odinaka 5 299 186 77 13 6 5
1175 Tetsuya Takano 10 298 59 51 45 36 21
1176 Zhengtao Xiao 10 299 46 39 37 37 29
1177 Rebecca Steorts 8 297 61 48 42 40 28
1178 Namsoo Kim 8 296 79 62 56 27 21
1179 Sharareh Siamakpour-Reihani 9 296 81 41 28 27 19
1181 Diego V. Bohórquez, Ph.D. 7 294 85 72 44 28 23
1182 Kaelyn Sumigray 10 291 59 44 43 31 31
1183 Lindsey Eldred (formerly Chepke) 10 291 107 20 20 19 19
1184 Promila Pagadala 5 292 95 56 45 44 35
1185 Junfei Li 8 290 49 45 43 36 35
1186 Chen Shen 7 290 78 57 36 32 31
1187 Elizabeth J. Gifford 11 287 49 23 23 21 21
1188 Krishichayan 10 285 38 23 22 19 16
1189 Zuchuan Li 10 285 42 40 36 32 18
1190 Andrew Hilton 9 284 56 47 30 27 24
1191 Amy J Wisdom 3 284 147 107 27 1 1
1192 Wei Phin Tan 11 285 61 40 26 20 17
1193 Matthew Stanley 7 284 105 55 38 26 25
1195 Marcus Rodriguez 8 282 96 38 30 22 20
1196 Catherine Wolff 10 282 65 29 27 25 23
1197 Danielle Ferraz Mello 9 282 54 50 41 28 26
1198 Xiaojun Li 8 282 40 35 33 27 27
1199 Camilo Calderon 7 281 149 45 20 18 16
1200 Ben Goodman 7 280 70 59 44 34 32
1201 prapimporn shantavasinkul 10 280 49 47 36 27 20
1202 Julian Hong 10 279 45 36 33 32 21
1203 Aaron Berdanier 7 279 89 51 50 35 23
1204 Michael Trumpis 8 280 86 64 51 35 10
1205 Bryan J Luukinen 10 278 51 34 31 18 15
1206 Yan Wu 8 277 100 64 46 15 13
1207 Andrew C. Madison 5 277 120 49 47 33 8
1208 Bin Gu 6 276 106 52 34 30 26
1210 Mohammad Arifuzzaman 11 275 39 37 30 30 27
1211 Akshay Bareja 5 271 76 58 54 41 31
1213 Swarnapali De Silva Indrasekara 7 270 81 51 40 40 19
1214 Corey Oses 9 269 77 45 38 26 17
1215 Mahsa Dabagh 8 268 60 48 36 27 19
1216 Jia Li 9 267 75 38 38 38 27
1217 Thomas Ray 7 267 89 52 38 34 18
1218 Jeff Prescott 10 266 45 37 35 34 26
1219 Seth Zimmerman 8 266 111 30 29 26 21
1220 Matthew S. Kelly, MD, MPH 7 265 97 37 35 25 21
1222 Brandon S. Nichols 8 264 85 48 39 27 14
1223 Elizabeth Albright 7 263 103 76 38 10 8
1224 Taiqin Huang 9 263 44 42 38 27 21
1225 Nicholas K Geitner 9 262 69 50 29 20 18
1226 Hongcheng Lu (卢红成) 10 261 53 42 35 30 19
1227 Victor Bennett 9 260 88 35 20 20 19
1228 Karolina Woroniecka 4 260 184 52 9 9 4
1229 Caroline Dorfman 9 260 39 38 30 28 27
1231 Jason A Oliver 9 259 52 41 23 20 15
1232 Cynthia L Darnell 6 259 60 49 45 35 29
1233 Zhe Zhu 6 259 142 71 14 8 8
1234 Kevin Claytor 7 257 68 63 31 29 20
1236 Qing Yang 7 255 81 60 32 26 12
1237 Shuqiang Huang 8 252 68 60 33 30 14
1239 Robert Fitak 7 250 95 32 28 27 21
1240 Matthew Scult 9 249 61 42 28 25 17
1241 Jordan M Malof 8 249 56 26 12 11 10
1243 Brent Fallin 8 249 50 30 27 27 22
1244 Ruoyu Zhu 6 247 107 53 53 34 20
1247 Jason Zhu, M.D. 6 245 88 70 38 15 14
1250 Eric Josephs 8 244 53 47 41 27 26
1251 Angela Zoss 7 243 122 43 30 10 9
1252 Lalin Anik 6 243 124 49 25 9 6
1253 Kun Xiang 8 243 77 50 34 27 14
1254 Matthias Kehrig 7 244 105 48 29 26 13
1255 Saideep Bose 6 242 62 56 35 35 24
1256 Zilong Wang 8 242 71 30 25 22 17
1257 Zehra Parlak 8 240 110 44 15 14 12
1258 Madhan Thamilarasan 5 240 82 75 39 30 13
1259 Scott LaGreca 8 240 46 37 25 20 19
1260 Mariano Alvarez 4 238 86 74 45 32 1
1261 Anthony R. Bardo 6 237 69 65 40 16 13
1262 Krisztian Toth 9 236 39 33 27 26 24
1265 Kathryn Mathers 9 234 44 43 27 25 21
1267 Kathryn N Porter Starr 8 232 74 35 22 19 19
1268 Mannocci Laura 9 231 50 37 33 32 23
1269 Anne Marie Augustus 7 230 59 57 44 25 18
1270 Fernando Alonso Campos 8 229 69 27 23 21 18
1271 Shervin Rahimpour 7 229 60 47 34 31 26
1272 Keisha Bentley-Edwards 7 228 69 44 25 20 14
1274 xin zhang 9 228 56 29 22 21 17
1275 Brittany Davidson 5 229 176 19 6 6 5
1276 Colleen M. McClean 6 227 93 83 17 14 8
1277 Parisa Yousefpour 5 227 113 61 32 14 5
1278 Chaoren Liu 7 226 68 60 22 22 13
1279 Jillian Grennan 5 223 68 57 51 28 17
1280 Eleanor Hanna 7 223 60 60 41 20 16
1281 Nikita Chapurin 5 223 167 23 9 6 6
1284 Andrew LaCroix 6 221 108 50 27 15 11
1287 Philipp Sadowski 7 219 65 47 39 13 13
1289 Mark Sundman 7 218 65 44 32 29 18
1290 Xinyu Xiong 8 218 38 33 26 23 23
1291 Ilya Leyngold, MD 9 218 60 37 19 18 14
1292 Baolei Li 7 217 100 28 22 20 14
1294 Rene Raphemot 9 215 37 29 24 22 21
1295 David C Wendell 6 216 63 58 33 25 24
1296 Xiao Zhang 6 214 84 40 37 17 16
1297 Dr. Hueckel 7 214 87 37 18 17 16
1301 Dhanya Thamaraparambil Jayaram 6 213 100 41 26 15 9
1302 Isaac Weitzhandler 7 209 73 60 26 13 12
1303 Jay G. Simmons Jr 10 209 31 30 24 21 19
1304 Andrew D Bragg 9 209 34 31 27 27 25
1306 Naixing Feng 8 207 46 24 17 17 16
1308 Akshay Raut 8 206 55 54 24 23 16
1310 Mu He 8 206 39 37 32 29 14
1313 Francisco Meneses 7 202 84 22 19 10 9
1314 Tatyana Sysoeva 7 200 52 30 28 24 20
1315 Christopher Jackman 8 200 41 38 32 23 22
1316 Wang Lingling 5 198 61 55 43 14 9
1317 Katelyn Sellgren 7 198 43 43 30 24 20
1319 Jincheng Li 7 197 102 17 12 9 8
1320 Ellene Mashalidis 7 197 72 37 29 21 11
1321 Wuzhou Zhang 6 197 75 75 29 29 27
1324 Michael Boyarsky 8 195 46 38 22 18 15
1325 Mikhail Kovtun 8 195 55 19 16 12 12
1326 Osa Emohare 8 194 45 32 28 16 14
1327 Steve Gu 6 193 64 33 26 15 14
1328 Dirk Philipsen 6 193 75 55 22 21 9
1329 Ryan G. Short 6 193 57 49 28 26 18
1330 JENNIFER JENKS 7 192 53 39 29 24 22
1332 Fang Yuan 6 191 86 27 25 23 14
1333 Jessica E. Brandt, MHS 6 191 53 42 29 26 20
1335 David Cunefare 8 191 43 24 21 18 11
1336 Ali Ghoorchian 7 190 45 42 26 25 23
1339 Renpeng Gu 7 189 71 29 24 24 20
1340 Matthew G. Crowson 8 188 29 29 22 15 10
1341 James Hokanson 5 187 62 53 37 15 10
1342 Jiho Yoo 6 187 68 47 25 14 8
1343 Yiannis Kantaros 9 186 42 29 15 13 13
1347 Rupert Freeman 7 187 100 25 10 9 8
1350 Erin LaBrecque 6 184 70 31 22 18 12
1351 Cacey Stevens Bester 5 184 68 64 28 17 5
1353 Alexander Chamessian 4 183 112 48 14 4 3
1354 Rohan S Virgincar 8 183 39 37 32 23 14
1355 Laura Maurer 8 184 41 30 26 15 13
1356 Whitney Lane 6 182 60 46 27 21 13
1357 Nicolas Magain 8 181 27 26 22 21 19
1358 Ting Ge 7 182 38 28 23 22 19
1359 Dhaval P Bhatt 8 182 34 31 28 21 18
1360 Allison Louthan 6 181 73 25 23 21 21
1361 Blake Hechtman 5 180 61 45 38 20 5
1362 Nooshin Kiarashi 8 181 35 26 24 15 15
1363 Aintzane Urbizu 5 179 46 44 40 30 5
1365 Tao Cai 7 176 38 35 33 18 17
1368 Depeng Wang 8 175 45 28 21 12 12
1369 Gregory K. Fricke 6 174 63 43 10 9 9
1370 Max Villa 7 173 54 48 20 14 12
1371 William Bleser 5 173 106 34 13 6 6
1372 Kathryn Picard 6 171 55 49 22 15 12
1373 Justin T Ridge 7 172 59 22 18 18 17
1375 Christian Häger 7 172 29 21 18 18 18
1378 M.F. Jonker 7 174 86 19 19 14 11
1379 Flavio de Souza Brito 6 170 54 36 17 14 10
1380 Kevin Lehner 6 170 51 47 24 16 15
1382 Xiuyuan Cheng 8 168 29 25 24 19 18
1383 Xiang Li 5 167 83 83 43 18 8
1384 Kimani SM 8 166 33 29 28 20 16
1385 Vinay R. Gowda 6 165 50 34 29 19 15
1386 Xiaoxing Cui 4 165 67 54 26 14 2
1392 Clarice Gareri 6 164 42 41 33 24 10
1393 Leah S. Richmond-Rakerd 8 162 42 18 15 15 14
1394 Mohamed M Ibrahim 9 162 25 24 18 17 14
1395 Matthew M. Engelhard 5 162 118 8 7 5 5
1396 Amber Collins 7 162 42 27 21 17 11
1397 Christian Viehland 6 161 27 21 17 15 15
1398 Gabriel S. Yapuncich 7 161 37 34 18 14 9
1399 Andrew Crowl 8 161 45 27 25 22 14
1400 Jonathan M. Katz 5 161 111 9 6 6 6
1405 J. Patrick Mayo 6 159 30 27 26 16 14
1406 Fanchao Lyu 7 159 44 25 21 15 14
1411 Clay Rouse 6 158 74 24 15 13 10
1412 Patricia L. Thibodeau 8 158 36 23 19 18 13
1413 Sasapin Grace Prakalapakorn 8 158 32 19 13 12 12
1417 Anne Watson Draelos 5 156 78 40 19 11 8
1418 Pranab Sarker 8 156 35 24 24 18 17
1420 Mohamed Ibrahim 8 156 22 19 15 13 13
1422 Derek  J. Royer 7 154 39 38 25 12 10
1423 Brian M. Inouye 7 153 31 24 15 12 11
1424 Aparna Rege 8 153 40 27 19 14 11
1426 Adam C. Olson 6 152 52 25 20 19 15
1429 Zoë Englander 6 152 47 27 24 19 8
1430 Nathan Bossa 5 152 58 43 15 12 9
1432 James M. Meza, M.D., M.Sc. 6 150 70 10 9 8 8
1433 Derek Ho 6 150 49 30 26 12 7
1434 Zachary A. Steelman 5 151 53 44 18 14 10
1435 Yaoying Wu 6 149 54 29 26 14 12
1437 Ziwei Dai 6 150 63 24 14 14 13
1438 Haolin Xu 7 149 42 28 22 12 11
1440 Amanda M. Schwantes 4 147 80 34 22 5 3
1441 Rachel Noek 4 147 70 30 29 6 4
1446 You Leo Li 李尤 4 145 103 20 12 6 1
1448 Julie W. Doberne, MD, PhD 5 145 98 17 9 7 6
1449 Tunde Yerokun 7 147 44 14 10 9 9
1451 Swati Chakraborty 5 143 62 62 34 20 13
1452 Satyanarayana Achanta 6 143 65 23 10 10 10
1453 Adrian Coles, PhD 6 143 38 33 12 11 11
1454 Kibby McMahon 7 143 32 26 22 15 11
1455 Aubrey T. Francisco 4 142 57 38 25 22 0
1458 S. Chad Gibbs 7 141 28 25 19 10 8
1459 Sehwon Koh 6 140 31 29 28 16 16
1464 Helen L. Zhang 4 139 56 43 18 16 3
1465 Joseph G. Winger 8 138 27 21 17 15 12
1466 Elizabeth Shaver 6 138 45 33 19 16 10
1467 Claire de March 7 138 25 23 20 16 12
1468 Yufeng Deng 7 136 46 19 19 12 10
1471 Kisra N Egodapitiya 4 136 50 40 29 8 4
1472 Corrie Curtice 6 135 37 17 16 16 11
1473 Wangyao Ge (葛王尧） 6 135 29 28 20 17 16
1476 Daniel J Shogilev 3 134 110 15 6 1 1
1477 Alina Kirillova, Ph.D. 7 134 38 23 18 14 11
1479 Jordan Hashemi 4 133 61 37 24 7 2
1480 Matthew Novak 7 132 44 23 14 12 11
1484 Mayur Choudhary 5 132 64 33 15 8 5
1485 Chris Varghese 4 131 95 15 10 6 3
1486 Bonan Yan 6 131 46 23 15 13 9
1487 David Courtney 7 131 48 18 16 15 9
1492 Daniel M. Holstein 5 129 36 34 27 14 9
1493 Sarah Abbes 5 129 59 24 16 11 9
1496 Apurva Dave 6 128 49 31 24 9 6
1497 Koji Toda 5 128 37 28 27 13 8
1498 Seyed Majid Zahedi 5 127 69 21 10 8 7
1500 Alexander Lazarides 5 127 67 22 16 6 6
1501 Stephanie C. Hammel 6 128 41 26 24 10 9
1502 Gary Lipton 6 126 31 28 16 14 13
1505 Leo Duan 5 125 54 26 19 9 6
1506 Will J Eldridge 7 125 18 18 18 16 14
1513 Animesh Srivastava 6 123 32 28 22 14 12
1514 Gopalkumar Rakesh 5 122 34 31 17 9 5
1516 Joseph Lunyera 6 121 35 34 18 7 7
1519 Davood Hajinezhad 6 119 46 22 17 13 9
1520 Linghao Song 4 119 51 46 8 6 4
1525 Robert Duvall 6 118 35 27 24 10 9
1526 Ruobing Wang 5 117 30 27 26 21 11
1528 Scott (Ted) Espenschied 5 116 37 27 22 9 7
1530 Samuel J Rose 6 116 35 25 17 15 12
1533 Blair R. Anderson 5 115 33 21 21 20 19
1534 Ilker Nadi Bozkurt 6 114 33 26 14 10 10
1537 Charles Wood, MD, MPH 6 115 32 26 16 15 7
1538 Hrishikesh Mohan Rao 5 113 47 19 16 13 5
1540 Erika Michelle Moore 5 113 46 28 16 12 7
1541 Carlotta Pavese 6 113 41 18 13 12 8
1542 David R. Hansen 7 112 37 11 10 10 10
1543 Josef Pleticha 6 113 38 16 15 14 10
1544 Joseph R Simon 4 112 41 28 26 15 1
1545 Justin Gladman 4 111 34 31 18 14 3
1546 Dr. Sandip Madhusudan Swain 4 110 60 25 12 6 4
1547 Brandon M. Schickling 6 111 35 15 14 12 11
1549 Bradley D. Robertson 6 110 26 25 21 14 10
1550 Nicholas Grebe 6 111 39 19 15 14 8
1551 Po-Han Chen 6 110 34 18 14 12 10
1554 Jeff Martin 4 108 45 41 11 9 2
1557 Laura Pulido-Mancera 6 108 22 18 18 15 6
1558 Dmitry Fridman 5 108 43 18 15 11 8
1560 Eric J Gonzalez 5 107 25 24 23 20 13
1562 Zhixia Ye 5 106 50 23 14 9 5
1566 Ashley Sobel Leonard 5 105 28 23 21 14 12
1567 Prathyush Samineni 6 104 24 20 17 15 12
1569 Katheryn E Rothenberg 5 104 59 15 11 10 5
1570 Ryan McCormick 5 103 27 26 17 12 10
1571 Paul Klenk 4 103 35 27 22 9 3
1572 Zoheb Kazi 6 103 25 20 17 7 6
1574 Jessi Streib 4 102 50 28 11 5 3
1577 Peter Hollender, PhD 5 101 38 19 14 10 5
1578 Christina M. Hopkins 7 101 21 15 14 14 11
1579 Shih-hsiu Wang 5 101 29 23 12 11 10
1580 Holly Ackerman 5 101 31 30 10 7 5
1581 Ernest Zitser, Ph.D. 4 101 62 10 10 7 6
1582 Bill Adair 6 101 22 22 10 8 8
1583 Katherine Ramos, Ph.D. 5 99 50 13 10 5 5
1584 Zhengyuan Zhou 6 98 21 16 14 10 9
1586 Angela M Pisoni 3 98 71 20 5 2 0
1587 A. Almerbati 4 99 63 13 13 4 3
1588 Risi Thonangi 6 97 23 22 16 13 8
1589 Nick Bottenus 6 96 28 10 9 9 8
1590 Leila Ledbetter 4 96 41 30 12 7 2
1592 Wynn G. Hunter 5 96 24 19 19 13 11
1593 Jiyoon Cho 5 96 25 18 16 16 10
1595 William John 4 96 40 28 9 7 3
1596 Mark Janko 6 95 20 18 18 14 9
1597 Roozbeh Abedini-Nassab 4 95 45 13 12 8 4
1600 demet usanmaz 5 96 28 16 9 7 6
1601 Ayomide Atewologun 4 95 29 28 17 16 3
1604 Mor Ben-Tov 6 94 19 19 15 12 11
1608 Xu Zhang 5 93 34 18 15 14 8
1609 Yan Chen 4 94 48 19 11 5 4
1610 QIWEI HAN 6 93 31 21 13 7 6
1613 Arianne Hartsell-Gundy 5 91 28 18 16 13 5
1614 Zilong Zou 5 91 37 17 15 7 6
1615 Wei Zhu 4 91 38 14 11 8 4
1617 Nicholas A Mischel 5 91 24 19 19 19 10
1619 Jainil Shah 6 90 21 8 7 7 6
1620 Congwen Yi 4 90 27 24 23 14 2
1623 Nicolette Cagle 4 90 33 30 11 4 4
1624 Jered Wells 6 90 17 16 10 9 7
1626 Anna Rodrigues 5 90 33 13 11 7 5
1632 Jenna Mueller 6 89 23 15 8 8 6
1634 Rujie Yin 5 88 31 17 16 10 8
1635 Barbara K. Wiernek 4 87 42 20 11 7 4
1636 Eli Meyerhoff 3 89 38 30 11 2 2
1637 Pinku Nath 6 87 36 16 7 7 7
1638 Qiwei Zhan (詹启伟) 7 87 13 13 10 10 10
1641 Ryan Denniston 3 86 70 8 4 2 1
1642 Jie Ding 5 86 40 8 8 8 7
1644 Marissa Lee 4 85 51 13 11 10 0
1645 Yuan Fang 7 85 17 13 12 10 9
1646 B O Mainsah 4 85 35 17 9 8 3
1647 Songchun Fan 5 84 33 21 9 5 5
1648 Kayleigh Somers 3 84 54 8 8 3 3
1649 Sargis Karapetyan 3 84 52 21 8 3 0
1650 Ali Eghtesadi 5 84 27 16 10 8 6
1651 Thomas J. Leininger 5 83 26 19 14 8 7
1652 Igor R. Kuznetsov 5 83 54 7 6 5 5
1653 Jiaxing Lin 3 83 50 28 3 2 0
1655 Nisarg Raval 4 82 32 22 10 8 3
1656 Kent W. Nixon 5 82 19 16 12 9 6
1657 Katelyn A. Walzer 5 82 26 21 13 8 8
1659 Gar Waterman 5 82 27 17 16 6 5
1660 Yu Cheng 5 82 22 18 13 12 7
1663 Felipe Varas 5 81 24 14 14 9 8
1665 Zhiru Yu 5 80 13 12 11 10 9
1667 Sara Bonetti 4 79 39 18 6 4 4
1668 Mark Draelos 4 79 36 14 14 9 3
1671 Eleanor Caves 4 78 39 12 10 10 4
1673 Fan (Frank) Li 6 77 18 12 11 9 9
1674 Nupur Aggarwal, PhD. 3 77 36 16 16 3 2
1676 Dixin Luo 罗迪新 5 76 20 20 15 9 6
1677 Travis Washburn 6 76 26 17 11 6 6
1678 Alejandro Berrio 3 76 50 15 8 2 1
1679 Liqun Chen 5 76 26 18 16 11 5
1680 Edgard Ngaboyamahina 4 76 22 17 16 10 4
1681 Kendra Smyth 6 75 21 10 9 7 7
1682 Qiu Qin 5 75 32 10 7 7 6
1685 David R. Martinez 5 75 27 14 7 5 5
1686 Sally S Ong 3 75 62 5 5 3 0
1687 Steve D Mann 5 74 21 8 7 7 5
1689 Oranat Chuchuen 4 74 26 20 14 7 2
1691 Sauharda Rai 4 74 42 9 8 4 3
1693 Daniel Reichman 6 73 15 11 8 6 6
1695 Sarah Longo 4 73 30 24 8 7 4
1696 Junwen Dai 4 72 20 12 10 9 4
1697 Han-jun Li or Hanjun Li 4 72 24 18 13 4 4
1698 Oriol Colomés 4 72 51 9 5 5 1
1699 Mark S. Bartlett 6 72 16 14 12 9 7
1700 Alex Washburne 3 72 24 24 13 3 2
1701 Pasupathi Sundaramoorthy 5 71 20 16 16 6 5
1703 Alexander Volfovsky 6 70 19 14 10 8 6
1707 Shannon Esher 5 69 29 12 10 10 8
1708 An T. Pham 5 69 25 15 13 8 5
1710 Patrick Herron 4 68 23 16 14 4 3
1712 Adrian Pickar Oliver 4 68 32 13 8 6 4
1713 John Virdin 6 68 12 12 11 11 8
1714 Yuhao Wen 5 68 24 14 10 7 6
1715 Joseph T Feldblum 3 67 34 15 13 1 1
1716 Jacob Timmerman 4 66 21 19 8 8 4
1718 Alfredo Ezequiel Farjat 4 66 33 5 5 5 4
1720 Leila Bridgeman 5 66 13 13 11 11 8
1725 Amber L. Beckley 5 64 18 16 9 9 6
1728 Rachel Jug 2 63 56 2 1 1 1
1729 Sanghoon Kim 5 63 20 14 8 7 5
1730 Hongchuan Wei 6 62 11 10 10 8 8
1731 Michael Albert 5 63 9 9 7 7 7
1732 Fenfang Li 5 66 30 10 5 5 5
1734 James Thostenson 4 61 24 19 6 6 3
1735 Tai Xie 4 61 19 12 9 6 4
1736 pan dong 4 61 32 7 6 5 4
1739 Alexandra E. Sutton 4 59 33 8 8 4 2
1740 Mayuresh Kunjir 4 59 24 10 7 6 4
1743 Marcelo Cerullo 4 59 12 9 8 7 3
1745 Nicholas M Czarnek 5 59 14 13 7 6 6
1748 Yingzhou Li 6 59 15 11 9 7 7
1749 Andrew Griffin 4 59 17 12 10 9 4
1753 Alexis Henshaw 4 59 23 19 5 4 3
1757 Timothy J. McCord 4 58 34 11 6 5 1
1758 yunyun hu 5 58 12 9 9 7 6
1766 Paul Thompson 3 55 28 13 5 2 2
1768 Pietro Strobbia 3 55 30 8 4 3 3
1770 Maryam Baikpour 2 55 46 7 1 1 0
1771 Sudhanshu Garg 3 54 30 6 5 3 3
1772 Emilie Huffman 4 54 25 9 7 5 2
1783 Tomer Duman 5 52 17 9 7 5 5
1786 Kevin C. Zhou 4 52 16 11 10 9 4
1787 David Hicks 3 52 22 14 11 3 1
1788 Reem Mokhtar 4 51 30 6 5 5 3
1790 Nathan J. Cox 2 51 46 4 1 0 0
1799 Yulong Lu 3 50 22 22 17 4 3
1800 Gabriel Rosenberg 3 49 20 13 8 3 3
1801 Mitchell R. Knisely 4 49 11 10 8 6 4
1804 Christopher Langdale 5 49 17 7 7 5 5
1805 Marthony Robins 2 49 43 4 1 1 0
1807 Karen Scherr 3 48 22 12 4 3 2
1811 Mehdi Khalloufi 3 48 16 15 13 2 2
1813 Yuqian Li 4 48 14 8 8 5 4
1814 Kenady Wilson 5 47 13 10 7 6 5
1815 Samantha Lipman 4 47 14 11 11 4 2
1816 Martin Eisner 4 47 16 12 8 7 2
1821 Orlin Vakarelov 4 45 13 12 10 7 2
1823 Jihad Abdelgadir 3 45 30 6 6 1 1
1825 Markos Hadjioannou 4 45 19 11 6 6 3
1837 Kevin Friede 3 44 33 7 3 1 0
1838 Xiao Yu Wang 4 43 13 11 6 6 3
1839 Zachary Zenko 4 43 18 9 7 6 1
1841 Adrienne Romer 4 44 16 12 7 6 2
1842 yang zhang 4 43 16 12 5 4 2
1843 Justin Ericson 4 42 11 10 6 4 3
1846 Abhishek Koneru 4 42 8 7 7 6 4
1847 Catherine (Marcoux) Belley 3 41 22 12 5 1 1
1848 Lukas C Brun 4 41 12 9 5 5 4
1849 Yingjie Liu (刘英杰) 5 41 9 8 7 7 6
1860 Joshua Waite 3 39 16 9 7 3 2
1861 Chen Yang 2 39 14 14 2 2 2
1862 Robert F. Spivey 3 38 23 8 4 2 1
1864 Zachary A. Monge 4 38 11 5 5 4 4
1869 Ehsan Abadi 4 37 12 9 5 5 2
1870 Adam Mestyan 4 37 8 5 5 5 4
1873 Heather Heenehan 4 36 18 5 4 4 3
1877 Shi Zhenzhong 3 36 19 10 4 1 1
1880 Hanzhang Xu 4 35 11 6 4 4 3
1883 Gao Tang 4 34 12 7 7 5 1
1889 Ronnie L. Shammas 3 34 14 4 4 2 2
1893 NURUL T. ISLAM 3 34 10 10 10 2 1
1910 Gugan Thoppe 4 31 7 7 5 5 2
1911 Sara Galletti 3 31 9 5 4 3 3
1912 Chris Tralie 3 37 13 6 4 3 3
1917 Wanyi Fu 3 31 14 8 5 1 1
1920 Aaron Diebold 5 46 15 11 9 6 5
1922 Devin Bridgen 2 30 22 5 2 1 0
1932 Ilya Zhbannikov 3 28 8 3 3 3 2
1934 Brenda Betancourt 3 28 10 10 3 3 2
1937 Kristina Troost 3 27 9 7 5 2 2
1944 Wout Salenbien 3 26 10 10 3 2 1
1951 Dane Emmerling 3 26 18 4 3 1 0
1953 ZHIYING LU 3 26 7 4 4 3 2
1964 Boshuo Wang 3 24 6 5 5 2 2
1970 Zhanwei Zhong 2 23 10 9 2 1 1
1974 Matthew Elmore 3 23 9 5 4 3 2
1976 Lixiao Huang 3 22 8 4 3 2 2
1980 Zachary J. Il'Giovine 2 22 14 6 2 0 0
1985 Arman Margaryan 2 21 15 6 0 0 0
1989 Yuting Song, RN, BSN, PhD Candidate 2 21 9 8 2 1 1
1997 Austin Wang 3 20 4 4 3 2 2
1999 Kyle Covington 3 20 5 4 3 2 2
2002 Pablo López-Carballo 2 20 12 8 0 0 0
2007 Brooke Midkiff, Ph.D. 3 19 8 5 3 2 1
2012 Matthew R. Morgan 1 19 18 1 0 0 0
2016 Theo DuBose 2 18 14 3 1 0 0
2019 Danica Schaffer-Smith 3 18 8 5 5 4 1
2029 Yang Zhao 2 17 12 4 1 0 0
2031 Mark Paul 2 17 5 5 2 2 2
2032 Beth M. Sheppard 3 16 4 4 3 2 2
2033 Sean W. Finch 3 16 5 3 3 3 2
2035 Andrew Byers 3 16 4 4 3 2 2
2040 Winston Liu 1 16 16 0 0 0 0
2042 Ewan Kingston 2 15 11 4 0 0 0
2045 Shi Jin 3 15 6 3 3 1 1
2051 Joshua August Skorburg 3 15 6 4 3 1 1
2057 Lisa Henning 3 14 6 4 3 1 0
2066 Brandon A. Knettel 2 14 5 4 1 1 1
2074 Lorian Schweikert 2 13 7 3 2 1 0
2076 Michael Crose 3 13 4 4 3 2 0
2081 Mark Ulett 1 12 10 1 1 0 0
2092 Jiahan Zhang 2 11 4 3 1 1 1
2094 Rabih Younes, Ph.D. 2 11 5 4 1 1 0
2100 Leo Nouveau 2 11 5 2 1 1 1
2106 Wen Reagan 1 10 8 1 1 0 0
2126 Jack Daly 2 9 3 2 2 1 1
2158 Jocelyn M Hoye 2 7 3 3 1 0 0
2171 Adam Hollowell 1 6 3 1 1 1 0
2175 Andee Kaplan 1 5 2 1 1 1 0
2178 Steven Gary Noyce 1 5 4 1 0 0 0
2197 Maxwell L. Elliott 1 4 4 0 0 0 0
2246 Corina Stan 1 2 2 0 0 0 0
2247 Thomas Sauer 1 2 2 0 0 0 0
