1 Dongyuan Zhao 145 91347 11509 6652 2712 1912 1635
2 Wei Li 104 46382 1460 706 597 492 476
3 Li Jin 87 44096 5159 4235 1680 1277 1151
4 Masami Hasegawa 79 35880 7274 3668 3207 1795 1109
5 Jiachang Li 74 23352 728 705 401 388 369
6 Wenzhong Bao （包文中） 44 20675 8613 1407 1107 991 876
7 Shibo Jiang 60 13875 554 274 274 249 243
8 xin-gao gong 63 13714 618 581 523 434 378
9 Chen Tianping 58 13462 743 428 423 422 357
10 Wang haotian 50 13233 555 232 214 167 139
11 chunhui deng 61 13113 1285 489 360 304 279
12 Huisheng Peng (彭慧胜) 64 11907 404 298 288 263 262
13 Zhengzong Sun 35 11686 5287 994 458 419 385
14 Lu DR 54 10678 498 339 299 284 274
15 Xin Xu 52 10386 788 780 598 314 300
16 Yonghui Deng 48 10333 1285 706 528 526 423
17 Fan Zhang 60 10290 376 347 305 294 292
18 Ji Qi 33 10193 1956 1882 644 625 607
19 Yong Cao 57 9813 306 285 259 231 225
20 Zhen Hua Li 29 9620 159 125 107 101 81
21 Wuli Yang 54 9597 421 409 284 279 247
22 Xiangdong Zhou 47 9459 328 288 287 244 199
23 Guoshun Zhuang 46 8896 599 588 581 525 396
24 Bao-Rong Lu 48 8823 490 488 378 290 257
25 Peiyi Wu 48 8169 305 304 217 200 192
26 Xiang Li 39 7704 774 715 553 297 272
27 Yingxiao Xu 49 7294 301 229 204 198 162
28 Xuebin Yu 46 6928 528 239 220 152 144
29 Renhe Zhang 39 6913 551 357 201 175 174
30 Yongfeng Mei 45 6839 438 418 406 279 225
31 Yu-Gang Jiang 40 6649 808 787 683 263 239
32 Hongjun Xiang 45 6587 560 328 276 194 176
33 X. Sean Wang 41 6548 404 342 335 307 262
34 Hugen Yan (晏湖根) 27 6434 2221 763 536 442 343
35 yajun wang 40 6313 737 503 319 278 237
36 Jun "QJ" Qian, Professor of Finance and Executive Dean 23 6232 3259 894 301 230 184
37 Ying Mao 37 6176 547 273 219 113 107
38 Feng Zhang 33 6029 819 735 514 339 326
39 Xu-Guang Huang 32 5994 326 275 233 157 141
40 Yanqin Gao 44 5887 492 292 290 267 227
41 Shuigeng Zhou 40 5456 170 135 106 102 92
42 Faxian Xiu 37 5399 377 358 324 231 225
43 Zhao Jian-Yuan 33 5383 478 190 141 141 131
44 Nan Chi 38 5380 229 195 126 109 107
45 Zhao Xu 11 5172 3360 800 418 194 169
46 Chuanming Hao 40 5055 571 276 232 205 188
47 Wenlian Lu 33 4826 743 423 327 150 142
48 Wei Wu, PhD 36 4759 357 292 234 178 112
49 Xiangyang Xue 35 4597 245 224 200 177 168
50 Yiwei Chu 36 4480 391 174 162 157 130
51 Ya-Qiu Jin 31 4441 299 267 131 129 122
52 Biao Kong 34 4441 406 364 305 270 259
53 Angang Dong 31 4307 500 440 324 278 237
54 Zhenkun Sun 30 4223 706 528 526 241 221
55 Zheng-Ting Yang 22 4205 949 706 405 307 288
56 Hongfei Wang（王鸿飞） 35 4203 519 270 214 213 196
57 Tong Zhang 23 4190 652 400 368 333 308
58 Shenglin Huang 26 3733 299 294 288 282 230
59 Renjie Chen 36 3596 336 218 197 145 114
60 Zuocheng Zhang (张祚成) 15 3486 1216 701 285 235 205
62 Yu, Fa-Xing 23 3455 651 601 396 242 185
63 GaoShan Huang 30 3337 438 418 181 166 119
64 Jun Zhao 25 3326 793 406 219 211 202
65 Cosimo Bambi 35 3290 137 134 108 106 93
66 Weihua Song 32 3242 228 209 163 155 129
67 Yijun Yu (於逸骏) 5 3238 2964 198 44 15 8
68 Jiang Xiao 18 3153 849 461 231 212 203
69 Zhongzhi Zhang (章忠志) 33 3138 138 123 88 86 77
70 xuedong Ou 10 3134 2964 23 22 21 21
71 Yifang Chen 25 3066 488 333 290 177 144
72 Yunjie (Calvin) Xu 29 3027 418 352 223 192 129
73 Xiaomin Li 29 2923 244 218 197 191 146
74 Qi Zhang 20 2869 547 353 132 67 47
75 Guanghong Wei 33 2819 151 138 128 126 98
76 Rong Wang 31 2788 279 151 136 125 118
77 Junping Zhang, Professor 27 2679 504 198 188 150 148
78 wenning wang 27 2608 125 125 101 75 75
79 Xin-Ping Qu 25 2560 250 178 100 100 96
80 Dan Ye 23 2529 379 362 201 193 142
81 yizheng wu 25 2521 201 198 173 105 103
82 Yuhao Li, 李钰皓 29 2507 176 154 119 90 74
83 Feng Qian 21 2407 462 326 170 151 119
84 Yongjun Dang 22 2397 457 237 208 196 175
85 Jing Wang (王靖) 23 2396 674 368 253 111 77
86 Xingfu Tang 24 2387 479 248 198 144 140
87 Chang-Qin Wu 28 2367 131 105 91 90 80
88 Feizhen Wu 15 2362 475 475 290 213 169
89 Zhou Peng 27 2357 179 140 102 74 73
90 Guosong Chen 24 2354 491 260 138 128 102
91 Shiwei Wu 19 2331 492 285 205 196 138
92 Jie Zhang (张捷-复旦) 26 2301 503 354 137 97 80
93 Xing-Ming Zhao 28 2249 155 128 126 105 101
94 Wanghong Xu 29 2236 130 126 104 103 88
95 Zhiwei Wu 23 2228 339 249 165 155 138
96 Changfeng zhu 11 2208 1056 522 191 144 97
97 Meng Chen 21 2170 303 236 212 157 129
98 Yongning Zhou 27 2091 190 169 110 103 91
99 Gang Chen (陈钢) 22 2089 489 200 116 108 100
100 Zhe-Xue Quan 27 2082 279 150 110 104 100
101 Yi Jiang 16 2061 340 287 265 257 166
102 Peining Chen 23 2053 198 193 171 151 147
103 Yi Zhou 24 1844 158 149 125 110 108
104 Gang Luo 23 1836 133 123 108 105 87
105 Yun Liu 10 1804 807 543 236 77 43
106 yiqiang zhan 22 1741 329 102 96 85 81
107 Jianping Qi 25 1719 109 86 86 71 68
108 qiaowei li 李巧伟 20 1719 284 149 124 120 90
109 Lei Shi 23 1711 130 129 124 123 118
110 Songyou Wang 24 1678 140 75 71 70 57
111 Jie Fu 23 1651 169 95 84 69 56
112 Pei SUN 15 1638 702 186 128 116 105
113 Bin Li 18 1608 245 224 210 150 143
114 Xingjun Zhu 15 1584 349 214 177 139 138
115 Li TAN（谭理） 12 1582 475 475 239 55 53
116 Haichao Xu 14 1528 427 400 118 91 79
117 rongqin huang 15 1498 303 296 177 92 79
118 Xiao-Dong Zhu 16 1457 408 221 148 139 130
119 zhou wenhao 21 1434 228 130 93 68 54
120 Zhixi Su 13 1428 800 134 134 86 49
121 Cheng He 15 1408 427 163 129 111 102
122 Mingmin Chi 14 1386 450 172 170 126 64
123 Wu  Zhi Cheng 7 1366 305 295 221 169 141
124 Yiguang Wang 20 1341 195 109 72 68 67
125 Jian Wang 20 1317 92 83 81 57 54
126 Qi Zhang 17 1315 313 165 69 55 51
127 Minbiao Ji 17 1287 192 134 129 88 86
128 Cong Li 23 1277 139 71 62 56 56
129 Shiping Tang 17 1259 173 136 106 84 79
130 Zhen Lei 20 1253 149 108 84 72 61
131 Weili Han 18 1247 121 105 91 87 80
132 Cheng Zhang 17 1211 148 129 125 91 89
133 Pan Li-Long 21 1189 99 74 70 68 66
134 GuoHua Xiao 9 1180 401 293 223 92 79
135 Peimei Da 14 1180 268 237 147 109 80
136 Cheng Wang 12 1160 190 186 181 132 98
137 Tiemin Liu 15 1143 142 136 114 103 103
138 Rui Peng 14 1136 400 118 91 79 73
139 Liang Qiao 18 1124 93 79 74 52 48
140 Zhiyi Yu 15 1122 232 92 79 73 72
141 Wei Chen 18 1119 111 80 79 66 42
142 王永钦 13 1116 554 64 53 48 38
143 Feng Xu 16 1104 131 129 122 96 96
144 Takahiro Yonezawa 16 1091 295 72 64 61 60
145 Xipeng Qiu 18 1087 87 86 77 51 46
146 Hongtao Xu 20 1078 87 80 80 78 76
147 RB TAO 18 1073 90 60 48 46 46
148 Ming Nie 18 1072 90 85 70 59 56
149 Ka-Wing Wong 13 1071 343 120 105 92 66
150 Xiangcheng Pan 18 1067 147 120 111 106 95
151 Peng Xue 16 1066 240 154 78 70 61
152 Guodong Ren 18 1053 184 123 106 60 51
153 Qin Zhu (朱勤) 14 1053 273 139 89 86 81
154 Yang Chen 19 1043 184 82 61 46 39
155 guoqiang hua 9 1028 294 208 157 128 84
156 Lifeng Yin 15 1013 168 137 103 95 71
157 Peng Xin 17 1009 69 62 53 53 38
158 Guanghong Zuo (左光宏） 14 991 180 151 127 86 76
159 shaojing sun 16 973 144 109 101 90 51
160 Yihua Wang 10 966 403 157 142 58 55
161 Yanghua Xiao (肖仰华) 14 960 79 79 76 76 70
162 Ronggui Huang 14 943 157 101 96 86 53
163 Hao Zhang (张浩) 14 930 155 135 113 112 102
164 Jixi Li 13 926 465 75 51 40 28
165 Xiaohai Niu 12 916 202 198 123 57 57
166 Weihui Dai 13 906 53 42 28 27 22
167 Hao Wu 17 898 100 66 51 48 41
168 Yong Liu 18 890 144 86 64 50 50
169 Jun Zhang 15 884 126 125 99 90 72
170 Hong LU 18 879 74 60 47 41 37
171 Antonino Marcianò 17 873 86 83 67 45 35
172 Min Yang 9 858 307 261 133 47 36
173 Yanwen Liu 18 856 172 73 69 68 43
174 Xin Wang 16 825 84 72 64 46 45
175 Angus C. Chu 18 822 91 76 49 46 45
176 Wenyu Wen 15 800 96 75 74 67 60
177 Jian Wang 11 769 289 137 78 60 33
178 Yutao Wang 16 762 76 62 57 45 43
179 CHEN Jieliang 9 759 227 140 102 85 70
180 Huasheng Gao 11 752 328 82 72 37 36
181 Jiong Ma 12 751 119 102 100 87 81
182 Lei Zheng, 郑磊 16 750 76 68 44 43 35
183 Shi Yan 嚴實 14 711 118 73 58 49 48
184 Wai-Shing Luk 11 710 202 192 52 52 46
185 Yu Zhu 15 709 84 74 65 64 51
187 Fan Zhong 15 701 92 57 42 41 38
188 Jiang Li, MD, MPH 11 700 210 115 108 40 27
189 pan zhang 9 686 325 108 81 56 33
190 Huangjun Zhu 16 685 74 52 48 43 39
191 Jianping Zeng - 曾 剑平 15 676 76 51 42 33 31
192 Cheng Zhang (张成) 14 671 102 73 69 69 68
193 Zhijie Zhang 15 671 52 42 35 34 31
194 Weiyi Wang 16 670 102 73 69 48 43
195 Lan Mi 15 667 92 63 54 43 42
196 Zhipeng Xie 12 666 194 130 93 31 31
197 Sisi He 13 657 115 109 70 69 52
198 Jia Zhou 13 655 112 87 69 44 41
199 Daosheng Deng(邓道盛) 12 643 138 108 62 54 48
200 Jingjing Zhang 12 641 147 86 80 60 59
201 Yanqun He 10 640 195 150 64 50 43
202 Xianghua Lu 11 638 200 123 56 40 37
203 Li Tang 唐莉 16 635 115 85 55 46 33
204 Liang Cai 6 632 185 167 108 82 47
205 Jian-Yuan Zhao 12 632 141 65 64 54 51
206 Xiao Yang 11 626 261 55 54 46 37
207 Su Yang 12 622 104 99 46 31 30
208 Jiayi Zhang 11 622 147 123 83 75 48
209 Yuan Zhang 6 622 307 261 19 10 9
210 Shi-Jun Weng 10 608 141 113 50 49 49
211 Zimeng Wang 14 592 84 57 47 47 46
212 Shuai Lu 14 588 65 59 40 38 33
213 Weiyuan Qiu 12 581 69 66 33 31 26
214 Boxun Lu 9 575 186 104 100 49 44
215 Yan Zhang 14 566 77 49 42 40 38
216 Yuan Lin (林 苑) 15 563 77 50 45 38 38
217 Chin-Te Hung 16 560 55 44 42 35 34
218 Weixiao Shen 13 554 84 80 52 43 32
219 Feng Teng 14 554 109 60 57 34 32
220 Yunxia Jin 13 548 95 63 56 48 42
221 Jianyang Shi 11 539 109 68 55 36 36
222 Xiaopeng Li 12 536 91 39 38 38 38
223 Vladimir A. Bolaños Quiñones 10 529 85 84 83 67 49
224 Qing Li 12 529 113 92 50 36 32
225 Xiang Yuan 13 524 102 69 43 37 36
226 SHANSHAN WANG 14 515 50 37 28 26 24
227 Chenchen Feng 14 506 35 34 29 27 26
228 Yi-Han Lu 10 505 187 51 41 15 15
229 Yijia Chen 12 503 76 50 48 34 33
230 Xiang Xu 9 495 152 134 57 47 24
231 Xianghua Ding 13 492 75 59 53 28 24
232 Peng Cai 9 471 157 55 46 45 37
233 B. Y. Pan 11 470 121 62 59 26 25
234 Shuai XU 13 466 106 77 46 44 35
235 Wei Li (李 炜) 13 464 46 32 30 30 23
236 Jia-Hao Jiang 11 463 133 61 61 48 35
237 Xingxing Huang 9 459 109 68 67 55 54
238 Shuwen Yan 11 457 121 72 55 53 21
239 Yuedong Xu 12 453 57 44 35 33 33
241 Shuo Chen 7 440 142 113 82 28 26
242 Wei Cheng 9 434 80 61 60 49 41
243 Guohua Zhang 12 428 39 36 30 30 27
244 Haipeng Wang 11 427 129 41 41 27 20
245 Tun LU 12 424 62 28 27 24 22
246 Bin Wu 12 424 55 50 47 38 38
247 Yuan Tang 6 406 284 28 20 17 10
248 Hai-Yuan Cao 8 405 118 79 64 43 38
249 Chunhe Li 11 399 70 61 43 39 34
250 Zhongyu Wei (魏忠钰) 11 397 74 68 31 28 22
251 Qisi Wang 9 397 121 68 63 62 28
252 Lun Zhang 11 395 76 46 33 27 22
253 Qinqin Zheng 10 392 132 44 41 34 33
256 xiaoya liang 9 384 85 78 64 40 39
257 Bo Hu 10 379 69 57 38 27 26
258 Shaojie Ma 9 377 131 57 49 38 27
259 Ke Hu 10 377 101 40 38 37 31
260 Xiangchao Peter Zhang 10 375 68 58 37 22 21
261 Pengfei Liu 9 373 86 77 46 39 33
262 Xianglin jiang 9 370 43 34 33 32 25
263 Anning Hu 11 369 49 40 25 22 20
264 Zhiqiang Wang 11 366 66 34 33 33 23
265 Peng Tan 9 365 109 52 45 39 39
266 Liguo Ma 3 358 198 115 44 1 0
267 BO PENG（彭博） 9 358 87 68 58 58 25
268 Ke Wei 10 348 74 67 43 29 28
269 Jinyun Sun 5 345 145 70 58 32 26
270 Yibo Fan 11 343 46 34 20 19 17
271 yun chen 9 339 47 33 29 26 23
272 Yi-Xin Liu 7 338 133 40 34 28 24
273 Qiang Luo 11 335 40 39 31 29 28
274 Yu Ding 11 335 42 39 36 25 25
275 Yao Shen 9 331 121 63 62 20 20
276 Jingyuan Liu 10 331 67 60 47 34 30
277 Shaohua Dong 8 321 106 54 49 45 28
278 Hao Zhu 10 314 54 40 27 25 19
279 huali shen 10 313 46 37 30 27 26
280 Cong Li 7 312 80 68 47 42 23
281 Lei Dong 7 312 100 95 44 27 17
282 Benoit Vermander (魏明德) 10 307 36 35 24 13 13
283 Hui Feng (冯辉) 8 306 57 49 38 22 18
284 Xi Wang 6 306 168 51 22 20 19
285 manning wang 10 298 44 34 32 19 17
286 Jingke Mo 10 294 44 32 25 24 22
287 Shanshan Liu 6 294 102 69 31 31 25
288 Linya You 10 288 56 54 29 25 24
289 Charles Chang 8 284 127 22 21 20 20
290 Xiaojie Xu 5 275 119 48 41 37 18
291 ZHOU Bing 7 273 135 20 15 14 13
292 Yu Mao Wu 9 272 47 43 29 28 19
293 Guosheng Kang 8 271 72 63 31 22 15
294 Lingling Yao 7 266 104 48 30 28 23
295 Mingbo Yin 9 265 49 36 35 35 17
296 Haichao FAN 6 264 140 60 17 12 11
297 Ziyi Wang 8 262 70 34 34 20 19
298 Pengfei Tian 9 261 44 37 36 17 16
299 Xiaodong Zhou （周晓东） 7 260 55 46 45 37 36
300 Guoyou Qin 10 252 20 18 17 17 17
301 Wei Hong Yang 杨卫红 8 252 55 33 29 26 24
302 Xinchi Chen 7 250 86 46 43 21 18
303 Zengfeng Huang 6 249 87 45 36 28 25
304 Bobo Hua 10 240 21 21 20 17 15
305 Sheng-cai Zhu 8 231 40 39 39 26 24
306 Xinyu Weng 8 230 40 39 35 29 23
307 Qinglei Guo 7 228 127 14 13 11 9
308 Bihuan Chen 9 219 62 30 21 17 16
309 Rongwei Chu 7 219 64 57 27 24 9
310 yajie qin 7 218 59 18 17 15 13
311 Lei Wang 8 215 109 20 17 12 10
312 Jing Yao 9 211 51 33 27 17 15
313 Yanyi Xu 8 211 35 32 31 20 19
316 Weihua Zhang 7 197 56 18 16 10 9
317 Xiaole Wu 8 193 73 35 20 16 11
318 Guangfan Jiao 8 190 47 22 21 21 19
319 Qi Zhang 6 189 73 31 23 20 10
321 Tao Xu 7 185 38 36 33 24 17
322 Dou, Yifan 3 183 82 62 25 3 3
323 weixu su 9 183 29 29 24 15 15
324 jifeng wu（巫继锋） 8 182 48 29 19 19 18
325 Li Tao 6 178 72 34 28 19 10
326 Libin Wang 8 177 34 31 20 18 11
327 Kaifeng Zhao 7 176 54 17 16 16 14
328 Hongxiao Liu 6 175 47 37 36 17 13
329 Zhizhang Wang 8 173 30 24 21 21 19
330 Lan Xue 7 166 42 33 26 19 16
333 Rui-Wei ZHAO 7 162 55 26 20 20 11
334 Chao Zhang 8 160 43 16 16 10 10
336 Kai Du 7 157 28 23 22 22 21
337 Xiaoyi Sun 6 156 96 10 8 7 6
338 Longgang Zhao 6 156 41 32 28 14 12
339 xueting tian 8 152 24 18 14 10 9
342 Gengsheng Chen 8 141 19 17 15 13 11
343 Chengcheng Liu 7 140 31 22 20 20 16
344 Xiling Wang 7 138 52 19 11 10 9
345 Ke Li 6 138 33 24 22 14 14
347 Faiz-Ur-Rahman 7 131 29 19 17 16 13
348 Yuqing Yang 7 129 26 20 19 14 11
349 Sha Shen 6 129 46 34 12 12 10
350 Xian Xu 5 129 12 8 8 8 6
351 Fan XU 7 128 34 22 19 16 14
352 Xiandong Zhang 6 128 29 18 18 17 10
353 Qinghu You 6 128 31 23 20 15 11
354 ChengJun Sun 6 127 39 27 16 11 11
355 Changbing Tang 5 126 49 21 15 12 8
357 Huanhuan Xia 4 125 62 28 13 9 3
358 Kai Zhang 5 124 53 32 13 8 8
359 Chaoyu Song 4 123 54 31 27 9 1
360 Wang Zhixin 5 122 55 35 8 5 5
361 Wei Xiao 5 121 26 26 25 13 12
362 Zhang Xuyao (章旭耀) 6 121 25 21 18 11 7
363 Chen-Wei Chang 2 115 84 29 2 0 0
364 Yonghua Chen 6 114 18 15 12 9 9
365 Yu Kang 5 112 29 25 22 15 6
368 Guyue Zhang 6 104 33 18 15 8 7
370 Salman Yousaf 6 99 30 12 12 11 10
371 Chixiao Chen 5 98 15 8 7 7 7
372 Weijun Hu 6 97 32 20 20 7 6
373 Dhanaraju Mandalapu 7 96 17 12 9 8 8
374 Yuan Cheng 5 96 30 28 8 8 8
375 Md. Fazle Alam 6 95 16 14 11 8 7
376 Lin Chen 6 95 26 20 12 10 9
378 Di Wu 7 94 18 17 13 13 10
379 Jian Xu 5 92 39 22 12 9 7
381 Yang Chen 4 91 31 25 19 6 3
384 Haizhou Lu 4 86 26 19 12 11 4
385 Yingjun Zhou 6 86 21 8 8 7 7
392 Bennix Xu 4 79 55 11 4 4 3
393 Tian Wei 5 78 34 14 11 8 5
394 Yin Li 6 78 15 12 10 9 9
396 Haoqi Qian (钱浩祺) 4 76 54 10 5 4 1
402 Menghan Zhang 3 67 32 21 4 2 2
405 Ruichang Zhang 5 66 20 15 10 6 6
407 Weilin Pu 4 66 26 17 5 4 4
411 Jianfeng WU 5 63 21 13 10 8 7
420 Feng-Ren Fan 4 60 21 16 6 5 4
423 Yi Li 4 55 26 9 8 7 3
425 Navid Khaledi 5 52 14 13 11 6 5
426 Qingsong Zuo 3 49 33 7 5 1 1
431 Ke Li 4 49 12 10 8 7 4
434 Sicong Ma 5 47 15 13 6 5 5
437 Jiaye Jin 2 42 26 14 1 1 0
444 Zhijun Jiang 3 38 13 7 5 3 2
447 Yanbing Han 5 37 8 8 6 5 5
449 Jing Xu 3 35 14 8 6 3 2
450 Song Xiongfei 4 34 6 5 5 5 4
451 Xin Zhang 2 34 17 14 1 1 1
452 Dahai Li 4 34 10 7 5 4 4
457 Bo Xu (徐波) 3 31 13 10 4 2 1
458 Weimin Tan 4 31 10 7 6 5 1
460 Xi Lin 林曦 3 29 14 5 3 2 2
462 Chenhao Xie 3 29 10 6 6 2 2
463 Yuhao Yi (易宇豪) 3 28 10 8 6 1 1
470 Xueying Zheng 2 23 10 8 2 2 1
479 Lingjie Wu 2 20 10 7 2 1 0
485 Ren-ai CHEN 2 15 6 6 1 1 1
486 Yingning HE (贺迎宁) 2 14 6 5 2 1 0
508 Su Ranran 2 8 5 2 1 0 0
516 Wang Guangtao 1 7 7 0 0 0 0
524 Wang Ziteng 1 5 4 1 0 0 0
