1 David Zhang, Dapeng Zhang 100 48907 3755 1834 1498 1312 1221
2 michael harris bond 86 41271 5222 2381 1947 1867 1484
3 James N. K. LIU 72 40230 1431 949 806 680 495
4 Lei Zhang 90 34727 1834 1444 1381 1312 1204
5 Li-Li Wang 62 31053 1790 961 405 363 319
6 Piyush Sharma 70 29982 821 668 621 377 333
7 Rob Law 71 25005 2678 779 690 661 575
8 Justina YW Liu 67 24312 2468 1387 678 575 409
9 James Arvid Ohlson 41 24307 6389 6027 2928 1085 606
10 Iris Benzie 45 23095 12710 2530 1207 613 370
11 XD Li (LI Xiang-dong) 71 20416 1786 1048 651 570 497
12 Chi Sun Poon 76 20116 1048 490 473 472 451
13 Jin-Guang Teng 65 20085 1599 958 812 763 559
14 C. K. Tse 70 18843 504 492 459 413 354
15 Shek, D. T. L. 67 17929 388 251 235 226 197
16 chan kin-fai 67 16954 958 631 428 423 422
17 Liqun Qi 58 16951 1445 849 716 441 393
18 Xiaoming Tao 61 14701 554 425 418 326 326
19 Kee-hung Lai (黎基雄) Mike Lai 57 14590 1111 853 762 739 571
20 Heng Li 67 14609 401 338 277 266 261
21 Cheng KW Eric 44 13513 6721 279 216 184 175
22 Bob Mckercher 58 13291 1534 490 448 424 402
23 Shu Ping Lau 57 12781 857 424 354 350 257
24 Xiang-zhong Li 57 12464 803 724 572 421 370
25 Albert Chan 52 11920 790 621 438 394 312
26 Jiannong Cao 52 11834 308 262 250 244 198
27 Tao Ye 47 10786 2129 1413 436 334 331
28 Hwa-Yaw Tam 48 10734 382 364 303 227 219
29 Kwok Wing Chau 57 10723 465 353 324 316 305
30 Yang Hongxing 49 10657 669 654 608 467 461
31 Benjamin K. Yee 50 10520 1112 562 382 376 352
32 Terence Lee 51 10332 1138 687 548 459 394
33 Haiyan Song 54 10332 1057 569 436 410 310
34 Chao Lu 49 10089 242 227 219 204 204
35 Shengwei Wang (王盛衛) 56 9786 338 308 295 274 262
36 Meng Ni 35 9661 2889 986 911 406 292
37 W.K. Chow 41 9584 334 174 157 123 114
38 Wei Jin 51 9031 300 241 209 204 204
39 Ajay Kumar 45 9001 645 520 476 305 286
40 William S-Y. Wang 王士元 44 8926 872 467 441 271 253
41 Jianhua Hao （郝建华） 53 8901 857 257 254 244 223
42 Siu Fung Yu 48 8524 424 350 274 245 232
43 Jinlian HU 48 8514 577 368 276 198 197
44 Li Zhilin 43 8459 1259 744 233 216 197
45 Xiaoqi Yang 49 8114 467 297 199 194 170
46 Prof. Feng Yan 49 7715 540 354 289 234 221
47 Cathy Hsu 44 7695 674 349 344 298 291
48 Wan-Chi Siu 42 7201 194 180 173 172 165
49 Feng Zhizhao 40 7112 415 146 143 126 118
50 Ho Siu Lau 41 7092 313 246 212 175 147
51 Seongseop (Sam) Kim 40 6974 532 443 437 338 305
52 SS Law 44 6843 411 349 265 236 217
53 Haitao Huang 45 6564 253 227 208 203 138
54 Jian-Yong Wu 50 6504 347 222 160 156 155
55 LU Lin, Vivien 吕琳 40 6451 669 654 608 312 268
56 Jianlei Niu 45 6299 481 245 236 181 156
57 Lau FCM 37 6266 557 171 153 137 123
58 Yangmin Li 42 6202 261 255 210 167 160
59 Jane You, Professor 33 5999 1498 337 328 246 185
60 Tsan-Ming Choi (Jason) 45 5922 278 201 180 174 140
61 Keith C.C. Chan 40 5869 349 282 259 210 179
62 Defeng Sun  (孙德锋) 44 5844 393 325 234 227 218
63 Xiaoli Ding 39 5820 132 111 95 90 88
64 Doris YP Leung 27 5815 1878 389 299 283 242
65 Ming Zhang 40 5794 401 256 244 244 196
66 Geoffrey Qiping Shen 38 5682 1042 290 234 199 175
67 Li Cheng (成利） 38 5629 440 181 105 89 75
68 Wing Cheung Law 40 5594 313 290 281 275 269
69 Kenneth Kin-Man Lam 37 5438 449 326 194 185 183
70 Yizhu Xie 36 5412 721 489 276 217 180
71 Christina WY Wong 41 5407 507 241 213 185 177
72 Fu Lai Chung 40 5366 204 200 182 149 144
73 Song Guo 37 5354 210 180 169 166 148
74 Hector Tsang 39 5287 241 231 209 198 171
75 Zhongqing Su 39 5270 1004 510 162 126 119
76 Man Lung Yiu 40 5247 400 392 290 214 186
77 Zijian Zheng 37 5243 404 326 223 221 172
78 Chu-Ren Huang 黄居仁 36 5186 189 144 136 117 110
79 Chan Ricky 31 5139 743 424 277 275 270
80 Kam Tim CHAU (K.T. Chau) 35 4964 338 293 245 207 190
81 Kaye Chon 28 4853 939 564 305 226 221
82 Brian King 33 4842 590 326 174 160 135
83 Yanping Lin 38 4687 267 210 201 157 156
84 Edwin H W Chan 33 4676 438 190 184 177 167
85 Chi Fai Cheung, Benny 36 4579 147 117 111 108 96
86 Zhao Xu 30 4574 743 261 261 238 212
87 Kwok Kin Wing 39 4559 308 196 152 141 131
88 San-Qiang Shi 36 4552 232 169 145 139 137
89 Junfeng LIU 13 4532 360 143 115 74 71
90 Frank Hung Fat Leung 34 4502 748 240 176 148 125
91 Guangwei Hu 32 4431 727 297 226 208 207
92 Ping Ji 32 4352 472 331 272 220 129
93 Slade Diana 14 4339 2197 1148 293 104 60
94 Hong Hu 35 4317 364 188 187 131 111
95 Michael Ying 35 4250 282 257 240 203 151
96 Man Kam Kwong 30 4236 1238 189 134 115 113
97 Deng Shiming 35 4204 217 174 140 134 122
98 Marco Pang 36 4166 338 265 244 181 150
99 Ye Zhu 20 4090 1409 995 296 175 156
100 M.W. Fu 34 4042 288 121 112 110 99
101 Vincent Cho 27 4003 1494 362 202 186 154
102 WN Fu 33 3994 283 212 154 102 91
103 Alan Pak Tao Lau 28 3787 794 227 131 121 101
104 Kainam Thomas Wong 30 3727 232 199 197 192 171
105 Eddie Hui 30 3684 236 218 174 142 87
106 Grace Ngai 23 3662 1695 494 240 100 99
107 Asif Usmani 33 3651 243 190 173 169 152
108 Patrick T I Lam 30 3553 275 275 269 221 185
109 Shea Ping Yip 32 3516 241 196 183 162 141
110 Changyuan Yu 27 3479 508 165 143 122 109
111 Eric Tsui 31 3471 437 265 230 141 128
112 Sheng Chen 28 3443 548 388 266 134 122
113 Biao ZHANG 32 3432 365 281 225 168 144
114 Karin Weber 29 3305 463 374 148 140 138
115 Bin Fei 30 3294 435 325 191 131 127
116 Man Ho Au 33 3263 234 220 220 168 155
117 Wenjie Li 31 3243 145 138 107 106 101
118 Bin Xiao 30 3236 245 243 192 160 135
119 YONG XIA 28 3194 257 253 220 212 158
120 Ella W Yeung 29 3180 389 248 242 241 182
121 Fu XIAO 33 3162 182 170 119 114 106
122 Wei Lou 27 3038 515 213 202 199 187
123 Dangyuan Lei 33 3029 311 142 139 125 112
124 Dr Songmin Shang 尚颂民博士 31 3004 425 256 158 128 102
125 Professor Tat Leung CHAN 32 2934 219 194 147 146 106
126 Ko Ling Chan 27 2891 723 195 150 81 81
127 Dr XJ Jing 29 2886 338 251 201 181 88
128 Rocky Chang 23 2884 644 360 317 187 106
129 Ling Tim Wong 26 2855 334 141 121 89 89
130 David C. S. LI (Alias: LI Chor Shing David, Li Chor-Shing, 李楚成) 28 2830 205 198 149 128 114
131 jinhua Li 27 2798 354 260 234 175 165
132 Norbert Chow Cheung 28 2786 216 161 127 93 86
133 To Suet 27 2771 95 90 90 72 66
134 Yang Mo 30 2765 254 150 122 111 109
135 Daniel C.W. Tsang 30 2758 165 139 101 77 71
136 Shuaian Wang 29 2689 203 171 158 125 115
137 Sherriff Luk 22 2689 732 211 205 191 181
138 Siu-Chung Wong 29 2676 191 147 139 127 123
139 William Tsang 26 2650 218 215 187 176 172
140 Winnie Cheng 25 2649 229 207 198 195 141
141 Tarek Zayed 26 2590 226 139 105 98 89
142 Patrick S.W. Fong, PhD, MSc, BSc (Hons), MRICS, MHKIS, MIVM 24 2585 327 318 198 131 131
143 Zili Shao 28 2585 77 67 63 62 59
144 Wei Lu 27 2583 208 127 97 95 79
145 Jian-Guo Dai 24 2579 365 114 105 97 93
146 Honggen Xiao 25 2520 314 228 211 197 135
147 M.W. Mak 24 2511 217 102 88 82 71
148 Jikang yuan 19 2463 780 285 241 229 177
149 Wallace Leung 27 2409 152 131 122 117 115
150 CKM Lee 27 2356 168 136 116 89 83
151 Sylvia Xiaohua Chen 26 2349 434 214 148 125 101
152 Wen CHEN 26 2337 226 218 144 104 87
153 Haimin Yao 21 2333 519 352 280 123 88
154 Hoi Lut Ho 24 2300 300 204 165 147 130
155 Shuai Li 29 2294 82 80 67 66 58
156 George Woo 25 2293 299 161 134 104 100
157 David D Qian 15 2278 770 663 256 107 92
158 Carly SY Lam 23 2271 231 180 164 164 136
159 Haibo Hu 27 2263 338 196 153 116 112
160 Qin Lu 22 2256 128 117 106 101 92
161 Wu Chen 24 2252 217 162 85 82 79
162 Xiapu Luo 26 2246 317 187 116 106 103
163 A. Ping Zhang 27 2227 211 148 116 107 100
164 Winnie Yu 22 2221 173 121 77 56 52
165 Edward Chung 26 2223 104 90 78 76 59
166 ewc lo or edward lo or wc lo 24 2221 246 192 141 129 128
167 Grace Szeto 25 2197 342 213 189 151 138
168 Kin Hung Fung 21 2191 461 231 167 164 110
169 Ji-Chai Lin 17 2179 705 386 204 156 113
170 Zhike Liu 18 2145 354 289 234 181 175
171 Ga-Lai Law 27 2116 322 137 113 99 78
172 Kevin Chan 23 2116 138 118 73 70 62
173 SO Chau Ming 25 2110 176 174 164 126 115
174 Martin Warren 23 2049 229 207 198 195 130
175 Chi Kwan Chau 22 2039 295 194 149 142 120
176 Xiuyi Lin 17 2017 365 282 191 146 144
177 Paul H Lee 21 1953 643 167 116 110 62
178 Yang Liu 24 1921 125 117 81 79 78
179 Man Sing Wong 23 1916 196 159 159 159 150
180 Jackie Tam 18 1897 586 161 149 148 119
181 Shamay SM Ng 20 1863 481 161 135 74 73
182 Chi-Hang Lam 24 1862 342 109 72 56 56
183 Dan Wang 25 1852 182 109 71 69 67
184 Bernadette Watson 20 1835 289 172 131 115 103
185 Y.H. Venus Lun 24 1695 212 128 111 107 65
186 Stephen Evans 23 1678 277 135 102 83 77
187 Andrew M.H. Siu 22 1642 162 132 128 110 71
188 Walid Saffar 13 1636 545 273 172 160 111
189 Xiaolin Zhu 19 1627 347 249 168 115 89
190 Nan Guan 19 1610 156 121 107 104 102
191 Louise Cummings 19 1606 269 235 194 138 75
192 Dan Wang 15 1591 408 194 178 145 88
193 Eric T.T. Wong 23 1565 186 125 109 78 72
194 Gongxun Bai (白功勋) 25 1560 188 152 73 71 67
195 Kathleen Ahrens 21 1559 140 94 87 78 75
196 Lorna Suen (Dr.) 22 1556 145 111 106 102 91
197 Chea Su Kee 17 1554 369 236 128 113 64
198 Alice Shiu 13 1516 724 149 133 104 91
199 Juan Chen 15 1501 365 348 151 140 105
200 SHUANGXIA NIU(牛双霞) 21 1483 110 95 84 75 74
201 Zhong-ping  Yao 21 1481 195 152 126 94 71
202 Maureen Boost 22 1480 98 98 78 74 72
203 AC Ma 15 1470 780 172 86 63 61
204 Jung Sun Yoo 18 1448 182 147 138 101 97
205 Xin Luo （罗鑫） 19 1430 334 133 89 84 76
206 Xun Li 21 1428 253 96 70 67 66
207 Lin Yang 20 1419 228 160 105 80 77
208 Lo, Ada S. 18 1411 238 158 127 121 95
209 Joanne Yip 17 1385 219 137 131 99 98
210 CHOI Kup-Sze (Thomas) 19 1384 182 117 70 67 65
211 Yuk-Hee Chan 19 1359 221 96 64 56 43
212 Xiaoling Hu 18 1357 145 144 131 78 75
213 Kin Wai Michael Siu 16 1326 104 49 48 43 40
214 Xuefeng Liu 18 1293 91 82 79 67 56
215 Timothy Sim 12 1285 722 160 112 37 29
216 Qixin Wang 17 1279 417 139 106 54 40
217 Deniz Küçükusta 17 1267 215 177 96 92 68
218 Raymond CK Chung 17 1264 170 131 114 104 93
219 LC Chan 21 1257 144 68 61 60 53
220 Jeffrey Ng 14 1236 197 185 185 170 139
221 Gang Hu 胡罡 14 1228 315 237 104 101 90
222 Bin Lin 18 1205 193 156 101 89 79
223 Songye Zhu （朱松晔） 16 1204 110 102 91 85 80
224 Daniel Lun 17 1200 136 127 75 65 60
225 Limin Jin 13 1198 274 243 148 125 86
226 chunyi wen 18 1194 324 136 136 136 63
227 Ru LV 18 1174 129 105 84 63 58
228 Chi Man Luk 10 1174 857 96 65 34 32
229 Bingang Xu 18 1155 75 68 60 56 54
230 Guang Yang 14 1149 368 215 157 48 41
231 Yan, Elsie Chau Wai 18 1129 147 90 81 70 63
232 Bocheng Qiu 14 1127 458 138 90 76 49
233 Sangwon Park 14 1124 408 205 117 63 60
234 N.F. Law 17 1119 116 107 83 67 57
235 Ching-Hsiang Cheng 18 1120 170 72 72 64 54
236 Yuanqing Zheng 13 1109 347 144 100 93 92
237 Ye Chun Ruan 18 1093 110 95 85 84 73
238 Jian Chang 8 1086 340 273 148 135 72
239 Zhian Wang, Zhi-An Wang, Zhi-an Wang 21 1084 99 87 65 56 56
240 Zhe Wang 22 1077 119 110 89 65 53
241 Angela Yee Man Leung 18 1070 120 46 44 40 31
242 Flora Gu 13 1041 546 114 63 62 41
243 Vincent Tung 8 1025 535 143 136 71 42
244 P.Y. Mok 21 1024 84 77 59 52 47
245 Peter K.C. Lee 17 1018 148 111 101 87 86
246 W. O. WONG 18 1016 105 100 66 62 59
247 siu ngor FU 17 1015 172 147 105 69 58
248 Kris M Y LAW 16 1014 213 73 66 51 51
249 Jie Zhu (祝捷) 12 1006 319 138 110 85 63
250 Ming-Kiu Tsang 14 998 189 152 84 74 73
251 Hans Ladegaard 17 990 166 113 91 48 45
252 Tao Hua 13 980 223 136 75 68 59
253 Henry Tsai 19 977 137 83 80 66 65
254 Ting Kei Pong (龐鼎基) 14 956 218 131 108 84 49
256 Ku Hok Bun 古学斌 14 918 90 85 84 47 47
257 Li Jiang 7 911 623 113 82 32 17
258 Po-Heng (Henry) LEE, 李伯亨 14 909 195 190 77 51 42
259 Wei Zeng 8 895 554 128 102 31 26
260 Yani Lai 12 884 433 163 48 37 37
261 zhu xh 13 880 223 93 69 48 46
262 S.L. Ting 16 877 119 104 90 59 47
263 Xin Zhao 17 876 115 95 69 52 43
264 Raymond KH HUI 14 872 189 179 109 75 68
265 Yu Zhang 13 868 254 111 88 76 72
266 Zhou Xu 17 851 132 128 61 49 36
267 Tsz Leung Yip (葉子良) 15 844 101 77 54 40 40
268 N.N. Sze 14 837 181 116 64 62 46
269 Ka Hong Loo 17 832 110 109 68 38 29
270 Jiefeng Hu 17 824 92 72 58 54 53
271 Sonata Suk-Yu Yau 15 821 111 106 67 64 64
272 Xiao Fu (付晓) 11 820 148 118 113 109 96
273 Wenjing Jie 14 814 257 67 55 47 47
274 Vincent Wu 16 802 135 77 55 48 41
275 Raymond Nung-Sing Sze 17 795 66 56 55 48 42
276 Peng Tan 19 795 53 42 41 41 38
277 Chris K. Y. Lo 14 792 127 117 93 88 65
278 Suman Thakur 14 790 242 113 76 55 46
279 Christabel Ho 12 791 177 140 83 70 65
280 Chester To 15 791 79 79 64 61 59
281 Meifeng Luo 14 789 118 109 77 38 37
282 Xuan LIU 14 781 82 74 38 37 37
283 Chengchu Yan 17 785 170 62 57 56 53
284 Yongtao Tan 15 774 178 60 55 37 37
285 Peng You 9 774 181 168 153 63 56
286 Bo Wu 17 773 51 50 47 45 39
287 Lei Zhang 16 769 90 75 73 59 58
288 Kit-lun Yick 11 760 213 207 70 46 40
289 Shao-Yuan (Ben) Leu 14 756 190 79 53 48 40
290 Yulan  Wang 14 756 117 95 88 48 45
291 Junyi (Don) Chai 9 752 495 48 40 35 33
292 Yuhong Wang 13 743 124 73 72 63 43
293 HF DUAN 15 742 70 52 46 43 37
294 John W Yuen 12 739 205 172 79 43 41
295 Wei Yao 15 738 148 46 40 38 37
296 Pengfei Guo 14 735 163 79 51 51 44
297 Lee RLT 12 720 370 43 42 26 23
298 Lei Sun 孙雷 孫雷 16 713 114 69 52 51 38
299 Gang Peng (彭刚) 15 703 87 51 46 39 33
300 Yuwei Jiang 13 703 127 110 93 59 58
301 Sophia Yat Mei Lee 13 701 144 110 92 52 42
302 Foong Ha Yap 14 697 66 57 53 51 50
303 Lawrence Yoon Suk Lee 13 697 140 133 93 51 34
304 Yi Jiang 15 689 115 76 57 56 49
305 Christopher Jenks 15 677 97 57 56 50 45
306 David Kurt Herold 13 669 140 111 55 49 48
307 Yuanmao Ye 12 669 184 74 71 56 47
308 Zhi Zhou 12 666 129 79 79 77 59
309 Zhonghua Qiao 18 662 68 35 35 32 27
310 Yan Luximon 12 662 139 96 72 53 50
311 Chi-wai DO 16 656 95 67 57 40 38
312 Shuo Wang 16 639 56 52 49 41 36
313 Liyong Niu 9 632 165 145 81 45 43
314 SIU Barbara WY 7 617 377 147 25 22 13
315 Youhua Tan 9 616 184 117 83 60 44
316 Ling Jin 11 610 207 92 84 34 32
317 Zhibin YANG 12 597 188 82 57 43 38
318 Boqi xiao 14 597 93 73 55 47 37
319 huiwen lai 12 597 113 84 65 59 59
320 Hu Liangsheng 14 596 105 57 53 47 42
321 Hui Tang 12 589 86 47 47 44 37
322 Mehmet Ali KOSEOGLU 15 587 70 49 29 25 25
323 LIAO Caizhi 10 582 136 83 81 63 50
324 Puxiang Lai, PhD 14 577 113 65 41 40 38
325 Dongxing XUAN 12 571 105 55 52 48 43
326 Randolph C. K. Leung 14 569 62 42 37 33 28
327 Yijun Lou 11 567 107 75 72 39 28
328 WM Wang 王慧明 14 559 90 66 40 39 35
329 Minchen Wei 12 554 83 70 49 34 27
330 Kazuhiro Teruya 11 554 221 86 49 46 46
331 Lorenzo Masiero 13 552 113 66 46 44 36
332 Jilai Wang 9 540 236 133 65 35 20
333 Qiaobing Wu 12 540 71 62 56 46 43
334 Li, Buyang 13 536 55 52 33 28 25
336 Yao Jie Xie 11 530 87 59 57 41 32
337 Ma Junchao 10 525 149 66 55 50 46
338 Dr. Chien-Ling Huang 12 518 153 70 56 56 34
339 Zhenyu Liu 13 513 136 63 56 33 32
340 Linghong Ke 11 512 138 74 45 39 30
341 Hung-Lin Chi 11 506 157 74 52 25 25
342 Xiao Wu (吴啸) 13 504 57 44 40 23 22
343 Xinyan  Huang 12 502 82 52 46 43 41
344 Vico Chiang 15 501 48 32 30 26 26
345 Wai-Wing Chan 6 499 289 82 67 25 25
346 Ivan Wang-Hei Ho 12 497 68 59 56 40 23
347 David Broadstock 10 496 88 83 43 41 30
348 David C. Broadstock 10 496 88 83 43 41 30
349 Stephen Pratt 13 491 68 60 50 32 20
350 Hui Jing Lu 11 487 117 57 48 34 30
351 Yim wah Mak 11 481 89 76 37 32 27
352 Feng Li 10 480 70 40 32 26 23
353 Yao Yao 10 480 150 83 56 27 25
354 Wong Siu Wai 9 476 113 100 79 57 31
355 Bruce Morrison 10 464 135 62 59 47 42
357 W.F. He 11 457 79 73 40 36 25
358 wu zhu 10 445 202 37 34 16 15
359 Xusheng Yang 9 445 159 101 58 28 17
360 James Kar-Hei Fang 13 432 84 42 38 36 28
361 M.T. Leung 11 434 62 49 41 39 34
362 Allen MY Cheong 11 420 80 53 45 37 33
363 Aditi Bhatia 9 417 159 74 34 27 22
364 Tao GUI 9 411 131 73 41 30 23
365 Li-Ta Hsu 11 410 59 35 32 27 27
366 Ketema Tafess 10 409 99 74 55 40 20
367 Jinli Cui 10 407 91 68 45 45 37
368 Zhan Baojian 11 402 60 50 48 47 47
369 Wong EML 10 402 98 24 22 20 17
370 You Dong 12 400 87 36 34 31 25
371 YONG ZHANG 8 397 89 76 68 58 48
372 Yu Pei 7 396 199 62 42 39 24
373 Xi Chen 9 391 86 71 58 57 20
374 catherine liu 13 382 40 37 31 29 25
375 Chao Wang 12 379 75 39 38 26 24
376 Sunliang Cao 12 376 56 50 33 30 28
377 yu huang 11 378 66 62 49 43 41
378 Xiaoyun Chen （陈小云） 4 376 210 101 39 23 3
379 Daniel Bressington 12 374 37 29 21 18 18
380 Dr Kung Wong, Lau 10 370 46 44 42 40 34
381 Zhiwei REN 8 365 125 125 71 40 38
382 Zhengyong Liu 11 359 40 36 35 29 28
383 Jianliang Gong 9 348 61 53 49 40 39
384 Xintao Liu 10 347 93 41 39 31 30
385 Wei Xijun 6 344 144 73 48 41 13
386 Stephen Ko 10 339 122 51 44 20 18
388 Gino Yu 10 332 28 26 25 23 16
389 TIANYI HU 6 322 116 73 43 39 27
390 Josephine Csete 8 319 82 43 32 30 20
391 Yong Li (李泳) 8 319 81 62 41 38 28
392 CAO Yixin 8 317 105 46 35 32 26
393 Qianqian Du 7 315 183 32 23 19 17
394 Weiran Zheng 6 313 209 20 20 19 17
395 Xiulong Liu 11 310 44 43 37 21 20
396 Dr. Steven Wai fan Tsang 9 307 66 37 32 27 26
397 Cong Ma 10 306 65 32 28 23 20
398 Yangyang Chen 8 307 61 37 27 25 20
399 Yi Wang 9 306 80 76 33 25 21
400 Ziyuan Lin 7 305 70 60 55 48 40
401 Shengbo LU 10 299 129 29 21 16 16
402 Chun Hin Mak 6 297 83 78 63 38 21
403 Pierre-Adrien Mante 11 290 43 39 29 23 21
404 Cuidong Xu 7 290 77 68 47 36 22
405 Lei Wang 9 288 50 35 30 22 20
406 Ziqiang Cao 8 284 75 46 31 29 26
407 Zuo Quan Xu 7 282 106 106 39 36 34
408 Woo Yong Park 3 283 249 17 16 1 0
409 Jiangshan Li 10 280 20 19 19 18 17
410 Zhenhua Duan 7 278 95 83 83 42 15
411 Shu-Chien Hsu 9 276 66 56 18 17 15
412 MinKoo Kim 9 274 61 43 28 26 20
413 Derrick Ho (Hung Chak Ho) 8 264 63 42 30 29 15
414 Duo W.-C. Wong 9 263 30 26 22 22 19
415 girish gujar 7 262 82 64 31 28 18
416 Yulai Wan 10 262 40 37 30 26 23
417 Chunyu Chan 7 252 122 37 27 21 21
418 JoonOh Seo 7 249 63 30 28 28 25
419 Wenjie Gang 9 251 49 36 30 28 24
420 Wenbin Xu 9 247 45 40 25 21 16
421 Dr. Wilfred W.K. Lin, PhD, MPhil, BA, OCP, HL7 (Assoc.), MACM, MIEEE, MIES, MAAAI, MHKCS, MHKIRC 8 239 22 21 21 21 15
422 Dongdong Chen 6 239 68 48 44 25 22
423 Mehdi Bakhtiar 8 236 46 44 43 27 22
425 Janet FC Sham 8 233 53 32 32 31 19
427 Allen H. Tai 9 230 53 28 24 20 14
428 Kui SHAN 8 229 70 30 28 22 18
429 Herman lo 7 228 60 43 26 14 12
430 David DeGeest 8 226 45 31 31 27 25
431 Guang-Can Li 10 225 48 31 25 23 21
432 Xue BAI 9 225 31 28 20 19 17
433 Daping Xu 6 223 107 30 20 20 12
434 Jiasheng Qian 6 221 87 47 34 21 19
435 Xiao Xueliang 8 220 31 26 23 19 18
436 Andy Y.F. Leung 9 217 49 32 20 19 13
437 Ming-Zhi Guo 8 216 50 38 30 26 18
438 Angel Chan 7 214 91 30 30 24 16
439 Jessica C.M. Li 8 213 45 45 18 10 10
440 Zehui YONG 6 211 83 50 27 14 13
441 Soyon Paek 4 208 70 65 46 20 3
442 Nicolas Onofrio 6 204 78 37 29 13 11
443 yuan zhang 7 202 39 38 19 19 10
444 Weihua Gu 8 197 41 32 29 26 15
445 Han Hu 9 197 39 28 22 21 10
446 Shidong Feng 9 196 35 16 16 12 12
447 Subramanya Rao 6 194 92 33 24 16 11
448 Dennis Tay 7 190 42 23 23 18 18
449 Xiaoheng Zhang, 張小衡, 张小衡 5 188 83 38 12 11 9
451 Yang Wang 8 185 52 38 20 12 12
452 Caicai Zhang 8 185 32 28 24 13 9
453 Hildie Leung 6 184 73 22 15 13 11
454 Yang Xu 8 179 35 28 22 21 15
455 Veronika Schoeb 7 178 38 29 22 19 16
456 Sharon Tsang 5 177 77 29 25 20 12
457 Lin, Li 10 174 22 15 14 13 13
458 Denis Tolkach 5 169 57 44 17 16 10
459 Chunjin WANG 8 169 21 19 17 16 13
460 CHAN, Chitat 陳智達 8 167 26 25 24 18 14
461 S.H. Shin (Jonathan) 6 166 43 42 26 22 9
462 Amos Darko 7 164 47 23 15 14 13
464 Stephen Politzer-Ahles 7 162 32 27 18 12 12
465 Phoenix W. Y. Lam 7 162 49 27 23 18 17
466 LI Lan  李蓝 5 161 90 39 7 6 6
467 Phoebe Lin 8 160 35 21 20 17 16
469 Wong Tak-sum 黃得森 7 156 43 19 18 13 11
470 Liu Baojun 7 155 31 27 25 17 14
471 victor ho 7 153 37 30 14 14 13
473 Candice Chi-Hang Cheung 張志恆 8 152 28 12 11 9 9
474 Weichao Li 8 152 23 21 15 14 12
475 YI ZHANG 7 152 21 19 18 18 9
477 Haoran Xu 8 150 25 24 12 11 11
478 Iris KM Yu 7 149 37 21 19 15 14
479 Peng Lu 7 144 25 25 18 16 12
480 Bin Chen 7 144 25 24 12 11 11
482 Dong Yang 7 140 28 24 21 12 12
484 Howard Cheung 7 138 18 16 12 11 8
485 KY Fung 4 136 49 41 21 17 4
486 Liu Yaopeng 7 136 45 17 15 14 9
487 Thomas C Lam 5 135 43 28 19 17 11
488 Stan Hok-Wui Wong 7 135 30 21 19 14 12
490 Sik-Ho Tsang 6 133 22 18 13 12 10
491 Kang Zhe 6 130 19 10 9 9 8
493 Timothy Jachna 5 129 39 33 24 6 5
494 Wei Fan 7 129 38 17 14 13 11
496 Guat Tin Ng 7 127 22 19 13 12 10
497 Dr. Ling Zhu 5 126 32 16 11 10 7
498 Yanxia Han 5 123 40 37 19 8 7
499 Jayantha Wadu Mesthrige 6 119 23 20 17 8 7
500 Xin Guo 6 117 25 25 17 14 10
501 Regina Lai Tong Lee 5 116 42 26 16 10 5
502 Yujun Li 5 114 45 27 16 9 5
503 Xiaofei Zhang 5 113 38 33 19 9 5
504 Pearl M.C. Lin 4 113 52 23 8 8 4
507 Liang-Ting Lin 7 109 22 17 15 14 9
508 Dr. Pui Yuen, LEE (Vincie) 4 108 44 40 6 6 4
509 Cong LIANG 6 105 37 15 14 9 8
510 Huang Chao 2 103 94 3 2 1 1
511 Dinusha Gunawardena 5 103 29 13 13 9 7
513 Yi Lin Wong 4 101 48 12 8 6 4
514 Binyan Jiang 5 99 44 21 7 5 5
515 Ming ZHENG 5 99 19 15 13 7 7
516 Emily Tsang 4 99 51 34 5 4 3
517 Huaxin Wei 6 98 31 14 11 11 8
520 Chongyu Chen 5 95 22 20 19 15 9
521 Yu-Yin Hsu 5 90 25 13 8 7 5
522 Ziyou WANG 6 90 24 15 14 11 6
524 Zhitao Wang 5 87 60 8 5 5 5
525 Junkai Chen 4 87 35 22 13 7 4
526 Herman H. M. Lo 6 87 26 12 12 7 6
527 Dr. CHAN Tai Po, Charles 5 86 42 13 13 7 5
528 Xi Xia 5 86 43 6 5 5 5
529 Qingsong Wang 6 86 21 16 11 9 8
530 Andrew K. F. Cheung 5 85 27 17 14 8 5
532 Wenjian Xu 5 84 24 18 12 8 6
533 Qiang Li 6 84 34 13 9 9 8
534 Cheng, Mei Na Meina 5 84 42 10 8 7 6
535 YANWEN WANG 5 81 43 12 7 6 5
537 Peichao GAO（高培超） 6 79 11 8 7 6 6
539 Jie Jia 5 79 15 11 9 7 7
540 CKH Lau 4 79 34 20 7 4 3
541 Nathan John Albury 6 78 15 13 10 7 6
542 Yanyong Li 4 78 23 20 19 8 3
543 Zhaoyang Zhang 5 77 20 17 11 8 7
545 Choy Man Tik 3 74 40 19 13 2 0
546 Shimin Zhu 4 74 20 19 18 7 3
547 Min Ney Wong 5 74 19 16 15 12 7
550 Rui Zhong 5 71 20 14 9 8 8
551 Timothy O. Olawumi 7 71 9 8 8 8 7
552 Mohammed BOUHADJA 4 70 26 20 8 6 4
553 Fen PENG 4 70 33 13 13 5 3
554 Liu Xihui 5 69 17 11 11 5 5
557 Yi Liu 3 68 44 9 8 3 2
559 Mingwen Qin 4 67 24 18 7 5 4
561 Duojie Weng 4 67 19 12 11 7 4
562 Natalia Klyueva 5 67 16 9 8 7 6
563 Xiao LI 5 67 22 12 11 8 6
565 Ivan Pui Hung Au 4 64 46 7 4 4 2
569 Alex Cockain 3 63 32 17 6 3 2
570 Xiaoqin Zhu 4 62 24 16 9 4 4
571 Seung Hyun Cha 3 61 38 9 8 3 2
572 Peter H.F. Ng 6 60 12 9 9 9 7
573 Francisco O. Dourado Veloso 6 59 10 10 10 9 9
574 Yi Sun 4 59 24 9 6 5 4
577 Yangxi Zhang 4 58 21 11 5 5 3
578 jie zhang 6 58 10 9 8 8 7
579 Sunny Sun 6 57 12 7 7 7 7
584 Akif Zia Khan 4 54 15 12 8 7 2
590 Meizhen Huang 4 52 19 14 10 4 2
591 Matteo Lulli 5 53 15 13 6 6 6
592 Yuqing SUN 5 52 13 12 11 7 6
593 Xiao LIAO 3 51 25 18 3 2 1
596 Lalit Borana 4 51 13 13 10 4 3
597 Na Li (Nancy) 5 50 14 8 6 6 5
599 Zhihai Qiu 5 49 10 9 8 7 7
602 Tsz-Kwan Lee 5 47 9 7 5 5 5
603 Yuechuan LIN 3 47 17 12 8 3 2
604 Kaihui Li 4 47 16 10 8 5 2
605 Rick Yiu Cho Kwan 3 48 26 11 8 1 1
606 Huiling Zhou 3 46 28 8 5 2 1
607 Gerhard Bruyns 5 46 11 6 5 5 5
608 Benjamin Tawiah 4 46 16 13 8 6 1
610 Chengyao Chen 4 45 17 15 5 5 1
611 CP Lai 3 44 19 6 5 3 2
612 Ke Ke 4 44 12 7 6 5 3
618 Linchuan Xu 3 42 21 9 4 3 2
619 Chunjin Ai 3 42 22 5 4 3 3
620 Edward X.H. CHANG 3 41 26 10 5 0 0
621 Christina Zong-Hao Ma 3 41 17 9 4 3 3
622 Shuaiyin ZHU 2 40 27 10 1 1 1
623 K.K.H. NG 4 40 10 5 5 5 3
626 Cindy SB Ngai 3 39 12 7 3 3 3
627 PWH Kwong 3 39 10 7 6 3 3
630 Manson Fong 2 38 25 9 2 1 1
632 YUNFEI LONG 2 37 23 3 2 2 2
633 Cheng Liu 2 37 21 10 2 1 1
635 Xincong YANG 3 36 14 10 4 3 2
636 Mohammad Ismail Hossain 4 35 16 5 4 4 3
637 Yuen Lam Bavik 4 35 11 10 7 4 2
642 M. YAQOOB 4 34 8 5 4 4 4
644 Mingliang Cao 4 33 10 5 5 4 3
648 Rui TANG 3 31 13 11 3 2 1
651 Shang GAO 2 31 17 4 2 2 2
652 Hao Wu 3 31 11 6 5 3 3
653 Tak Wai Chau 2 30 21 6 2 1 0
656 Xiaoyi Lan 4 29 8 7 6 4 2
658 Farzad Sabetzadeh 2 28 12 9 2 2 1
659 Andy Morrall 2 28 14 10 2 2 0
661 Jiao JIAO 3 27 9 5 4 3 3
662 TAN Liang 谭亮 3 27 5 5 3 3 3
663 Xin Li 3 26 10 3 3 2 2
666 Gene Wu 4 25 8 8 5 4 0
669 Hongcai Chen 3 24 6 4 3 3 2
670 Wayesh Qarony 3 24 5 4 4 3 3
671 Minglei LI 3 24 5 4 3 2 2
680 Katrina Jia Lin 2 21 14 3 2 1 1
681 Jiajia Li 2 21 9 4 2 2 1
684 Oluwole Soyinka 3 20 6 5 3 2 2
691 Mark Nartey 3 19 8 4 4 2 1
692 Sun-A Kim  金善娥 김선아 3 18 7 3 3 2 2
696 Balasankar Ganesan 2 17 4 3 2 2 2
699 Si Chen 陳思 PolyU 2 17 9 2 1 1 1
705 Karl David Neergaard 2 16 6 3 2 2 2
711 Silvia Fok 2 14 11 2 1 0 0
714 Kang Jing 2 13 7 5 1 0 0
717 Renia Lopez-Ozieblo 2 13 7 4 1 1 0
721 Fei Chen 3 13 5 3 3 1 1
723 Kimberly Anne Sheen 2 12 5 5 1 1 0
724 Parth Shah 2 12 4 4 1 1 1
726 Shancheng Cao 2 12 4 3 2 1 1
727 Antwi-Afari Maxwell Fordjour 2 12 5 2 2 1 1
729 Muhammad Muaz 2 11 3 3 2 1 1
732 Zoe Yau Shan Chan 2 11 7 4 0 0 0
742 YP Tsang 2 9 7 2 0 0 0
749 Sicong Dong 董思聪 2 8 6 2 0 0 0
752 Bo Wang 2 8 4 3 1 0 0
757 Mohammad Asaduzzaman KHAN 2 8 4 2 2 1 1
774 Tin-yuet TING 2 5 2 2 1 0 0
775 Lucas Kohnke 2 4 2 2 0 0 0
789 Julija Naskova 1 3 1 1 1 0 0
804 刘洪超 Liu Hongchao 1 2 2 0 0 0 0
