1 T F Chan 92 69041 10507 8819 4595 2736 2528
2 Ben Zhong Tang 127 68783 2631 1935 1393 1374 976
3 Joseph Hun Wei Lee 96 65568 2610 2199 2122 2097 1432
4 Che Ting Chan 94 38128 3027 2515 899 892 812
5 Ping Sheng 87 34377 2515 1586 1510 1062 1040
6 Shihe Yang 92 31198 551 528 526 519 515
7 T.S. Zhao 赵天寿 81 29814 551 550 322 318 316
8 HS Kwok 81 28848 1935 898 640 627 603
9 Khaled B. Letaief 75 28376 3447 1225 747 681 558
10 S W Ricky Lee 50 27912 664 399 332 303 302
11 Jingshen Wu 75 26260 938 830 551 510 492
12 Ian D. Williams 68 20093 4263 978 836 417 380
13 Qian Zhang 73 19280 742 646 430 406 398
14 Bo Li 62 17803 2371 541 499 464 414
15 Hai Yang 69 17553 707 573 553 383 375
16 Dimitris Papadias 66 17228 885 882 783 759 729
17 Ning Wang 66 16952 1103 892 663 644 620
18 Mansun Chan 61 16740 2170 519 365 353 301
19 Wen-Xiong Wang 70 16665 430 392 384 379 342
20 Pei-Yuan Qian 66 16409 660 553 301 286 224
21 Guang ZHU 29 15812 11133 1311 440 289 254
22 James Y.L. Thong 40 14924 3225 1703 992 979 897
23 henry tye 61 14804 1016 948 894 765 611
24 Pan Hui 45 14569 2158 1717 1179 807 498
25 Ross Murch 52 14125 3447 925 414 407 360
26 ZHANG JUN 50 14120 816 580 464 367 256
27 Chung-Yee Lee 62 13862 729 690 666 487 473
28 Yule Yue WANG 55 13171 928 333 248 220 176
29 Dit-Yan Yeung 53 13103 1509 599 514 466 442
30 He Yan 52 12859 2211 2082 986 472 386
31 Charles Zhang 28 12774 150 119 109 104 101
32 Daniel P. Palomar 48 12004 1270 1183 661 444 358
33 King Lun Yeung 65 11960 473 413 349 293 266
34 James T. Kwok 54 11918 946 946 852 514 469
35 Vincent LAU 53 11254 1290 486 318 246 229
36 Lei Chen 51 10537 1052 634 346 248 240
37 Chi Ying Tsui 48 10142 456 383 344 338 321
38 Zilong Wen 42 9859 2002 1882 566 560 458
39 T.X. Yu 46 9765 774 461 418 380 270
40 Roger S Cheng 36 9690 3447 558 456 425 377
41 Mingjie Zhang 54 9430 715 510 316 296 183
42 Dik Lee 52 9236 653 452 353 338 255
43 Weijia Wen 49 8979 551 392 277 200 184
44 Jian Zhen Yu 54 8751 532 373 290 264 242
45 Minhua Shao 37 8733 844 763 622 610 584
46 Danny Tsang 45 8724 898 566 473 410 337
47 Furong Gao 48 8628 448 410 229 208 177
48 Jensen Li 35 8380 1237 1196 728 726 661
49 Christopher Y H Chao 48 8263 574 554 519 481 383
50 Hong K LO 44 8078 573 406 377 334 282
51 Chi Keung Tang 45 8046 1356 700 501 298 296
52 Philip K.T. Mok, IEEE Fellow 44 8012 653 519 499 385 323
53 Sunghun Kim 44 7943 411 408 350 322 285
54 Jiatao Li 36 7923 1315 671 665 482 457
55 Cunsheng Ding 48 7654 469 400 324 226 194
56 Limin Zhang 48 7589 334 161 156 126 123
57 Qiong Luo 39 7251 1189 838 423 357 275
58 Randy Y.C. Poon 44 6958 451 435 271 258 258
59 Jian-Feng Cai 32 6848 3001 551 290 280 262
60 Fred Lochovsky 33 6848 819 668 643 627 486
61 C. Patrick Yue, IEEE Fellow 38 6837 1496 887 468 274 174
62 Xijun Hu 45 6580 263 247 247 230 215
63 Wing-Hung Ki 45 6576 316 292 291 232 198
64 Albert Park 39 6548 566 455 400 286 270
65 Qingping SUN 42 6542 514 318 251 212 203
66 Kei May Lau 36 6172 513 397 151 139 107
67 Howard Luong, IEEE Fellow 38 6168 898 414 294 265 213
68 Michelle YIK 32 5999 1073 697 461 434 374
69 Raymond Chi-Wing Wong 40 5869 566 290 287 281 211
70 Wei-Min Dai 39 5825 994 703 304 190 149
71 Lau Kai Hon Alexis 45 5696 346 346 293 204 187
72 Henry Lam 28 5591 1122 526 493 404 282
73 Mark Seasholes 17 5504 2064 614 401 373 334
74 Michael Chung-Yung Lee 23 5443 3012 341 311 163 119
75 Pascale Fung 40 5432 414 237 217 209 181
76 Mingyi Hung 19 5424 930 772 714 481 450
77 Zhi Yu Yang 24 5308 2515 472 392 286 276
78 Utpal Bhattacharya 27 5217 1337 1191 407 289 206
79 Shing-Chi Cheung 39 5178 276 202 155 147 138
80 Kun Xu 35 5153 490 261 224 209 162
81 Xuhui Huang 37 5054 475 355 270 241 237
82 Yaping Gong 26 4917 1159 385 354 300 275
83 Tai-Kai Ng 28 4894 1128 596 259 224 213
84 Kui Jiang 17 4892 2103 986 279 263 237
85 Fugee Tsung 40 4605 241 230 145 128 116
86 Jun Zhang 32 4578 546 419 254 236 206
87 Ping Gao 29 4512 461 421 387 323 318
88 Matthew R. McKay 34 4496 397 234 223 191 171
89 朱晓农 / Zhu, Xiaonong 31 4492 273 187 126 112 107
90 Nevin L. Zhang 32 4489 498 495 365 227 215
91 Hongbin Liu 36 4373 295 261 190 169 160
92 david zweig 31 4328 805 432 207 192 188
93 Jun Xia 27 4327 570 559 416 380 253
94 Hao Fu 18 4310 2698 223 113 75 61
95 Chin-Tau Lea 34 4282 668 214 201 139 127
96 GH Chen 38 4274 208 201 178 136 135
97 Chii Shang 39 4251 225 207 197 187 150
98 Chiew-Lan Tai 35 4230 646 439 254 141 131
99 Jin Zhang 27 4205 599 430 406 258 176
100 Zhengtang Luo 23 4190 832 691 499 477 246
101 Ke Yi 33 4051 260 245 232 229 229
102 Dr Qingbin Zheng 30 4017 282 277 247 239 194
103 Ling Shiqing 27 3994 775 357 337 312 298
104 Xiang Song Li 30 3946 555 222 185 169 162
105 Amine Bermak, IEEE Fellow 35 3943 198 185 162 109 73
106 Wai Ho MOW 32 3931 456 314 314 229 141
107 Huamin Qu 31 3849 279 275 209 187 143
108 Jianwei Sun 32 3773 812 178 156 132 129
109 JCH Fung 30 3769 456 187 185 144 138
110 Wilfred Ng 34 3733 264 185 141 136 126
111 Francis Lui 14 3583 1283 641 589 330 235
112 Ying Xu 32 3531 301 255 132 98 94
113 Albert C. S. Chung 30 3491 648 170 169 123 116
114 Xiangtong Qi 25 3474 536 350 330 239 220
115 Alvin Y So 27 3458 995 181 121 93 79
116 Yangqiu Song 28 3442 572 279 205 184 165
117 Weichuan Yu 27 3422 350 330 216 162 144
118 Ling Shi 30 3416 211 187 167 149 129
119 Goonetilleke Ravindra S. 33 3414 294 144 132 111 110
120 Jinglei Yang 28 3395 783 296 169 151 124
121 James Z. Lee, 李中清 28 3353 522 258 252 241 107
122 Kevin CW Chen 21 3312 736 402 386 243 237
123 Yi Wang 28 3220 616 279 175 138 125
124 Alvin So 27 3182 795 205 181 121 93
125 Danyang Xie 19 3117 1072 504 266 260 149
126 Hongtao Zhang 27 3096 264 212 194 188 176
127 Lancelot F. James 22 3083 1317 182 172 135 103
128 Xueqing Zhang 29 3013 542 269 157 135 113
129 Yue Kuen Kwok 24 2975 896 222 167 145 129
130 Xiaogang Wu 吴晓刚 26 2949 532 270 214 175 112
131 Kai-Lung Hui 22 2945 504 351 237 215 205
132 Andrew W. Poon 30 2894 236 176 121 116 114
133 Mike K.P. So 25 2828 519 234 168 161 136
134 Bing-Yi Jing 28 2808 611 139 124 99 93
135 Siu-Wing Cheng 28 2797 328 234 138 119 105
136 HUI Chi Wai 31 2795 136 104 103 101 91
137 Xiangrong Wang 28 2776 225 192 146 127 125
138 Albert Ha 17 2736 388 385 301 236 232
139 Xiao-Ping Wang 29 2720 297 250 110 110 107
140 Shuhuai Yao 23 2717 299 287 264 227 142
141 Tiezheng Qian (钱铁铮) 26 2658 297 250 180 130 110
142 Levent YOBAS 26 2657 308 219 217 177 100
143 Kin Man Yung 7 2652 970 737 333 281 194
144 Shengwang Du 28 2647 187 179 168 139 122
145 Kellee Tsai 16 2610 659 636 260 245 108
146 K.T. Law 20 2467 604 320 187 181 114
147 Yongshun Cai 20 2461 375 254 242 216 178
148 Zhi Ning 29 2453 133 128 123 113 99
149 Jianping Gan 28 2428 160 159 151 145 139
150 Jianan Qu 28 2406 175 175 118 83 83
151 SAUTMAN Barry V 24 2321 372 173 142 92 89
152 Tom H. Cheung 16 2299 428 275 274 260 247
153 Junwei Liu 18 2280 628 489 159 157 123
154 Carsten A. Holz 24 2258 385 201 143 132 111
155 Kasper Meisner Nielsen 13 2190 1096 263 240 181 71
156 Rachel Q. Zhang 18 2169 633 230 165 152 132
157 Yunke Li 12 2155 986 279 237 144 87
158 Can Yang 21 2098 350 330 133 122 118
159 Rolf Walter Lortz 25 2035 199 91 81 79 70
160 Bertram E Shi 20 2030 149 131 127 113 112
161 Jiang Xu 25 1998 157 126 120 101 81
162 Min YANG 14 1975 472 392 303 276 151
163 Jiguang Wang 19 1970 427 228 199 158 119
164 Albert Kai-Sun Wong 22 1967 486 214 93 90 78
165 Raymond Louie 19 1956 467 208 158 138 129
166 Huihe Qiu 19 1955 221 186 167 149 125
167 Amy Zang 6 1952 1403 313 107 69 50
168 Francesco Ciucci 25 1945 262 195 98 82 79
169 Liane S. Slaughter 15 1923 462 209 204 155 143
170 Richard H.Y. So 24 1904 197 135 81 76 72
171 Yilong Han 22 1889 362 165 145 126 112
172 Gyu-Boong Jo 14 1883 377 302 274 184 130
173 Jidong Zhao 25 1846 137 97 95 91 87
174 Cameron Campbell, 康文林 22 1827 252 246 107 93 75
175 Kai Chen 18 1807 441 280 135 121 110
176 Kai Tang 23 1805 98 86 82 80 78
177 Brian Kan-wing Mak 21 1777 264 162 134 115 97
178 Yongwei Huang 20 1757 358 149 139 134 101
179 Xi Shen 19 1756 365 191 145 139 120
180 xun wu 21 1729 205 177 125 112 87
181 Yong Wang 22 1714 184 96 71 67 64
182 Yu Zhang 19 1705 253 251 170 134 104
183 teng zhang 20 1704 289 232 129 124 99
184 Shuang Xiao 20 1703 435 232 110 91 83
185 Yuan YAO 19 1680 221 206 130 120 116
186 Chun-Man CHAN 23 1654 157 91 87 86 79
187 K. Y. M. Wong 23 1649 180 131 80 54 54
188 Yang Bai 20 1647 341 289 147 99 91
189 Xiaoli Zheng 22 1626 296 118 114 77 75
190 Alok D. Bokare 19 1621 451 212 121 117 76
191 Haibin CHEN 19 1610 272 263 152 95 88
192 Tai-Yuan CHEN 10 1603 1006 162 115 84 67
193 Baoling Huang 20 1589 325 136 125 110 108
194 Melody M. Chao 20 1584 186 181 150 109 97
195 Kim-Pong Tam 20 1573 277 164 154 109 99
197 Wei Zhang 20 1553 157 126 101 81 67
198 Stefan Nagl 21 1540 199 136 130 119 101
199 abhishek srivastava 23 1535 58 57 52 51 43
200 Wenjing Ye 21 1533 170 130 110 105 102
201 Pengfei Wang 19 1520 406 90 85 78 65
202 Shaojie Shen 15 1503 370 223 132 111 91
203 Angela R Wu 9 1469 552 393 143 105 79
204 Bilian Ni Sullivan 9 1453 574 395 150 132 80
205 Yu-Hsing Wang 17 1448 412 154 97 89 56
206 Jack C.P. Cheng 21 1442 156 113 69 57 47
207 TAO LIU 15 1410 359 328 113 103 99
208 Peter MacKay 6 1373 798 228 119 108 67
209 Chao Yang 16 1323 225 216 128 69 53
210 Kin Fai Ellick Wong 17 1312 162 155 136 79 76
211 Ming Liu 23 1281 86 81 60 58 54
212 Ye Ding 19 1233 198 157 82 71 66
213 Anirban Mukhopadhyay 16 1213 200 139 101 89 86
214 David Cook 16 1211 155 153 124 79 55
215 Chi-Yuk Chiu 16 1211 414 93 69 64 63
216 Roger Levermore 14 1202 218 197 131 109 100
217 Xu-Lin Zhang 21 1191 79 58 54 52 51
218 Soochang PARK 19 1184 157 64 56 54 50
219 Yi-min Lin 15 1167 207 175 151 101 72
220 James She 19 1166 231 113 95 57 36
221 Ying Chau 17 1156 172 133 117 103 60
222 Qian Liu 12 1117 381 242 132 87 45
224 Jiang Qimeng 16 1096 145 126 102 70 69
225 Kai Wai Hui 8 1095 619 175 126 37 28
226 Ridong Zhang 22 1066 63 53 47 41 39
227 Ying-Ju Chen 18 1055 72 67 53 48 47
229 Carrie Ling 21 1050 164 134 83 58 52
230 W.K.R Wong 16 1037 234 98 78 61 57
231 Zheng-Long XU 20 1015 77 77 67 62 61
232 Yingying Li 10 991 499 111 84 81 61
233 Tai-Pang Wu 15 977 124 109 105 93 77
234 Amy N. Dalton 11 976 303 173 114 77 65
235 Jialin Yu 10 966 192 192 152 146 121
236 Tian Fang 14 946 195 190 139 56 55
237 Gang Wang 15 935 214 73 58 58 37
238 Xiaojun Zhang 9 914 313 313 140 122 101
239 Naubahar Sharif 12 872 517 33 33 32 27
240 Lin ZENG 19 872 64 53 50 42 41
241 Ken Ma 17 871 135 99 90 55 44
242 Shingyu Leung 18 870 88 81 69 65 52
243 Eva Chen 9 864 231 172 125 104 77
244 Yuncong Chen 14 860 330 90 65 51 51
245 Leilei Gu（顾磊磊） 13 859 203 107 88 88 86
246 Jin SUN 19 853 132 74 40 35 34
247 Richard Lakerveld 13 853 305 101 64 61 36
248 Michelle K.M. Wong 13 851 163 151 99 78 68
249 Mohammad Akbari Garakani 18 849 102 77 77 67 62
250 Shangshang Chen (陈尚尚) 9 819 305 144 100 79 61
251 X. H. Hilda Huang 12 817 284 132 102 62 42
252 Ajay Joneja 13 807 85 55 49 49 48
253 Kai Zhang 15 798 135 53 52 50 43
256 Stuart Gietel-Basten 15 782 77 58 56 48 31
257 Leye Wang 16 782 114 69 55 54 47
258 Ke Pan 12 781 379 63 55 45 41
259 Jianle zhuang 14 779 138 113 97 55 45
260 Guangle Niu 12 777 418 65 46 37 23
261 Xi Li 13 770 126 108 96 78 76
262 Chiang Yik-Man 10 764 448 89 33 28 20
263 Jiewen Hong 8 755 219 111 105 87 78
264 Zefei Wu 13 754 210 88 87 60 38
265 Peter Chen 10 744 170 128 120 77 70
266 Li Yang 8 744 376 114 75 72 36
267 Jie Yuan 15 739 93 86 53 51 51
268 Cheng Liu 16 737 100 70 63 38 36
269 Jenny Xu 9 736 466 72 29 24 23
270 Wei Wang 14 735 88 79 71 59 57
271 Jian-Qiu Huang 18 722 77 77 67 62 56
272 Shaohui Zheng 14 720 169 79 60 48 47
273 Shuigang Xu 10 719 210 88 87 60 56
274 Xu Zhiwen 16 716 71 52 51 50 49
275 Qing Chen 12 713 217 85 79 73 41
276 Raymond Wan 9 695 414 64 59 48 26
277 Yuan Gao 9 689 384 102 86 37 24
278 Elias G Dimitrakopoulos 15 682 90 59 58 57 46
279 Rongxin Wu 8 672 202 192 98 93 48
280 Nandita Mullapudi 10 672 181 158 99 56 47
281 Dongshuai Hou 15 645 63 57 50 39 37
282 Yuyi MAO 11 636 139 126 74 70 63
283 Yiwen Wang 13 626 129 55 29 26 19
284 Rongbiao Tong 16 624 61 45 36 30 29
285 Ralf van der Lans 9 619 204 114 82 65 46
286 Xiongbin RAO 10 613 219 128 52 49 43
288 Julian Groves 12 608 92 77 76 65 65
289 Haifeng You 10 607 222 95 73 38 32
290 Xiaoyan Zheng 13 605 100 57 56 38 33
291 Anthony K. Leung 14 602 50 47 43 41 37
292 Qifeng Chen 10 585 177 101 91 54 46
293 ZHOU Xuelong 17 581 63 63 45 35 35
294 Long Hu 12 579 155 108 64 33 30
295 Yunyou LU 11 565 126 100 50 48 30
296 Ming Ma 14 561 61 60 59 56 46
297 Aaron Yu 12 556 134 83 59 50 45
298 Benzhao He 10 550 87 77 72 69 68
299 YI Ya 9 549 168 129 114 28 26
300 Jeffrey Yue 14 542 98 80 65 49 32
301 Kwong Hoi TSUI 7 542 201 104 91 53 38
302 Eric S. Nelson 11 540 117 63 42 23 17
303 Lu-Zeyu 14 536 51 50 50 49 29
304 DS Chang 12 535 72 70 70 56 53
305 Charles Hsu 8 525 163 128 116 26 21
306 Yikai ZENG 16 500 63 45 35 35 31
307 Qinglu Zeng 10 499 170 100 51 47 40
308 Yin Chen 13 497 96 67 65 46 31
309 Xingjian Shi 6 494 372 41 22 13 13
310 M SING 12 493 92 37 32 27 26
311 Wen-Jie Chen 10 486 164 124 60 30 22
313 Sujata Visaria 7 477 169 82 73 65 45
314 Ding PAN (潘鼎) 11 474 82 71 48 41 40
315 Yin Zhu (朱寅) 11 471 144 71 68 30 26
316 An Lu 7 469 264 87 32 31 22
317 Yuk-fai Fong 11 468 114 71 71 44 26
318 King Hang Wang, Kevin 10 462 137 102 56 30 20
319 Xuewen Liu 8 461 213 99 62 22 16
320 Terence T. W. Wong 8 459 210 72 55 43 21
321 Maochun Wu 11 455 148 98 24 23 15
322 Yongxin Li 14 452 69 40 37 32 31
323 Guowu Meng 11 449 176 51 31 27 17
324 Jiahao HUANG 10 445 129 96 41 41 35
325 George Panayotov 8 445 122 81 77 66 30
327 Xiujuan Shi 13 435 52 48 38 37 35
328 Yejun Zhu 8 435 139 77 36 32 23
329 Ting WANG 7 434 140 95 92 38 26
330 Stanley Y Y Leung 11 426 87 36 34 28 26
331 Markus Saers 11 424 137 45 32 29 19
332 Ning Cai 9 424 106 72 65 46 39
333 ZHANG SHUAI 12 424 69 47 39 39 35
334 Larry K.B. Li 10 423 190 35 33 26 22
335 Tianling Jin 11 418 118 50 36 31 30
336 SUINING HE 8 415 255 36 30 23 18
337 Xiaojun Feng 10 409 73 72 57 48 48
338 Haoran Jiang 12 409 98 42 30 24 23
339 Rong Ni 8 404 144 49 43 43 41
341 Zheng Xing 9 400 80 59 43 37 36
342 Haitao Feng 11 394 70 65 37 36 29
344 Xun Lu 11 368 80 51 43 42 34
345 Condon Lau 11 367 70 54 34 31 29
346 Songwen XIAO 4 367 276 54 16 8 4
347 Zhongqi Lu 8 366 144 56 40 28 26
348 Tao Zhu 8 366 71 68 55 52 31
349 Junxiong WU 8 365 69 58 53 43 41
350 Gui-Bo Ye 7 363 115 73 49 33 33
351 Xian Chen 8 363 135 111 47 15 10
352 Mark S. H. Mak 9 354 85 53 49 42 39
353 Jan Vosecky 10 351 163 38 30 30 20
354 Yilin ZHANG 9 349 136 48 28 27 26
355 Javad Nasiry 6 348 131 115 42 23 11
356 Maosheng Xiong 10 347 52 32 32 29 26
357 Heejeong Jeong 11 342 107 34 33 23 20
358 Wenxiu Sun 10 342 45 41 26 23 21
360 Salahuddin Raju 6 340 136 61 40 36 14
361 Kun Ding 8 340 87 79 56 33 24
362 Wei Dai 11 338 27 25 24 19 18
363 Quanhua Mu 7 336 101 65 60 33 30
364 Jiaqi Liu 9 335 131 76 17 17 16
366 Ben TAN 11 332 48 48 44 34 28
367 Jin Wang 4 332 294 15 10 5 3
368 Chen Hu 9 328 91 63 31 31 25
369 Guojun He 7 326 83 62 47 41 35
370 Tze Ling Ng 9 324 100 76 30 25 20
371 Xianhua Peng 8 316 182 34 27 22 16
372 Le Shi 史乐 12 311 42 39 38 34 25
373 Eddie C. L. Chan 10 310 68 33 26 23 22
374 Rongsheng Chen 9 303 32 29 26 24 21
376 Guangye Zhang 9 300 100 33 29 29 28
377 Chi Yan Tso 9 300 76 50 29 29 23
378 Kishwar Khan 10 296 58 42 36 25 22
379 Ka-Ho Lee 11 289 46 38 26 24 23
380 Hai Zhang 10 288 48 35 33 26 21
381 Jiheng Zhang 9 281 50 49 39 29 28
382 Chen Ming 9 275 90 32 24 17 14
384 Zijie Qiu 5 270 200 28 14 6 5
385 Mengyuan Hua 9 266 36 36 36 35 23
386 Ahmed Abdul Quadeer 10 264 43 43 27 26 20
387 Themelina Paraskeva 6 264 121 46 34 25 11
389 Chen Jason Zhang 7 262 79 61 44 22 20
390 Jin-Cheng Li 8 262 61 54 34 28 26
391 Parvej Alam 11 258 32 30 26 24 20
392 Yao Ding 6 258 116 81 17 11 11
393 Wang Zheng 5 255 118 100 19 8 5
394 Gen ZHANG 10 255 41 31 25 24 20
395 Efstratios Tsougenis 9 253 60 33 32 28 23
397 Eric Marberg 8 253 70 28 18 14 14
398 Duo Han 7 251 90 32 23 19 16
399 Jiang Meijuan 9 251 57 34 31 28 23
400 Ziheng Lu 7 249 98 37 35 22 19
402 Yang Gao 10 245 41 27 24 22 20
403 Youmin Hou 5 242 142 52 13 10 8
404 NING Chao 6 239 130 29 21 16 14
405 Xinghua Zheng 9 237 76 37 20 17 16
406 Qi Qi 7 236 58 37 30 23 12
407 Dongwon Lee 4 235 121 64 21 12 4
409 Wooyoung Lim 7 233 60 57 31 13 13
410 Xun Wen Chen 10 232 50 36 23 22 16
411 Sam Garg 4 231 89 56 47 24 4
412 Ting Wang 9 226 42 30 21 17 17
413 Guijun Li 8 224 45 42 37 15 14
414 Peng Wang 7 224 63 63 40 36 28
415 Ivan IP 8 222 64 32 23 13 13
418 Yakang JIN 8 216 56 49 18 17 13
419 Changqing LIN 8 216 92 23 19 16 13
420 YUXUN REN 8 212 30 23 21 21 18
421 Jan Hajer 7 210 61 36 36 24 18
422 Jianquan Zhang 7 209 74 29 28 24 19
423 Mianrun Chen 8 208 52 29 21 20 19
424 Wei Chen 6 208 70 62 19 12 12
425 Hong ZHU 8 208 60 47 23 14 13
427 Shichang Liu 7 208 65 40 27 20 19
428 Ren Xiaodong 8 206 41 33 29 20 16
429 Chi Yin 8 205 24 22 20 15 14
430 Ao Xu 10 204 38 34 25 19 16
431 kim-chong chong 8 202 44 32 20 19 17
432 Yang Wang 8 202 87 21 17 16 16
433 Ying Sun 7 201 72 30 28 21 9
434 Wei ZHOU 8 200 32 21 15 15 14
436 Karteek Addanki 7 195 85 19 17 17 11
437 Yigang Du 7 195 119 14 11 10 8
438 Ke Wang 5 195 91 35 21 20 16
439 Honghui Zhang 7 194 47 36 28 25 18
440 Lei LU 7 193 31 31 21 18 14
441 Jiang Cui 6 191 63 38 35 14 9
442 Mattia Saccoccio 8 190 36 27 24 22 20
443 Yao Shanshan 6 190 63 38 35 14 9
444 Dimitrios Papadopoulos 9 189 37 36 31 14 13
447 Y. Jane Zhang 6 184 72 46 40 11 7
448 Justy Wong Wai Chuen 7 184 39 36 25 23 20
449 Chao Zhou 7 183 45 36 18 14 9
450 W L Chung 7 182 45 37 15 12 11
452 Lin Cheng 8 176 27 27 19 16 15
453 Duruo Huang 7 176 31 24 24 23 12
455 ZHOU Kang 周亢 8 172 31 26 14 11 9
456 Shuyun Zhao 7 169 32 23 21 15 8
458 Li Han 6 164 65 44 31 9 7
459 Dr. Ping Geng 7 162 46 32 31 16 15
460 Dan Dan Huang 6 161 79 21 19 13 10
461 Zhaofu ZHANG 7 159 23 22 16 15 9
462 Alwin Tam 6 159 83 19 13 12 9
463 Ann Rutledge 5 158 64 64 63 37 30
464 Lei Tai 6 158 49 30 21 19 17
466 Dimitris Chatzopoulos 7 154 49 24 21 16 10
467 Lin SU 5 152 40 40 27 16 11
468 Qingkai QIAN 6 151 43 21 19 16 15
469 Marco Antonelli 6 151 54 26 12 9 6
470 Zhang Haoke 7 151 27 27 21 19 15
471 Jian Wang 8 150 24 21 20 18 14
473 Gabrielle K. W. Wong 6 145 44 26 15 15 14
474 Jinqing Huang 6 144 58 34 17 9 7
476 Yuanzhe Chen 6 141 32 26 19 18 17
477 KH Tse 7 140 38 35 19 15 11
478 Xingyu Zhang 7 138 19 16 14 12 12
479 Christopher C. S. Chan 8 137 17 17 16 15 14
480 Woon Kok Sin 8 136 26 23 19 18 15
481 Maksym Prodanov 5 136 42 23 19 18 13
482 Crystal Shaojuan Luo 7 135 23 21 17 13 12
483 Ruihan Zhang 7 135 35 29 14 13 12
485 Kai Li 5 135 69 34 9 8 7
486 Muhammad Hassan 7 133 18 16 16 12 11
488 Lizhe Zhu 7 127 25 14 12 11 10
490 Xianxin Guo 7 126 31 26 15 10 9
492 Sicong He 6 123 49 19 15 14 12
493 LI Xueyou 6 123 35 23 18 13 10
494 Jason Lim Coo 6 122 41 34 9 9 8
495 Yuanjing Lin 7 121 38 16 14 14 11
496 Yongyi Lu 5 120 39 33 19 12 8
498 Ho Ming Leung 7 119 28 20 20 14 13
499 Xiaoxiao Wu 6 118 27 21 20 18 8
500 Yongquan Liu 5 118 37 19 18 16 9
503 Ningyuan Chen 6 115 49 18 17 11 9
504 Sunil Jaiswal 6 111 17 12 11 9 7
505 Qiqi SUN 6 111 39 15 14 13 12
507 Rui Wang 5 111 50 22 11 9 8
508 A.U.Weerasuriya 7 109 25 11 9 9 8
511 Shangqian Zhu 7 108 22 19 18 13 10
513 Muhammad Saqib Sohail 6 107 22 19 18 15 11
514 Manohar Kuse 5 106 35 23 15 13 7
515 Yaobin Tian 7 106 22 13 10 10 8
516 Kaixiang Mo 6 105 44 28 11 7 7
517 Frederick Tsz-Ho Fong 5 104 28 26 15 14 9
518 Minghao Zhuang 3 103 81 11 5 3 2
519 ji dai 6 102 22 19 11 8 8
521 KKK Ng 6 101 40 12 11 11 7
522 Christy Z. Koval 4 101 33 26 20 16 4
524 Jingyi Lu 5 100 26 19 15 6 5
527 Nirmal Kumar Gali 6 98 19 14 12 9 8
528 Luwei Zhao 5 98 31 28 15 14 9
530 Jing YU 6 96 17 14 13 10 6
532 Li, LING 5 94 28 25 14 6 5
534 Ming Cheung 5 91 25 20 5 5 5
535 Zoya Sadighi 6 90 35 10 9 9 7
536 Joshua Derman 4 90 47 18 12 8 3
538 Tat Koon Koh 4 89 37 18 15 12 3
539 Mohsin Ali Soomro 5 89 33 17 12 9 6
540 Cui Guo 5 89 25 25 9 7 6
541 Jianqiang Hou (Derek) 4 88 60 8 8 6 3
542 Wenchao WU 4 87 30 26 13 6 3
545 Simon Wun 6 86 19 15 14 8 8
547 James Tsz Fung WONG 6 81 16 16 13 12 11
552 Amuda James Abu 5 77 21 15 10 10 5
553 Xiao Yan Xu (许霄琰) 5 77 28 12 11 10 5
554 Mahsa Jalali 5 75 27 23 7 6 5
556 Yuan Gao (高源) 5 74 19 10 6 6 5
557 Siyang Zhong 6 74 17 16 11 8 6
559 Yonggen Liu 5 73 27 15 5 5 5
560 Anastasios I. Giouvanidis 4 73 28 17 16 4 3
561 Bo Sun 5 72 17 14 10 9 7
562 Mengqian Lu 4 71 27 16 10 7 4
563 Xun Wang 5 71 16 10 7 6 6
564 Derrald Stice 3 70 58 4 4 1 1
566 Laureano Moreno Pozas 5 68 27 7 7 6 6
567 Huan Zhao 3 68 45 13 3 2 2
568 Rayees Ahmad Rather 4 68 19 17 16 11 4
569 Chuck-jee Chau 5 66 17 14 9 7 6
570 Huang Yao Tung 5 66 14 14 8 6 6
571 Xiaowei Zhang 5 66 15 12 11 8 7
574 Syed Mohsin Abbas 5 64 21 11 11 6 6
576 Dario Bertero 5 64 15 13 10 9 5
578 Tongfeng Weng 5 64 23 18 8 5 5
579 Irfan H. Abidi 5 63 16 9 8 6 5
580 Constantine Spandagos 4 63 31 14 11 6 1
581 Guangyuan Lu 4 61 18 11 9 8 4
584 Richard Hannis Ansah 5 60 11 11 8 6 5
587 zhang shengyuan 3 60 25 21 7 2 2
592 Lam Ki Tat 5 56 20 13 5 5 5
593 Abhishek Tyagi, PhD 4 56 16 10 6 5 4
596 Qing ZENG 3 56 29 12 11 1 1
597 Meriem Beloucif ( مريم بلوصيف ) 4 54 18 17 8 6 2
598 Moaaz Ahmed 5 53 8 8 7 6 5
600 Anik Dey 4 52 20 13 7 4 2
601 Lu Zongli 5 51 17 11 8 5 5
603 Meenatchidevi Murugesan 2 51 38 10 2 1 0
604 Haoran LI 4 51 13 8 8 5 4
605 Yong Wang 4 51 18 12 10 7 3
606 Dong Xia 4 51 16 10 9 5 4
607 Daisy Yan Du 4 50 21 6 4 4 4
608 Thomas Bourveau 4 50 17 9 8 8 3
609 Wenxin Li, Post-Doctoral Fellow 4 49 11 8 7 5 3
613 Thiruni Liyanage 5 48 12 6 6 5 5
614 Angus K.F. Cheung 3 46 18 9 8 3 2
615 Dongshi GUAN 3 46 25 9 7 2 1
617 Benjamin T. ZHOU 3 46 29 11 3 3 0
621 Hye Jee Cho 4 43 16 13 7 7 7
622 Fan Zeng 3 43 31 5 3 2 2
624 Subrota K. Mondal 4 42 9 6 5 5 4
625 Chan, Hoi Wing 3 42 22 10 6 3 1
628 Ronald K. Mo 4 41 16 9 5 4 4
630 Bingpeng Zhou 5 41 11 7 7 5 5
631 Shuai Zheng 4 41 17 11 8 4 1
634 Si Zhu 4 40 13 10 8 6 2
635 Wei HE (何伟) 4 40 11 8 5 5 4
636 Chi Man Leung 4 39 16 11 4 4 1
639 Zhanshi Yao 3 39 18 13 3 2 2
640 Syed Faraz Ahmed 4 38 11 9 8 4 3
642 Sean McMinn 3 37 14 8 6 3 2
644 Yun Wang 3 37 13 5 4 3 3
645 xuelin zhang 4 36 9 9 8 4 3
647 Pan Yang 3 36 11 11 8 2 2
651 Farhad Bin Siddique 3 35 13 9 7 2 2
653 Yang Li (李洋) 4 35 13 7 6 4 4
658 LYU Ximin 4 33 8 6 5 4 4
663 Minwei Xie 4 30 12 6 5 4 2
667 Yi Tan 3 30 9 6 6 3 2
671 Ji Yeon (Jean) Hong 3 28 8 7 7 2 2
672 Sunbin Deng 3 28 9 4 4 3 3
673 Xiaopeng Li 3 28 16 5 4 3 0
674 jenny leigh smith 3 28 18 5 3 2 0
677 XIA Zhihe 3 27 9 4 4 3 2
678 Ziran Ye 3 26 6 6 4 3 2
679 Yonghoon G. LEE 2 25 14 10 1 0 0
682 Chien-Sheng Wu 2 25 13 9 2 1 0
684 Minglu Xia 3 24 8 6 5 3 1
690 Lin YANG 3 23 7 5 4 2 2
692 Wei Xu 3 23 7 6 3 3 1
696 Xuesong Li 2 20 14 2 1 1 1
699 Suwen LI 2 20 10 6 2 1 1
709 Ahmed Zubair 2 18 4 3 2 2 2
729 Yingzong Liang 2 13 6 2 2 1 1
732 Ghee Leng Ooi 2 12 5 2 2 1 1
755 LU Shuhao 2 9 5 4 0 0 0
763 Coskun Dizmen 1 7 4 1 1 1 0
813 Veronika Cencen 1 1 1 0 0 0 0
