1 Ding-Xiong Wang 84 45143 4235 802 781 733 726
2 Lee Li (李黎) 64 32349 1127 365 344 337 334
3 Zhou Sheng 52 20271 2710 1842 300 182 182
4 Hai Jin 54 14762 451 389 377 314 265
5 Lin Liu 41 14150 2076 1943 1777 920 719
6 Junqiang Sun 48 13969 1164 689 398 386 333
7 Huayao Li 李华曜 52 13474 1160 432 196 190 159
8 Xianluo Hu / 胡先罗 57 13370 900 667 608 555 480
9 An Pan 55 11596 729 567 449 444 414
10 Tianyou Zhai 58 11399 740 441 395 350 286
11 Qingming Luo 51 10116 373 249 234 218 218
12 Wei Liu 刘伟 41 8561 2522 183 138 124 113
13 Guo Zhaoli 39 8541 1186 638 551 512 416
14 Dawei Liu 38 8199 576 221 194 187 158
15 Peixiang Lu 45 7974 163 160 156 137 122
16 Yanqing Wu 38 7823 816 763 753 631 536
17 Jinwen Tian (田金文) 36 7209 244 236 194 151 140
18 Ying Wu (吴颖) 44 7122 535 488 420 414 254
19 Wenyu Liu 38 7022 507 485 455 441 380
20 Shi Baochang 33 6801 1186 638 512 414 375
21 Song Wu 27 6733 314 172 146 127 94
22 Xiaolin Xie 40 6703 1562 362 313 218 174
23 Xiang Bai 42 6329 444 403 386 380 254
24 Hongwei Han 36 6314 1475 424 326 263 194
25 Boming YU 42 6195 453 354 318 226 214
26 Zhigang Zeng 43 6095 236 225 224 158 150
27 Kaifu HUO 40 5796 467 382 298 263 242
28 Bao Yu Xia 32 5779 520 512 415 372 349
29 Bien Tan 37 5528 473 337 273 269 254
30 Xinliang Zhang 36 5488 131 120 87 84 76
31 Yongming Sun/孙永明 35 5411 476 465 414 320 271
32 XIAOBING LUO 39 5332 291 164 164 139 131
33 Jiabing HU 41 5328 379 221 207 201 178
34 Bin Hu (胡彬) 29 5307 701 480 445 381 298
35 Jinyu Wen 31 4920 422 375 186 184 153
36 Xu Gang 22 4920 890 778 714 674 304
37 Yu Xue 33 4792 536 356 280 270 201
38 Xianfu Wang 34 4610 695 530 259 231 227
39 Liang GAO 37 4565 378 240 176 154 138
40 Linqiang Pan 41 4555 190 137 134 126 123
41 Deli Wang 31 4320 908 358 258 213 188
42 Bo CHI 35 4095 236 140 132 105 100
43 Qing Li (李箐) 33 4089 300 250 224 219 214
44 Qiang He 27 3991 872 325 157 116 94
45 Chun Zhang 35 3872 240 193 181 152 142
46 Chengliang Wang 23 3624 1880 254 137 123 116
47 Yu Hu 26 3491 564 270 264 119 107
48 Xiaohu Ge 28 3377 338 310 276 173 133
49 Bing Wang 26 3264 619 279 245 225 179
50 Jianfeng Zang 24 3224 590 429 331 185 183
51 Changqing Chen 26 3202 374 240 199 191 173
52 Peihua Yang 22 3142 555 533 382 294 241
53 Bangyin Liu（刘邦银） 15 3137 1061 554 266 244 238
54 Jiakuan Yang 31 3135 193 186 125 120 112
55 Yi Xiao 28 2949 205 168 137 125 114
56 Haibo Zhao 30 2936 105 98 90 85 82
57 Songnian Fu 26 2868 120 104 89 84 66
58 Zhen-li Huang 33 2848 197 184 158 130 98
59 Fangming Liu 30 2810 241 241 175 158 121
60 Qizhen Sun 27 2790 184 119 107 104 101
61 Guo Zhang 18 2773 993 446 194 173 133
62 Bin Shan 26 2760 409 256 236 150 127
63 Ming-Qiang Zhu 26 2691 441 361 138 133 91
64 Qian Liu 29 2674 218 147 116 97 77
65 Pengfei Lan 29 2666 203 199 160 160 81
66 Xinge You 30 2623 196 140 112 105 104
67 Xiaojun Hei 17 2586 1322 230 224 154 68
68 Qiangsong Tong, M.D. Ph.D. Professor, Chief Physician 28 2573 125 112 109 107 88
69 Sheng-You Huang 26 2560 280 259 230 137 114
70 Xiang-Ping Yang 16 2477 993 436 189 171 162
71 jun wu 23 2436 293 230 141 128 115
72 Jianfeng Liu 26 2408 195 187 176 150 122
73 Xiaofei Liao 20 2371 451 389 265 213 110
74 Feng Zhu 29 2365 288 130 121 90 76
75 Lianbin Zhang （张连斌） 19 2358 471 297 213 183 167
76 Prof. Wei-Hua Chen (陈卫华) 20 2280 436 392 258 223 168
77 Yin zhouping 22 2275 136 123 119 115 102
78 Jun Ma 22 2273 548 395 180 173 155
79 Bang Wang (王邦) 21 2259 355 172 132 132 128
80 Wei Xu 23 2185 213 137 103 84 76
81 Lin WANG (王林) 26 2179 246 235 150 123 76
82 Ruixuan Li 24 2163 72 61 59 55 47
83 Fangrui Zhong 23 2160 326 221 154 138 111
84 Ling Miao 26 2141 176 139 91 81 81
85 Guangda Niu 18 2136 684 560 81 74 69
86 Jianji DONG 25 2129 120 84 70 67 59
87 Huabei Liu 26 2071 117 108 94 77 73
88 Ming Gao（高明） 25 2036 247 193 130 79 79
89 HE XIMIAO 10 2026 800 478 167 116 107
90 Ming Tang 22 2025 89 84 66 63 52
91 Guang Feng 25 2003 186 152 129 109 102
92 Yanchun Li 20 2000 700 144 132 114 67
93 Minghu Pan 21 1999 424 226 173 92 91
94 Jun-Wei YAN 23 1996 107 104 102 79 60
95 Nuo YANG 20 1956 270 235 224 209 161
96 Chunze Yan（闫春泽） 20 1900 232 207 158 131 118
97 Shiping Wen (温世平) 24 1858 236 133 132 115 101
98 YongAn Huang(黄永安) 20 1847 255 224 148 136 91
99 Peng Fei 16 1785 533 219 140 130 121
100 Kang Ning 21 1782 187 159 147 125 114
101 Wenbing Tao 18 1775 377 244 193 119 101
102 Qingbin Zhang 23 1759 81 76 74 74 58
103 Xin-You Lü 23 1719 243 156 99 84 83
104 Jian Huang 20 1713 153 113 110 68 65
105 Zhi-Chun Li 21 1694 147 141 139 128 72
106 Guangzu Zhang 21 1666 268 148 126 77 67
107 Mohammad Raihanul Hasan 17 1655 273 266 220 129 127
108 Li Li 22 1591 149 114 110 81 76
109 Jing Tao Lu 21 1582 411 76 75 72 72
110 Long You 13 1554 346 261 188 178 143
111 Jianliang Wang 17 1552 339 144 125 97 96
112 Peijing Zhang 17 1540 216 136 134 126 109
113 Yu Yu 17 1540 48 45 34 32 25
114 Weihua Lei 21 1518 117 107 83 78 77
115 Zhaohui Liu 22 1518 107 85 62 61 50
116 Jumpei Takata 24 1510 91 82 75 66 62
117 Xuanhua Shi 17 1490 314 146 85 61 43
118 Min Ouyang 18 1489 332 226 110 89 76
119 wenqiang Liu 20 1453 177 175 168 123 68
120 Bin LIU 17 1425 188 174 174 173 94
121 Xue-Feng Zhu (祝雪丰) 18 1400 137 135 121 110 85
122 Zhenhua Chai 19 1379 127 110 83 70 56
123 Junjun Liu 21 1368 206 152 69 59 46
124 Qing Ding 12 1359 642 237 87 70 63
125 Rong Chen 19 1356 108 101 100 85 59
126 Weihua Guo 20 1350 177 96 62 52 51
127 Guanglan Liao 19 1346 108 60 58 56 55
128 Yueming Zhou 23 1337 137 81 73 67 67
129 Xinggang Wang, 王兴刚 18 1331 156 137 96 91 86
130 Zongping Wang 17 1285 206 168 135 96 55
131 Xinyu Li 19 1252 176 93 89 73 71
132 Zhihua CHEN 19 1234 141 57 56 45 37
133 Zhenxing Wang 19 1231 338 100 69 65 56
134 Menghao Wu 21 1222 115 95 91 87 80
135 Ruixuan Li 17 1208 59 47 45 44 43
136 Wei Yao 16 1200 186 153 145 80 58
137 Fang-Fang Li 20 1192 154 151 106 90 72
138 Haikun Liu 14 1187 389 389 265 110 90
139 Bao YuKun 20 1181 121 88 77 76 65
140 Jing Xu (徐竞) 19 1171 143 120 84 70 59
141 Chaoshun Li 18 1165 211 91 86 77 60
142 Tao Han 11 1157 338 310 101 81 78
143 Tanyuan Wang 13 1149 238 204 154 110 92
144 Yu Hua 18 1148 164 75 64 50 49
145 Kai Zhang 13 1146 432 170 106 93 48
146 Hongbo Yu 18 1135 216 121 119 69 64
147 Fuke Wu 20 1115 89 70 70 55 52
148 Run Hu 18 1112 126 90 84 84 67
149 Shiyuan Liu (刘世元) 17 1107 123 90 58 54 44
150 Fuwei Zhuge 20 1095 153 115 73 59 51
151 Xuelin Wang 20 1077 158 61 56 44 42
152 Kong Dongmin (孔东民) 17 1068 97 73 48 47 32
153 HAO Yi 13 1065 388 131 124 102 69
154 jing gong 14 1044 264 182 99 93 57
155 Dongyuan Shi 15 1042 108 58 54 44 43
156 高亮 15 1026 160 88 86 83 65
157 Hefei Ling 15 1021 319 39 31 27 27
158 Hui Yang (杨辉) 15 1019 152 140 127 91 68
159 Qing Yang 19 1013 90 78 77 66 59
160 Li Jian 17 1011 58 54 54 52 47
161 Yongbo Xue 18 994 39 37 31 30 29
162 Lingfang Zeng 13 991 197 116 100 74 63
163 Shangbin Chen 16 989 217 90 43 43 42
164 Liming Chen, Ph.D., Professor 14 967 204 188 117 68 41
165 Song Li 20 961 88 76 64 62 50
166 Wei Chen 12 956 485 97 76 64 43
167 Yuan-Chuan Zou 18 947 107 93 74 74 66
168 Ping Wang 16 930 246 121 72 57 50
169 Liu-Gang Si (司留刚) 18 925 96 63 61 60 54
170 Cong Luo 18 925 88 78 71 65 43
171 Dong Jiang 17 920 119 78 74 70 50
172 Yanbin Tang 15 918 79 63 59 46 37
173 Pengfei Li 18 908 114 95 83 72 56
174 Lei Deng 14 904 168 64 52 38 36
175 Xingsheng Wang 15 900 197 110 59 56 40
176 Wei Chen 14 888 188 124 69 58 25
177 Yuchong Hu 14 885 196 136 79 72 58
178 Zhenhuan Li 16 880 73 66 54 41 37
179 Li Ren 17 852 52 48 45 41 37
180 zhijun yan 17 841 67 64 62 51 50
181 Ye Yuan 16 839 147 102 84 31 30
182 Xianbo Xiang 16 838 90 88 80 72 46
183 Yunjun Ruan 16 838 176 91 81 48 47
184 Ying Zhou 13 833 154 126 96 85 76
185 Baoguang Shi 11 808 184 123 100 86 79
186 Guangming (Derek)Tao 15 798 108 101 66 62 49
187 NING LI 16 789 124 99 41 37 33
188 Xin Yang 11 783 166 154 67 30 29
189 Anan Li 15 783 218 101 52 43 43
190 Zhaowei Zhang 14 783 79 58 53 49 48
191 Nan Jiang 9 776 319 144 75 62 40
192 Wuzhou Song 14 770 153 89 72 67 58
193 Lin Chen 16 757 80 79 55 51 38
194 Qiubai Li 14 751 139 99 56 53 44
195 Hongping Hu 胡洪平 15 746 132 79 47 40 30
196 Chen Yuntian 12 744 134 114 101 91 73
197 Xiaoping Wang 17 742 59 39 38 32 30
198 Chen Yu 11 740 265 132 110 22 21
199 Hao Lu 11 739 301 184 49 37 32
200 Tao Jing 13 734 141 85 85 54 41
201 Xiaobo Li 11 733 296 100 85 74 54
202 Yong Yang 12 730 163 122 107 101 36
203 xiaoquan yang 18 717 56 47 41 40 39
204 Daoli ZHANG 16 714 62 61 48 40 31
205 Xiaotao Han 14 708 52 46 41 39 37
206 Wenjun Zhang 张文军 16 698 126 70 68 48 43
207 Yang Xiao (肖阳) 13 695 174 65 63 40 38
208 Tao Song 11 693 190 106 72 52 33
209 Tan Yihua 13 693 80 72 64 54 32
210 Cheng Zhang (张诚) 16 689 99 76 59 57 41
211 Jiang XIAO 11 679 184 97 89 70 59
212 Dabiao Liu (刘大彪) 15 675 84 82 50 47 46
213 Liu Hong 13 670 110 84 64 60 50
214 Lichao Jia（贾礼超） 15 666 76 62 54 53 37
215 Lei Zhou 10 665 217 138 135 44 28
216 Feifei Wang（王飞飞） 14 664 107 83 72 47 40
217 Pengchao Xie 9 661 175 137 121 76 27
218 Dongxiao Yu 14 656 111 56 42 32 31
219 QI XIA（夏奇） 13 653 123 70 59 54 36
220 Hong LI 13 648 151 44 36 31 28
221 Shiyong Liu 12 621 114 80 78 63 46
222 Chunming Wang 12 619 56 37 35 29 27
223 Yang Cao 15 614 73 47 45 38 36
224 Liang XIA  夏凉 15 608 132 67 48 46 34
225 Kui XU 12 608 176 55 47 39 37
226 Jianzhong Huang 13 608 85 81 48 35 29
227 Chengliang Lu 14 608 102 62 54 44 42
228 Xiao-Ming Zhang （张小明） 14 605 174 39 35 31 27
229 Ping Jiang 13 604 37 34 31 30 27
230 Wenxi Liang 13 591 184 48 42 36 25
231 Lei Lin 13 586 83 57 51 47 40
232 Pan Gong (龚攀) 14 584 53 51 44 39 28
233 Zhijun Shi 9 579 172 128 95 48 27
234 Wen Xia 12 576 164 64 47 43 31
235 Xiaosong Zhu 16 569 34 30 29 29 25
236 Tao Xiong 10 567 121 88 77 76 45
237 Lei SHANG 9 565 201 108 100 32 32
238 Zhongwei LI 11 556 152 65 46 46 41
239 Kun He 12 554 82 49 41 37 30
240 xiayuanpeng 14 553 67 42 41 37 36
241 Kan-Hao Xue 12 552 67 55 53 49 37
242 Yongbo Wang 9 546 280 74 45 27 24
243 Hu Qin (秦虎) 13 544 95 65 50 29 29
244 Guoping Lin 14 539 46 43 39 39 37
245 Shuhui Li 12 533 98 71 58 40 34
246 Dr. Muhammad Wajid Ullah 13 525 65 48 38 32 28
247 Xing Chen 10 524 70 67 54 48 39
248 Chi Zhang 13 519 60 48 45 40 36
249 Pu ZHANG 12 516 91 80 77 39 36
250 Hui Liu 10 511 216 80 33 29 23
251 Jinghua Sun 13 508 93 34 32 31 30
252 Jinhui Tong 13 506 72 61 41 38 30
253 Wei Deng 13 499 77 63 48 48 47
254 Qi Mo 13 498 71 38 36 35 21
255 Bin Zhu 14 497 57 55 47 41 39
256 Shengyong Pang 11 494 125 56 39 36 29
257 Miao Yu 13 493 70 51 32 30 24
258 Lei Lei 9 492 224 50 43 31 29
259 Shuiqiao Yuan, PhD 12 489 102 49 44 31 28
260 Ningbin Bu 8 485 136 91 72 43 40
261 Bao Zhang 11 484 139 48 47 37 32
262 Yi Li 12 458 147 72 34 28 24
263 YixueHao 9 440 136 54 52 33 32
264 Long Zhu 12 432 44 38 35 34 29
265 Kang Liu (刘抗) 11 431 87 59 45 44 42
266 Chao Chen (陈超) 10 426 54 47 43 37 37
267 Xia Yiyuan 6 425 259 62 40 39 10
268 Lin Gu 10 421 88 58 45 45 37
269 Botao Xiao 9 419 62 61 56 55 32
270 Wei Jiang 12 416 55 38 34 28 25
271 Lei Wang 13 413 47 44 38 35 30
272 Fei Yi 13 409 56 39 34 30 29
273 Haibo Zhang (张海波) 14 407 80 47 28 26 26
274 Wankun Deng 8 400 280 23 19 17 13
275 Bingchuan Liu 12 397 47 43 34 32 25
276 Dong Yan 12 395 44 32 29 28 22
277 Yang Xin 8 394 111 99 33 20 12
278 Yuzhou Li 12 387 60 57 47 32 24
279 Jing Shi 5 380 218 103 27 12 9
280 Kai Yan 11 380 53 52 50 43 42
281 Jiajie Guo (郭家杰) 10 371 62 56 44 38 34
282 Yue Hu 10 370 71 57 46 30 25
283 Jianfeng Xu 10 366 128 35 23 21 21
284 Chengcheng Gui 10 365 82 29 22 19 18
285 Weng Shun 11 360 95 61 26 23 22
286 HUA LI 11 358 32 30 29 24 20
287 Dongfang Li 11 358 42 28 27 26 24
288 Wenshan He 11 358 105 32 30 28 26
289 Zijian Zhou 12 357 57 41 31 22 22
290 Pramod K.Kalambate 10 356 90 83 49 34 27
291 Ya-Fei Shi 9 353 71 63 63 44 34
292 Xiaoqiang Ma 9 349 61 58 33 32 29
293 Zhihua Chen 11 346 56 37 34 30 23
294 Yibo Han 9 346 90 39 28 25 24
295 Xiuguo Chen (陈修国) 12 345 44 30 27 23 23
296 Renchao Jin 8 345 46 40 36 32 19
298 huajun sun 7 341 147 72 34 24 17
299 Sixing Xiong 11 340 41 38 30 27 27
300 熊琦 11 339 29 29 26 22 20
301 Jing Liu (刘京) 11 335 57 48 37 34 27
302 tiefeng liu 11 333 61 41 38 27 27
303 Jing Wang 7 331 128 101 27 20 18
304 YI WANG 10 325 74 47 43 39 30
305 Wei WANG 11 321 28 28 26 22 21
306 Haiyong Wang 10 317 62 50 42 27 25
307 Hai-Jiang Wang 7 316 128 58 44 24 24
308 Min Fu 9 308 64 47 43 31 30
309 Changxin Gao (高常鑫) 10 307 23 21 21 16 16
311 Jiangchao Wang 10 305 52 35 26 25 22
312 Xiuquan Ma 9 304 91 57 31 20 18
313 QI ZHOU 11 304 30 27 23 22 22
314 Junhui Hu 7 303 89 55 44 41 35
315 jie yu 8 301 110 32 32 30 22
316 zhengbiao guo 9 292 65 37 34 22 17
317 Longwei Ding 7 291 194 40 15 14 9
318 Bosheng Song 10 291 72 23 18 18 18
319 bin dai 8 290 57 53 35 30 25
320 Zhen Zhang（张臻） 11 288 30 30 29 29 22
321 Lixin He 10 283 48 30 25 24 22
322 Jinjun Qiu 11 279 36 25 21 18 18
323 Yi Zhong 8 278 74 46 28 24 20
324 Mingxing Gong 龚明星 8 275 92 41 39 30 27
326 XU ZHI LIN 9 258 52 47 27 25 15
327 Jun Liu 10 257 35 34 21 15 14
328 Yongchao Xu 9 256 53 35 29 27 23
330 Kun BAI 8 255 62 39 34 33 18
331 Tian Chong 10 250 72 36 26 18 16
332 Peng Xu 7 248 117 28 28 13 13
333 LU WENLONG 9 242 31 17 16 13 12
334 Youyu Jiang 10 242 28 28 27 24 18
335 wuqiong 6 240 84 52 30 9 9
336 Xuefei Li 8 235 85 40 19 17 16
337 Cheng Zhou（周诚） 7 234 53 49 40 33 20
338 Wenai Shen (沈文爱) 8 233 90 35 29 13 13
339 Cai Fu 6 227 78 20 10 10 10
340 Shuyuan Xiao 9 221 48 33 29 28 18
341 Wei Wei 7 218 84 48 17 13 12
342 Yi Chang 7 218 41 41 31 26 26
343 Wei Luo 8 218 41 40 21 17 15
344 Songze Chen 8 215 85 32 28 17 12
345 Leigang Li 9 215 25 21 15 12 10
346 Chen Zhang (张臣) 9 212 30 25 22 22 20
347 Lei Ouyang 8 212 60 30 29 29 18
348 Ke Shi 8 211 58 21 21 19 18
349 Qiqi Tian 9 207 67 22 21 18 15
350 Jixiang Yang 8 207 57 47 22 16 13
351 Bin Yang 6 206 101 60 9 7 7
352 Mengfan Cheng 7 205 38 31 16 14 13
353 Minming Zhang 7 201 14 13 11 11 11
354 黄建忠 8 201 28 26 15 14 12
355 Chun-Jie Liu 4 198 78 57 21 18 4
356 Sen Li 9 196 39 34 17 16 13
357 Dr. Zhenghong Yu 6 194 65 49 20 11 10
358 Xuezhu Ren 9 183 32 20 20 16 13
359 Yong-Liang Xiong（熊永亮） 7 178 12 12 12 10 10
360 Hao Jiang 9 177 27 23 18 13 12
361 Ruoxu Wang 7 174 30 25 23 19 12
362 Huawei Chang 7 172 38 34 26 17 16
363 Xianbao Duan 6 171 88 29 12 10 9
365 Haitao Wang (王海涛) 7 171 48 28 28 19 15
366 Xiao Liu 7 167 29 25 15 15 11
367 Kai Zhong 5 165 46 46 20 17 8
368 Chaotan Sima 7 164 43 30 18 10 10
369 Wei Wang (王溦) 6 164 48 33 28 19 17
370 Xicheng Yan 7 162 48 33 29 18 12
371 Nengchao Wang 8 161 30 25 17 16 12
372 Yulai Xie 6 158 42 32 25 24 11
373 Jing Du 8 156 31 18 13 12 12
374 Yongkang Gai 7 153 47 33 16 14 12
375 Mi Xiao 6 153 58 22 19 11 9
376 Bo Sun 4 152 60 51 28 5 4
377 Zhiyuan Xu 6 152 40 38 25 10 9
378 Jiaming Li 7 150 21 19 17 16 11
379 Yukun Zhou 7 150 43 31 20 18 15
380 Zhixiong Gong 7 149 30 19 16 15 14
381 Xiao Chen（陈肖） 7 149 34 25 19 16 13
384 Liang Li 6 144 41 29 23 16 8
385 Yu-Gui Peng 5 143 76 20 18 14 6
386 Xiaoqiang Zhou 7 142 56 18 15 9 9
387 Hu Zhang 5 142 58 37 22 9 9
389 Hongxing Guo 7 135 24 22 12 8 8
390 Dr. Muhammad Asif 7 134 21 21 20 19 15
391 Haiyang Fang 7 132 19 16 13 13 11
392 Qilin Xiong 7 132 28 12 12 8 8
393 Xiaoyang Wan 6 131 60 17 16 15 11
395 Xiao Hu 7 128 45 14 12 11 10
396 Zhiheng Hu 3 127 58 37 22 3 2
398 Yifan Zhao 6 124 50 13 12 12 9
399 Yang Peng 6 116 33 18 18 7 6
400 Junjun Guo （郭军军） 4 114 44 21 18 13 3
401 Zhipeng Lai 6 113 18 17 14 12 11
402 Yaxin Zhu 5 113 37 31 16 13 6
403 Yanjun Zhu 6 111 19 14 14 12 11
404 Siqi Yan 6 111 30 20 13 8 7
405 Dong-sheng Xu 4 108 40 29 13 10 3
406 Xuepeng Fan 3 106 66 31 3 2 2
407 Xueming Liu 6 105 24 22 17 17 10
408 Dan Yang 6 105 20 12 7 7 7
409 Donglin Ma 5 104 36 24 14 6 6
410 Chunlei Sun 6 104 23 20 16 11 11
411 Yajiang Ding 5 103 39 20 15 6 6
414 Huijuan You 5 98 35 34 15 6 5
415 Weiqi Dai 6 98 24 20 9 9 8
416 Zeng Liu 4 97 32 28 19 4 4
417 Qing Liu 4 96 64 15 10 4 3
419 Xinbiao Xu 5 92 30 24 11 8 6
421 Zhi Yang 6 90 28 14 12 12 10
422 Cai Chen 5 90 41 23 6 6 5
424 Wenbin Chen 5 89 31 21 12 6 5
426 Mengbing He 6 86 15 15 15 12 8
427 Zhichun Yang 5 86 42 9 8 7 6
429 Hao Li 5 82 18 15 14 8 5
430 Zunxu Liu (刘尊旭) 6 80 22 14 12 8 7
431 Zhi Zhang 6 78 18 13 12 11 8
433 cai lin 5 74 23 12 12 10 7
434 Peng Chen 5 74 18 14 11 8 6
435 Li Lin 4 74 34 34 12 11 8
436 Jingdong Ma 5 73 29 10 8 8 6
437 Wen LV 6 72 19 9 9 9 8
438 Kemal Mohammed Zeinu 5 72 18 15 13 7 6
441 Aiqun Huang 3 70 34 24 5 3 3
442 Hao Lu 5 70 14 12 11 9 8
443 Xinda Huang 6 70 19 9 8 7 7
444 Jiaqi Yang 4 70 34 13 7 7 4
446 Jianye Chen （陈建业） 5 68 15 12 10 10 6
448 Changming Liu 4 68 34 11 7 5 3
450 Jie Wu 6 67 12 10 10 7 7
452 Ming-Feng Ge 4 67 25 16 9 5 4
453 Tao Huang 4 67 23 19 11 4 3
455 Zhiqiang Qi 3 65 33 18 4 2 2
456 Peng Tang 5 65 20 13 10 10 7
458 Cong Liu 6 64 12 12 10 9 8
459 Junjie Li 6 64 14 10 10 8 7
460 Donghai Zhu 3 61 29 20 4 3 2
462 shijun chen 5 58 19 10 9 6 5
463 Xiang Jian 4 58 19 9 8 5 4
466 Xianyin Duan 4 56 33 11 7 4 1
468 Mao Zhang (张茂) 5 55 19 9 5 5 5
469 Yichao Li 4 55 23 13 7 7 2
472 Tingting Liu 4 53 29 10 6 5 3
475 zhiwen fang 4 51 14 10 7 6 4
476 Meng An 5 50 11 10 9 8 6
477 Zhishan Li 4 50 21 7 5 4 3
478 Chong Peng 4 50 13 7 5 5 4
482 黄双 4 47 17 16 4 4 2
483 Huafeng Liu 5 46 12 11 9 8 5
486 后青松 3 45 37 4 3 1 0
487 Yajun Ruan 4 45 14 8 7 6 4
489 Tiaoyang Li 4 44 16 10 8 6 1
491 haibao chen 4 43 16 9 5 4 3
493 Xiaojun Lin 4 42 19 9 5 4 2
494 Huibin Zhou 4 41 10 6 6 4 4
495 Qiang Xiao 4 41 14 11 10 6 0
500 Jiale He 3 37 11 6 6 3 3
503 Yali Sun 3 36 27 4 3 1 1
506 Ke Xian 3 35 14 8 7 3 2
508 Liang Qiu 3 34 12 8 3 3 2
510 Yayun Cheng (程亚运) 4 33 12 6 5 4 3
511 lei yuanjie 4 33 8 7 7 5 3
512 xiao chen 3 30 17 4 4 2 2
517 Haifeng Hui (惠海峰) Associate Professor 3 29 10 8 3 3 2
519 Xiong Xiong 2 29 16 8 1 1 1
520 Fan Hu 3 29 18 3 3 2 2
523 侯胜超 3 27 4 4 4 3 2
525 Pengfei Zuo 3 27 8 6 4 3 2
528 Zetian Xu 3 25 11 6 3 3 2
533 Xuan Ma 2 22 6 3 2 2 2
536 Song Zhu 2 21 11 4 2 1 1
542 Yang Lu 3 20 6 5 4 2 1
548 Zhang Luo 3 18 5 3 3 2 2
550 Jie Liu 2 18 4 4 2 2 2
551 Hanling Long 3 16 4 4 3 2 1
552 S.A kamran 3 16 6 5 3 2 0
555 Jianing Lu 3 15 7 3 3 1 1
557 Weijie Chang 2 15 6 4 2 2 1
568 董朝（ZHAO DONG） 2 12 4 4 2 2 0
573 Sarfaraz Ahmed Shaikh 2 11 5 2 2 1 1
590 GuoMin Zhan 2 9 3 2 2 1 1
592 Zhixiang Cheng 2 9 4 2 2 1 0
619 Zhijuan Zhu 1 4 4 0 0 0 0
