1 Byungsik Hong 156 124192 18010 3612 3389 3069 2980
2 Heenam Stanley Kim 128 113201 4010 3983 3956 3478 3105
3 Eunil Won 124 64269 3922 3006 1868 1809 1744
4 Kim Joong Hoon 85 49736 4009 1580 1429 544 470
5 Hae-chang Rim 72 37589 2065 1038 798 442 441
6 SangHoon Lee 83 34376 1182 836 634 525 432
7 Lee Jong-Wha 48 32494 7390 5210 3942 3173 1775
8 Heon Lee 85 26555 444 351 338 325 295
9 chol shin 72 20193 810 472 333 326 270
10 Hyun Geun Lee 61 19710 936 725 542 444 432
11 Jun Hong Noh 38 19142 3086 2880 2523 2217 1780
12 Johnmarshall Reeve 49 17961 2610 1194 1107 1004 786
13 Youngsoo Park 53 15663 2718 2715 579 385 371
14 Sang Hyuk Im 45 14101 2217 1780 817 659 632
15 Jong-Heun Lee 60 13577 957 577 518 404 328
16 Yun Chan Kang 55 12670 280 279 236 232 218
17 Minhaeng Cho 56 12329 1034 629 613 360 340
18 Seong Tae-Yeon 57 12242 558 336 257 228 174
19 Cheol Jin Lee 61 12071 1268 484 455 338 290
20 Hyun Kyu Song 35 11230 6455 460 333 306 238
21 Yong Sik Ok 48 10797 1026 673 414 220 187
22 sun wook hwang 34 10409 2008 1437 1110 631 505
23 Bong Rae Cho 51 10136 659 459 459 328 303
24 Jae-Hong Kim 53 10120 381 348 266 235 226
25 Sung-Joon Lee 32 9822 6455 165 146 138 128
26 Dong-Wan Kim 48 8682 1741 518 316 245 173
27 Jong-Tae Lee 28 8504 1274 1272 1137 855 655
28 Cheolbeom Park 34 7963 2041 914 611 397 301
29 Seungkwan Hong 39 7874 1190 898 521 454 372
30 Wonjun Lee 34 7573 514 410 334 211 193
31 Mimi Bong 25 7472 1735 659 652 591 518
32 Ji Hoon Ahn 31 7249 1287 1074 655 446 414
33 Myoung Gyu Lee 36 7209 274 274 210 202 200
34 Q-Han Park 44 7081 424 373 270 251 244
35 Inkyu Lee 40 6978 317 211 211 210 191
36 Ki Bong Lee 26 6849 183 157 132 100 77
37 Kwangyeol  Lee 38 6689 494 393 307 306 269
38 Sang Jun Sim 45 6648 372 227 217 200 191
39 Sung-Jea Ko 31 6571 1419 332 304 295 268
40 Joong Hoon KIM 20 6559 4009 372 359 119 106
41 Changsu Han 43 6050 308 260 211 180 150
42 Jihyun Kim 38 5964 1024 412 210 194 130
43 Heejo Lee 29 5881 795 581 544 292 287
44 DONG HOON CHOI 34 5820 305 298 150 139 131
45 Min-Jeong Shin 31 5804 1294 723 487 311 280
46 Hong-Gyu Park 33 5637 843 623 464 288 199
47 Chang Seop Hong 39 5601 737 583 252 132 129
48 Goangseup Zi 37 5583 472 427 285 228 225
49 Yun-Jae Kim 36 5561 148 106 105 101 90
50 Kim Hwan Kyu 43 5533 399 185 167 163 135
51 Jae-Seung Lee 24 5474 1238 446 439 392 370
52 Kyoung Heon Kim 42 5454 299 252 219 192 190
53 Dong Hoon Lee 35 5267 284 198 165 159 141
54 Han Young Woo 37 5134 416 386 287 212 172
55 Kyung-Jin Lee 37 5129 258 255 201 199 197
56 Seok (Sid) Chung 36 4952 426 359 291 276 177
57 jin-soo kim 32 4871 995 232 216 187 166
58 Dong June Ahn 35 4703 500 318 303 210 188
59 Heenam Stanley Kim 30 4660 1212 386 359 302 300
60 Joona Bang 36 4626 565 296 284 204 182
61 Yong Tae Kang 37 4636 318 290 194 147 123
62 Woong Sun 36 4611 334 327 244 212 195
63 Chul-Ho Lee 31 4557 820 555 473 360 215
64 Chang-Su Kim 37 4533 312 304 178 154 103
65 Man-Seong Park 31 4396 347 307 265 222 217
66 Jeong-hoon Mo 19 4393 1913 584 572 210 207
67 Wonshik Choi 33 4386 666 519 306 208 189
68 Sangjin Lee 31 4322 555 195 160 132 118
69 Yowhan Son 31 4252 1116 213 167 147 94
70 In Hwan Lee 32 4171 130 108 97 94 80
71 Young Jong Kang 29 4105 437 370 340 134 129
72 Jae-Bok Song 33 4080 370 194 99 86 86
73 Lee, Woojin 34 3957 260 200 154 149 125
74 Seungjoo (Gabriel) Kim 28 3863 703 511 150 148 144
75 Gerard Jounghyun Kim 31 3855 680 226 170 154 137
76 Jinhan Cho 30 3840 427 413 213 207 120
77 Heon-Jeong Lee 38 3783 239 180 124 113 102
78 Hyunggee Kim 36 3778 326 146 144 128 125
79 June Huh 33 3769 256 232 228 155 154
80 Min-Kyu Oh 31 3757 759 317 186 175 154
81 Jeong Sook Ha 35 3756 203 157 153 146 122
82 Chung G. Kang 25 3742 1447 101 96 90 73
83 Hyoung Joong Kim 29 3718 523 309 266 204 174
84 Woochan Kim 16 3680 1668 576 319 234 126
85 Byung-Jo Kim 34 3664 286 127 115 113 111
86 Wookbong Lee 30 3649 458 83 83 73 70
87 Kwanho Shin 28 3607 565 372 233 183 150
88 Chongyoup Kim 25 3606 833 430 267 243 173
89 Seong JY 34 3583 249 184 182 153 138
90 Jaesang Lee 33 3552 436 253 220 147 145
91 Hackjin Kim 20 3539 766 378 364 350 344
92 Jae-Sung Rieh 30 3515 328 250 152 141 116
93 Woo Joo Kim 32 3474 125 117 100 95 88
94 Jaewoo Kang 23 3469 494 444 282 276 257
95 Sangheon Pack 29 3431 276 181 174 169 163
96 Yongdoo park 31 3404 415 391 189 168 162
97 Mal-soon Shin 34 3396 231 144 131 123 119
98 Sang Bin Lee 34 3383 291 291 226 193 140
99 Suk-Won Hwang 24 3362 602 512 440 195 164
100 IN-GEOL CHOI 33 3263 252 219 165 140 127
101 Yongjun Sung, Ph.D. 29 3213 442 306 210 159 143
102 Junhee Seok 13 3167 1714 608 354 99 86
103 Woojun Park 31 3139 242 195 132 82 74
104 Sehyun Shin 30 3085 388 107 93 91 91
105 Jae Young Park 25 2985 242 112 106 75 71
106 Hee-Deung Park 28 2976 372 303 207 117 100
107 Christian Wallraven 30 2957 413 107 93 79 77
108 Sung-Joon Lee 29 2895 165 146 138 128 86
109 Byung-Joo Ham 32 2878 128 126 124 117 98
110 Sam Sukgoo Yoon 30 2880 171 64 62 61 60
111 Sang Min Lee 29 2840 171 146 142 128 126
112 Sungpyo Kim 21 2822 399 388 349 329 211
113 Jichai Jeong 25 2785 358 181 134 94 74
114 Kihang Choi 21 2725 374 294 233 169 160
115 Hwi Kim 26 2722 283 207 194 191 145
116 Younghen Lee 19 2689 1070 411 169 126 123
117 Gwonhwa Song 30 2683 120 92 86 84 78
118 Nakcheol Jeong 24 2683 212 193 174 168 159
119 Dr. Suk Joong Lee 20 2619 345 295 281 241 236
120 Gunuk Wang 29 2601 245 165 129 118 106
121 Jae-Ho Chung 27 2596 622 120 120 109 105
122 Sang-Won Lee 28 2579 264 183 180 171 165
123 Dong-Kwon Lim 16 2555 797 647 162 140 106
124 Joon Hyung Shim 24 2554 368 295 143 125 104
125 Min Ju Cho 27 2519 298 144 87 65 58
126 Hong Seokhie 24 2449 555 132 118 114 106
127 Sang-Hee Shim 15 2399 563 270 268 243 227
128 Chang Su Lim 22 2373 262 255 255 255 187
129 Hong Sik Lee 24 2338 340 316 222 177 174
130 Sungnam Park 24 2299 250 241 190 137 129
131 Kunwoo Park 27 2269 224 194 143 78 73
132 KWANGWON LEE 25 2267 190 149 85 85 79
133 HyungJun Cho 24 2246 277 268 131 108 106
134 sungjae choi 24 2249 359 163 135 107 99
135 Jae Yun Moon 14 2189 494 449 449 261 251
136 Cheol Park 14 2138 734 474 278 134 87
137 Soong Ju Oh 21 2134 258 257 233 203 199
138 Woojin Chung 28 2117 103 92 78 78 71
139 Jong-Sub(Jong Sub; Jongsub) Lee 23 2068 559 77 70 53 49
140 Youngjoo Byun 24 2062 171 160 158 128 98
141 Sung Ok Han (한성옥) 26 2034 149 84 71 64 63
142 Dae-hee Lee 21 2017 504 195 145 124 106
143 Heung-Il Suk 22 2013 181 180 163 123 122
144 Minho Jo 26 1979 173 152 100 88 86
145 Jong-Hwan Lee 21 1972 278 224 178 143 129
146 Byung Yang Lee 19 1929 260 228 184 131 122
147 Myoung-jae Lee 19 1832 466 179 125 99 95
148 Hoh Peter In 20 1830 512 92 89 83 65
149 Dongcheol Kim 20 1817 300 217 170 156 144
150 영완 김 23 1814 152 137 129 118 93
151 Jina Choo 18 1810 633 133 88 54 54
152 이인모 21 1791 197 171 113 89 80
153 Young-Hoon Ko 21 1762 136 109 98 77 74
154 yong yeon kim 26 1759 87 83 73 70 68
155 Jong-ho Choi 25 1724 231 102 78 64 64
156 Hanseok Ko 21 1722 66 52 48 45 42
157 Dong-Joo Kim 23 1701 343 205 68 51 45
158 Jae-Ho Han 19 1681 298 116 75 70 65
159 Young Soo Yoon 22 1665 165 119 88 88 87
160 Jong-Keon Oh 24 1614 124 87 71 64 57
161 Jeong-Gyu Kim 19 1613 221 209 180 109 92
162 김효곤 20 1584 292 114 109 75 60
163 Won Suk Choi, MD, PhD 22 1576 117 95 77 73 54
164 keehwan yoo 20 1551 142 126 88 60 49
165 Seungwoo Lee 20 1534 464 156 57 51 44
166 Sung-il Kim 20 1526 197 97 95 87 64
167 Yoo, Chulsang 21 1518 150 78 62 54 41
168 Myonggeun Yoon 22 1516 145 109 109 97 74
169 Bong-june Yoon 15 1513 324 203 168 126 101
170 Heonchang Yu 19 1501 98 89 72 65 61
171 Seung Pil Pack 20 1496 172 124 104 91 86
172 Jinho Jung 20 1489 175 134 100 85 58
173 Byung Cheon Lee 21 1477 149 146 105 103 101
174 Jung Sik Kong 14 1455 428 259 107 105 89
175 Shim Hyun-Woo 22 1447 141 82 68 61 61
176 Jongsuk Song 23 1443 79 78 63 56 41
177 Sungkyu Seo 16 1431 311 311 195 128 124
178 Kwang Seob Jeong 9 1424 1004 193 58 54 27
179 Haejoo Chung 20 1420 190 163 141 72 70
180 Byeongseon Seo - 서병선 9 1401 843 148 125 73 69
181 Myo Taeg Lim 21 1394 123 111 61 48 44
182 Eenjun Hwang 18 1325 98 94 91 70 62
183 Jeong Won Kang 20 1302 89 85 82 58 57
184 Dae Ryook Yang 19 1298 127 116 64 61 53
185 Seung-Keun Park 20 1283 139 96 94 93 89
186 Sunhyuk Kim 18 1255 334 100 91 70 50
187 Kwan-Woo Lee 18 1248 212 151 115 88 85
188 Moon-Soo Lee 20 1245 136 98 77 74 71
189 Jung-Hyun Lee 20 1231 204 105 98 76 64
190 KiHyun Kim 20 1213 78 43 43 43 33
191 Jungkyu Choi 16 1208 204 196 139 96 62
192 Hyun Joon Kim 16 1187 163 160 159 158 53
193 Ohmyoung Kwon 19 1186 154 137 77 73 67
194 Dae-Soo Yang 15 1176 526 81 75 65 58
195 JI JONG DAE 18 1176 165 153 115 86 80
196 RYOO, Hong Seo 9 1160 474 316 104 99 69
197 Jongwon Park 16 1158 152 141 134 128 83
198 Yoon E Choi 19 1152 93 93 90 65 62
199 Jongseong Kim 11 1149 262 188 142 127 112
200 Sang Hee Kim 11 1145 525 177 108 99 53
201 Hugh I. Kim 19 1144 205 82 70 50 46
202 Hwangnam Kim 18 1106 128 52 47 46 45
203 Kwanghyun Kim 13 1087 269 164 157 132 87
204 SOHEE KIM 20 1082 130 92 82 68 64
205 Byoung-Kyong Min 14 1075 224 146 119 78 74
206 Huy Kang Kim 16 1074 85 65 46 42 34
207 Yang Seok Cho 17 1066 399 122 49 38 34
208 Dong-Hwee Kim 13 1064 436 152 102 53 50
209 Kijong Cho 18 1036 72 68 61 52 52
210 Suhng Wook Kim 17 1025 273 131 81 48 45
211 Dongwon Lee 16 1013 220 218 65 52 52
212 Youngho Lee 20 1010 127 58 56 53 53
213 Cheol-Hong Cheon 16 1006 222 85 83 66 57
214 Hyun Wook Jung 18 1007 42 41 39 39 38
215 Yeong Bae Seong 16 1004 169 118 92 92 84
216 Hun Joon Kim 12 998 360 250 81 45 40
217 Honggu Chun 14 995 261 173 84 65 62
218 Seongpil Hwang 16 989 200 147 132 79 63
219 Seung Zhoo Yoon 15 975 161 105 96 86 57
220 Suel Kee Kim 14 973 229 124 90 82 73
221 Jong-Kook Kim 15 973 209 119 78 72 70
222 Jaegul Choo 17 967 135 87 87 64 55
223 Aram Chung 15 966 189 106 106 85 69
224 Hyung-Min Lee 15 963 214 149 101 78 78
225 Sung Woo Chung 17 964 134 72 57 50 49
226 Wonjoon Choi 15 923 176 155 80 67 56
227 Jung-Hwan Kwon 19 918 89 60 58 56 55
228 Hyeonjoong Cho 15 916 308 80 75 34 32
229 Ki Hyun Nam 17 917 142 85 78 68 54
230 Ki Wan Bong 15 914 88 81 77 77 74
231 Jae-Jun Song 18 901 52 37 36 32 28
232 Eui S. Jung 정의승 15 890 115 110 55 46 44
233 Sunshin An 17 887 65 63 32 31 29
234 Pilsung Kang 17 885 151 77 70 70 59
235 Kihoon Han 13 884 177 131 127 65 63
236 soo-man seo 12 865 194 130 88 83 82
237 Chai-Youn Kim 8 846 363 141 69 65 53
238 Nitin Chaudhari 15 842 191 91 88 76 44
239 Se-Hwan paek 15 826 97 95 66 64 52
240 Yong-Geun Choi 15 812 129 115 48 45 45
241 Han Yi 9 800 481 110 34 33 28
242 Seung Hoon LEE 14 793 158 105 64 54 51
243 Hunhee Cho 13 775 128 94 61 61 55
244 Jae-Woong Choe / 최재웅 8 757 175 157 127 79 45
245 Jaehwan Kim 9 742 381 78 67 67 52
246 Sonam Wang 10 722 206 101 94 93 71
247 Yong-Sook Lee 14 704 164 138 56 47 47
248 Man Jae Kwon 15 695 98 90 80 51 51
249 Sudeshna Chaudhari 15 693 164 74 51 49 44
250 Gwang-Hee Lee 14 689 82 65 58 52 38
251 Ik Rae Jeong 12 688 121 109 84 37 24
252 Asif Hasan Qureshi 13 685 139 118 64 33 28
253 Hyungsoon Im 12 673 127 70 68 49 48
254 Seon Wook Kim 14 662 53 45 38 30 29
255 Chan Su Jung 13 646 70 68 58 49 48
256 Lee, Hakeun 12 644 138 112 82 77 32
257 Jong-Woo Han 11 636 304 80 55 52 27
258 SangKeun Lee 11 632 76 56 39 39 35
259 Dukpa Kim 7 623 250 244 32 25 21
260 Hyung-Jin Yang, 양형진 9 618 205 168 31 27 22
261 Jongil Ju 13 615 119 104 64 60 46
262 Doyoon Kim 14 614 67 62 60 49 37
263 Sung Jin Kang 14 606 132 66 38 37 31
264 Gi Jung Im 12 600 63 52 44 40 30
265 Hak Joong Kim 10 598 179 67 62 56 52
266 Byunghyun Kang 10 598 269 85 60 34 21
267 Bhavana N. Joshi 14 594 57 46 38 35 35
268 Jeong-Hoon Park 13 594 143 96 46 44 40
269 Kyung Woo Kim 14 593 95 82 56 50 44
270 Jae-Chan Kim 13 567 82 73 39 38 34
271 김정문 Jungmoon Kim 12 560 82 70 69 47 41
272 Kyu Ran Cho 13 552 59 57 50 49 33
273 Jeong Ji-Eun 9 546 416 20 15 12 11
274 Ji Young Woo 14 538 74 65 53 32 26
275 Dong-Won Jung 12 521 113 77 64 34 27
276 Do-Yeon Kim 14 518 64 41 41 33 29
277 Tae-Wook Kim 10 507 148 133 65 36 29
278 Gi Dae Park 16 499 59 46 39 32 29
279 Heuiseok LIm 11 490 81 35 27 20 16
280 SUNG JU TARK 11 488 91 56 44 34 33
281 Kwang Soo Lim 13 479 96 52 43 32 29
282 Jin-Hwan Kim 9 473 178 76 60 46 38
283 Jinhyung Chon 8 461 263 53 46 17 12
284 Jon J. Moon 8 459 203 102 60 28 17
285 Ingyu Oh 10 446 67 45 41 40 39
286 Bumjean Sohn 5 442 258 144 14 12 5
287 Yu Ra Jeong 9 437 157 82 60 34 31
288 yoonmook kang 8 435 208 108 26 14 10
289 Kee-Hong Choi 10 432 112 64 39 38 32
290 Se-Jin Baek 11 424 111 66 43 39 32
291 Seongwoo Jeon 10 422 85 85 35 20 16
292 Jae-won Lee 8 425 103 85 63 53 33
293 Yesl Jun 8 419 114 60 48 46 43
294 Darae Jeong 11 417 60 56 54 23 20
295 ChongKu Yi 11 416 89 41 40 38 32
296 Dae Hee Lee 12 410 45 32 32 31 29
297 Dong Wan Lee 14 408 44 41 29 25 24
298 Young-Kyu Ju 12 407 66 27 27 26 25
299 Wansuk Choi 7 401 204 76 40 28 18
300 Beelee Chua 11 400 118 36 35 24 18
301 Mingcan Cui 12 400 37 30 27 24 23
302 Byoung Heon Jun 8 397 116 99 59 40 18
303 Hyung Joon Joo 10 397 82 42 40 30 21
304 Byoungjin Chun 4 392 217 113 29 5 4
305 지영 우 11 387 74 65 53 26 24
306 Dong Chul Shim 6 386 198 119 17 14 11
307 Yongha Hwang 9 386 89 60 53 51 46
308 Kwanho Suk 8 382 247 27 25 15 14
309 Hayun Chung 7 382 180 58 43 41 17
310 Seung-Sup Kim 11 378 43 40 40 30 30
311 Mukesh Kumar Yadav 12 377 52 52 48 27 27
312 Jae Woo, Lee 12 376 43 36 32 30 26
313 Sun Ae Kim 11 369 55 35 32 27 22
314 Paik Kyungrock 11 366 72 34 30 26 25
315 Sung-Jo Kim, PhD 11 346 39 38 38 27 20
317 Hyong Seok Park 7 338 86 81 79 33 18
318 Gayaneh Kyureghian 7 329 208 32 14 14 12
319 Han Seon Lee 8 328 96 53 52 36 33
320 Xueqiu You 9 328 85 45 41 33 21
321 Sehee Park 9 327 98 53 37 29 20
322 Hakjoo Oh 10 324 71 47 26 25 16
323 Soonjae Lee 11 321 81 46 31 31 15
324 Taesu Cheong 12 313 37 35 34 31 28
325 Myung Han Hyun 8 307 94 65 42 24 21
326 Seungsang Oh 11 298 46 20 19 19 14
327 Kyu Eon Jung 9 284 51 32 26 21 16
328 Jae-Gu Cho 11 279 20 19 18 17 16
329 JIN IL Kim 9 274 37 31 30 29 14
330 Soo Min, Kim 9 273 105 23 22 22 17
331 Byeongyoon kim 8 272 77 36 32 25 23
332 Hyung Jong Choi 9 272 92 29 22 20 16
333 Park Sangwoo 9 267 41 34 32 30 20
334 Kyu-Man Han 8 259 60 48 42 20 15
335 "Joon seok song" 7 257 75 45 35 30 27
336 Han-Shin Kim 6 255 76 69 40 26 12
337 Seung Ryong Han 7 253 88 55 45 21 15
338 chul-soon lee 7 253 63 51 50 29 23
339 Kiho Bae 12 250 29 23 21 21 17
340 윤성호 8 249 38 26 21 15 14
341 Gun-Ha Kim 10 247 32 28 17 16 14
342 Sangbum Choi, Ph.D 8 247 70 51 40 10 9
343 Amit Sharma 8 247 49 38 30 24 16
345 Kwang Dae Hong 7 242 69 43 32 23 19
346 MoonBae Song 9 230 27 21 19 14 13
347 Beomsoo Kim 6 227 55 55 52 17 13
348 Sanghee Kang 7 224 69 36 26 20 19
349 Min-woo Kim 9 224 40 31 30 14 14
350 Sangyoung Son 8 223 58 39 38 20 20
351 Jong-Hun Park 8 213 38 33 31 25 13
353 Youngin Jeon 8 210 56 25 19 9 8
354 Sung Sik Nam 8 209 24 19 18 15 11
355 Sung-Yong Yang 8 208 64 32 17 14 11
356 Jetendra Kumar Roy 7 207 56 32 31 28 19
357 Dong Young Jang 10 206 29 23 20 17 17
358 Won-Keun Kim 8 203 65 37 24 14 11
359 Yong Sin Kim 8 202 26 26 23 22 22
360 SUNGRYUL SHIM 9 202 25 19 17 13 12
361 Soohan Kim 5 201 147 22 8 5 5
362 Jiyoung Shin 7 201 60 37 19 16 13
364 Haneul Ko 7 200 41 40 26 13 9
365 Jeong hun Kim 8 200 40 30 29 26 26
366 Chul-Hyun Cho 9 200 35 23 18 16 16
368 Tae Su Choi 6 198 82 41 19 12 12
369 InHwan JO 7 197 62 52 34 17 9
370 chang-ho yoon 8 194 41 38 28 17 16
371 Seo-Yeon Hwang 8 191 81 23 16 15 14
372 Soohyun Bae 8 191 45 28 16 13 12
373 Kyu Ho Kang 6 188 74 21 19 12 11
374 Sun W. Park 8 189 31 29 24 23 18
375 Il won Seong 6 187 57 54 32 19 8
376 Inamul Hasan Madar 2 185 177 2 2 2 1
377 Dong-Hun Kim 6 184 105 28 15 9 7
378 Jungwon Kim 6 183 74 24 24 17 16
379 Jun Woo Kim 10 182 23 21 17 16 15
380 Nam Hee Kim 8 182 26 26 15 11 9
381 Kyung Mook Choi 6 178 48 42 32 19 13
382 Young-Seon Lee 8 175 35 30 22 13 11
383 Yongtae Park 7 176 34 31 28 27 14
384 Pengpeng Qiu 7 170 27 25 23 22 21
385 Dae-Youn Lee 8 169 30 28 27 16 13
386 Banseok You 8 168 28 28 28 23 16
387 Heejun Roh 7 167 34 33 28 25 9
388 Gi-yeon Han 7 166 69 29 13 13 12
389 Jongsik Park 9 166 25 23 16 15 15
390 H.-C. Oh 8 165 37 19 19 13 13
391 Jin-woo Jeon 8 165 23 21 19 15 14
392 Guei-Sam Lim 6 164 49 31 21 17 12
393 Sang-Hee Park 7 164 41 28 22 19 15
394 Min-Chul Yang 5 162 57 46 32 15 8
395 Kaushik Bandyopadhyay 7 160 44 28 22 17 14
396 Hansaem Lee 7 157 40 27 21 16 14
397 minkyo jung 6 157 53 28 28 16 10
398 Danial Hooshyar 7 157 27 22 14 10 8
399 Soo-Heang Eo 7 156 26 25 24 16 15
400 Hyun Pyo Hong 8 155 39 28 16 16 12
401 Ali Karimi 8 153 20 19 19 19 15
402 Hoyoung Tang 4 153 133 6 4 4 4
403 Hayoung Hwang 7 150 29 20 18 18 15
404 Abhrajyoti Tarafdar 5 148 51 32 26 13 6
405 Lee jonguk 7 148 29 24 22 17 14
406 JiSu Park 5 148 65 21 21 11 8
408 Jae-Mahn Shim 심재만 7 146 41 26 12 9 8
409 Jungyeon Kim 7 146 31 30 18 12 9
410 Jihoon Son 6 143 58 35 26 9 7
411 Suk Kyu Lee 6 143 31 17 12 9 7
412 Joong hoon Lee 7 143 37 29 26 23 8
413 KWANG-WON PARK 7 141 23 22 19 15 14
414 Changbae Jung 6 139 32 31 23 19 12
415 Youngju Joo 7 139 21 20 17 12 10
416 Key-young Son 6 138 63 14 11 11 8
417 Jaeyoung Kim 9 137 22 16 14 14 11
420 Jae-wook Jang 7 135 46 20 20 16 15
421 Minsoo Hwang 7 134 27 24 23 17 10
422 Min suk Kim 4 132 44 40 37 7 2
423 Daehoon Kim 7 131 20 19 18 15 13
426 Hwanseok Jang 4 129 55 31 29 7 4
427 Yong-Cheol Kim 8 129 19 15 14 13 13
428 선원 이 5 126 42 33 11 6 6
429 David Inhyuk Kim 4 126 74 17 15 14 2
430 Kyunghwi Kim 4 125 93 19 4 4 2
431 Jae-Kyun Ahn 8 124 19 16 13 13 12
432 Jinil Chung 8 124 13 11 11 10 9
434 Bum-Joon Kim 5 121 56 14 10 8 6
435 Kim, Gwang-Sik 7 120 22 19 12 11 10
436 Hee-Kang Kim 6 120 18 16 15 8 7
437 Jeff Holliday 7 119 18 17 11 10 8
438 Ju Hyun Pyun 6 118 34 25 16 11 7
439 Yoo SeokJae 5 116 34 28 24 9 7
440 Dr. Nguyen Tien Khi 7 116 23 20 20 15 11
441 Carl Medriano 5 117 42 31 24 5 5
442 B. Jayachander Rao 6 114 28 19 10 8 7
443 Seul-Ki Yeom 4 114 66 21 14 4 3
444 Tae Hyung Kim 6 114 40 23 17 9 7
445 Dae-Hwan Kim 6 113 28 17 14 14 9
446 Xiaochao Qu 4 112 53 36 6 5 3
447 Sungheon Lim 3 112 89 16 5 2 0
448 Ho Min Lee 4 111 69 8 5 5 4
449 Dongeun Suh 6 111 26 24 14 10 7
450 Yoonsuh Jung 6 109 24 24 19 13 7
452 Binota Thokchom 5 109 27 25 25 13 6
453 Suh-Yong Chung 5 106 25 19 16 13 5
454 Sujin Song 3 106 72 30 3 1 0
455 JEONGSEON EOM 6 102 20 16 14 9 8
456 Hyo Eun Jeong 5 101 46 22 14 8 6
457 Jun Young Choi 5 101 46 9 7 6 5
459 Ramaraghavulu 5 98 35 24 13 10 7
460 Haneul Jin 6 98 22 18 15 12 7
461 Hyun-Jun Choi 5 98 34 25 12 7 6
462 kent lee 4 96 44 23 8 6 4
464 Yong Sik Yeom 5 95 24 20 18 16 9
466 In-Seok Song 6 94 18 16 11 10 7
467 Dongseop Lee 4 93 34 8 8 5 4
468 Chul-Hee Lim 5 93 26 16 7 6 5
469 Suk Won Park 7 92 17 16 11 11 9
470 Raja Majid Mehmood 6 92 15 13 10 10 10
471 Kim, Jeong Do 6 92 36 17 12 9 6
472 Israel Torres Pineda 3 90 63 18 8 1 0
473 Hae Wone Chang 5 88 23 19 7 6 6
474 Jinwook Hwang 4 86 48 21 6 4 2
475 Jin-Sung Park 5 86 24 19 14 8 7
476 Cheoljong Yang 5 87 52 7 5 5 5
477 Jae-Jin Kim 3 86 45 27 6 2 2
478 Jaechoon Jo 5 85 17 13 9 7 6
479 Jeong-Kyu Kim 5 85 22 19 12 11 8
481 Inchul Baek 6 84 19 16 13 11 10
482 Jaedong Lee 4 81 24 9 9 6 4
483 Hyun Joon Chang 6 83 19 16 13 13 10
484 Saebyeok Lee 3 82 57 12 8 3 2
485 Seokyoon Jang 6 83 23 12 8 7 6
486 Kiyeol Kwak 5 81 22 15 13 8 5
489 Jinhyung Park 3 79 53 11 5 2 2
490 Jongyeol Lee 6 79 19 10 10 9 7
491 Kim, Seung-Hwan 6 79 22 11 10 8 7
492 Dong Won Kang 5 79 20 16 11 9 6
494 Kyuha Chong 3 78 40 28 6 2 2
496 Minji Jeon 5 77 33 17 8 8 5
497 Oh Se-Hyeok 3 76 47 16 12 1 0
499 Sung Eun Kim 6 73 15 14 8 6 6
500 Do Won Kwak 5 73 23 15 8 5 5
501 June-Young Jung 4 73 26 14 12 10 3
502 Seongjun Kim 4 72 19 9 7 5 4
503 Ji-hyun Kim 6 71 21 11 10 8 7
506 Seik Kim 6 68 11 11 10 9 8
507 Seok-Jae Kang 3 68 37 14 7 3 3
510 Youngsun Kim 4 66 24 9 8 7 4
511 Kyebyung Lee 4 66 16 9 9 4 4
512 June Hoan Kim 5 65 21 10 9 6 6
513 Justin Jesuraj Periyanayagam 5 65 20 12 11 7 5
514 Sung-Hye You 5 65 12 12 9 7 6
516 Sangwook Park 5 64 12 10 7 7 7
519 Gwon Deok Han 5 63 16 12 9 8 7
521 Dong-Youl Kim 3 61 33 21 7 0 0
522 Yeong Jun Koh 4 61 19 18 9 7 3
523 Seungho Yoo 4 61 9 8 7 6 4
524 Jookyoung Jung 4 61 18 13 12 10 3
526 Hye Won Kim 5 60 16 11 9 7 5
527 Chiho Lee 4 61 27 10 5 4 4
529 Jongsoo Park 4 58 17 14 13 8 4
533 Yong Il Kim 5 56 17 8 6 5 5
534 Xiangzhou Yuan 4 56 16 12 7 5 4
535 Paul Z. Jambor 4 55 14 6 6 6 4
536 Youngpil Kim 5 55 16 8 5 5 5
538 이현섭 4 55 12 7 6 6 4
539 Yong Gwan Song 3 55 36 9 5 3 2
540 Seongkyu Mun 5 55 12 9 7 7 6
541 Cholho Song 4 55 7 7 7 6 4
542 Jaewook Lee 2 55 40 4 2 2 2
543 Jungyun Bae 4 54 14 10 5 5 4
546 Sam-Ho Lee 4 54 24 10 6 5 3
547 Amy M. Kwon 4 53 17 15 6 5 3
550 Jaeho Ryu 5 52 16 6 6 6 5
554 ChangHyun Jun 4 50 12 11 5 5 3
555 Young Hoon Lee 4 50 19 10 10 9 2
556 Seungho Kuk 3 50 27 13 7 1 1
559 SHIN-WOONG PARK 4 48 9 7 6 4 4
560 Jaehoon Choi 4 47 17 11 5 4 4
563 Minsuk Kim 4 46 7 7 6 4 4
566 Jongbok Choi 4 45 25 6 5 5 2
569 Ameha Tsegaye Abebe 4 44 18 11 6 4 2
574 Min-Ho Lee 3 42 18 7 6 3 3
578 진성원 4 42 10 8 7 5 4
581 Taekook Kim 4 39 14 7 5 4 4
583 Seung-Wook Kim 4 39 12 9 4 4 3
587 Munkhnasan Lamchin (PhD) 3 39 26 5 3 2 2
588 Tri M. Nguyen 4 38 13 6 5 4 4
592 Keonyong Lee 3 38 19 8 3 3 3
593 S Oh 4 38 9 6 5 4 4
594 Young Mok Heo 3 39 23 6 4 2 1
596 Sehun Jeong 4 36 12 6 5 5 3
598 Daehyun Kang 3 35 22 5 4 3 1
601 Hyunga Choi 3 35 11 5 5 3 3
602 HyeSung Ji 4 35 10 7 6 5 3
606 Sik Namgoong 4 33 11 10 5 4 2
612 Y Park 3 29 15 6 4 1 1
613 Ayalneh Dessalegn Atnafu 3 30 13 8 4 3 1
615 Tae-Gun Kim 3 30 14 7 3 2 1
618 Hassan Hafeez 4 28 7 5 4 4 3
619 Jaewon Sa 4 28 7 4 4 4 3
629 구영훈 3 25 9 5 3 2 2
630 Chan S. Yang (양찬석) 2 25 17 5 1 1 1
635 Kiho Park 3 23 7 6 6 2 1
636 Younglo Lee 2 23 12 7 2 1 1
637 Young-Duk Seo 2 23 17 2 2 1 1
638 Haram Jeon 2 22 12 6 2 1 1
640 Woong Choi 3 22 8 5 3 3 1
641 EuiJong Lee 1 22 17 1 1 1 1
643 Kyung Ran Hwang 3 21 6 4 4 2 2
650 Seung Jun Shin 3 20 6 5 4 2 2
651 Yun Eui Choi 3 20 5 3 3 2 2
653 Md Moniruzzaman Monir 2 19 15 3 1 0 0
654 Wooyeol Lee 3 19 7 4 3 2 1
660 Hansaem Park 2 17 6 4 2 2 1
664 Ali Zamiri 2 16 3 3 2 2 1
672 Chul-Ho Kim 2 14 4 3 2 2 1
675 Santiago Porras Alvarez 3 14 6 4 4 0 0
678 Soojin You 3 14 5 3 3 2 1
681 Sea Jin Kim 3 13 5 4 3 1 0
685 Khanh Pham 2 12 3 3 2 2 2
688 Soo Min Kim 2 11 4 3 2 1 1
690 Yongsung Kim 2 10 4 4 1 1 0
693 Cong Thuan Do 2 10 4 3 2 1 0
695 Shafray Ekaterina 2 10 4 2 1 1 1
696 Young-Tak Kim 1 10 9 1 0 0 0
705 Jung-Wook Wee 2 9 4 3 1 1 0
706 Kyounggon Kim 2 9 4 2 2 1 0
710 Han Sol Jung 2 8 4 3 1 0 0
715 YounChang Choi 2 7 4 3 0 0 0
721 Sae Won Chung 2 6 3 3 0 0 0
727 김재혁 2 5 2 2 1 0 0
729 Jiae Seo 2 5 3 2 0 0 0
736 Jong-Min Kim 1 5 2 1 1 1 0
748 Sola Woo 1 4 3 1 0 0 0
750 Sou Hwan Kang 1 3 2 1 0 0 0
753 MyeongWoo Lee 1 3 2 1 0 0 0
757 Ksan Rubadeau 1 2 2 0 0 0 0
778 Jin Seok Yoon 1 1 1 0 0 0 0
784 Sang Heon Kim 1 1 1 0 0 0 0
795 June Wee 1 1 1 0 0 0 0
796 Dae Ryook Yang 1 1 1 0 0 0 0
