1 Wang Xingyu 70 34353 1105 1049 705 412 406
2 Chen-Yu Zhang 72 34333 3744 3139 2126 998 971
3 Zhi-Hua Zhou 89 34328 3941 1721 1499 927 837
4 Jun-Ming LIU 54 34151 16114 3525 1165 949 642
5 Hui Zhang 80 31388 7784 2107 1055 728 705
6 Huangxian Ju 92 30327 627 464 448 417 408
7 Chen Wang 58 28125 1557 712 499 486 371
8 Fei Xu （徐飞） 59 21211 423 233 231 229 221
9 Xinran Wang 41 19009 4427 2240 1758 1726 1460
10 Feng Miao 35 17516 8598 1407 991 991 806
11 Yong Hu 39 14539 9575 478 366 294 291
12 Jicai Zhang 54 14003 2502 166 165 164 161
13 Zhang Haijun (张海军) 33 13468 3885 2510 984 778 674
14 Zhaosheng Li 51 11535 1342 1211 886 589 422
15 Shining Zhu (S.N. Zhu) 53 10798 612 539 266 228 226
16 Zheng Hu (胡征) 50 10458 829 477 438 401 327
17 Yang Sun 31 9794 6436 243 127 105 91
18 DESHENG KONG 38 9310 1033 677 645 547 512
19 吴 兴龙 45 8553 1020 300 271 230 181
20 Jing-Lin Zuo 49 7943 253 242 199 186 174
21 Baojun Chen-陈宝君 43 7278 672 421 348 313 265
22 Jianxin Wu (吴建鑫) 32 7211 1721 927 927 630 344
23 Shu Gao 41 7177 496 421 190 160 157
24 Zhenda Lu 42 7116 1018 383 331 287 263
25 Yufeng Hao (郝玉峰) 39 6278 831 632 623 381 232
26 Zhong Jin 39 6039 646 437 362 290 267
27 Minghui Lu 35 5725 583 377 372 319 287
28 Wei Wang 40 5593 313 201 153 150 139
29 Yan-qing Lu 37 5541 307 254 236 157 152
30 Bingsheng He  何炳生 35 5446 528 340 261 251 235
31 Hui WEI（魏辉） 35 5269 734 721 338 296 237
32 Fengqiu Wang（王枫秋） 23 5205 1353 691 474 327 309
33 Sheng Zhong 31 5102 1568 320 243 209 194
34 Huigang Zhang 25 4952 787 596 449 449 328
35 Xiaoyong Wang 37 4708 472 440 305 204 183
36 Junfeng Yang 16 4559 1438 909 496 335 284
37 Zhengtao Deng 32 4545 660 411 299 267 230
38 Ping He 34 4527 405 361 325 312 264
39 Prof. Dr. Zhen Liu 39 4517 158 138 137 130 123
40 Jinming Dong 37 4377 173 162 111 107 81
41 Aijun Ding 36 4284 264 214 203 182 172
42 Yi Zhang 10 4262 1007 967 677 619 505
43 Hong Lu 34 4135 221 214 163 160 156
44 HUI LIU 35 4088 539 200 168 148 110
45 Xiangfei Chen 29 4019 193 149 103 102 97
46 Zhang Shujuan 31 3975 950 313 216 174 153
47 Wenbin Zhu 26 3834 946 240 181 139 129
48 Fei Gao 39 3806 165 141 131 122 105
49 P. F. Chen 31 3718 381 299 251 239 179
50 Shi-Liang Zhu 31 3534 268 226 225 223 215
51 Meng XK 32 3524 179 169 147 140 132
52 Mu Wang 33 3494 141 120 109 106 105
53 shou-jun xiao 28 3346 579 355 233 169 122
54 fei shi 24 3066 277 197 185 151 150
55 Yijun Feng 26 3014 255 154 152 145 136
56 Guohai Yang 24 2908 744 372 261 248 109
57 Liang He 28 2871 338 324 204 154 120
58 Zhi-Wei Sun 29 2833 98 95 80 74 61
59 Peng Wang 26 2824 549 528 152 103 98
60 weiwei zhao 30 2804 294 217 207 183 148
61 Aijun Miao 23 2728 1146 289 155 120 117
62 Rong Ji 29 2682 482 230 81 77 76
63 Bin Liang 24 2662 374 340 190 146 135
64 Limin Wang 20 2653 498 383 341 155 152
65 Tao Li 29 2546 228 148 114 110 103
66 Wei Wang 20 2542 506 190 188 182 162
67 Yi Cao 26 2519 294 186 158 122 97
68 Xie Jin 24 2497 191 190 156 152 147
69 Minghuai Wang 27 2479 287 176 168 142 136
70 Songlin Li (黎松林) 27 2435 210 155 146 146 138
71 Chunfeng Zhang 24 2385 348 157 135 103 93
72 Shouju Wang 22 2383 372 314 264 143 136
73 Xiaoping Liu 25 2333 316 203 175 139 138
74 Xu Leilei 26 2328 194 146 91 76 74
75 chao-sheng tang 25 2324 382 276 141 138 116
76 Xiaomu Wang 26 2322 492 339 192 96 92
77 fanhua KONG 22 2305 407 238 195 134 98
78 Xiumian Hu (胡修棉) 26 2300 165 127 99 91 86
79 Ting Xu 16 2247 700 330 207 119 115
80 Chen Tian 16 2245 1423 101 101 72 60
81 Zhengxing Sun (孙正兴) 23 2230 130 83 83 83 79
82 Fengqi Song 22 2176 410 183 136 112 72
83 Chang-Zhi Wu (吴昌志) 25 2149 142 135 127 89 76
84 Xianping Tao 24 2121 208 116 107 96 95
85 Xiaosong Ma 16 2017 418 361 196 178 172
86 Zhou Yugang 20 2009 512 397 135 92 80
87 Lin Ye 16 2000 569 204 188 174 125
88 huabing wang 23 2000 190 183 172 155 111
89 Yu-Feng Li 17 1976 610 301 173 173 160
90 Jianlin Han 26 1976 70 60 57 56 55
91 Hong LIU 22 1975 337 76 61 59 56
92 Shan Lu 17 1935 357 244 214 184 183
93 Zhe Song 19 1890 340 289 153 144 129
94 Jian ZHOU 23 1858 153 147 81 63 61
95 Changjin Tang 26 1846 141 105 85 85 82
96 Wu-Jun Li 21 1836 209 187 152 150 110
97 Ya Ping Wang 23 1834 118 108 90 73 72
98 jingjing wang 21 1833 161 133 52 48 47
99 王海啸 Haixiao Wang 16 1831 434 407 220 166 97
100 Qingjun Wang 23 1829 217 181 121 99 98
101 Wei Nie 24 1822 214 132 118 110 104
102 wanchun dou 22 1815 146 115 107 84 81
103 Jianhua Gao 24 1814 118 62 62 49 45
104 Xiaolei (Sean) Qu 16 1770 895 274 75 75 53
105 Gong Cheng 16 1749 237 211 197 178 164
106 Shucun Sun 24 1736 105 97 87 65 54
107 Wei Hu 16 1727 237 211 206 197 142
108 Sihai yang 20 1718 245 199 132 105 97
109 Zongwei Ma 17 1713 697 157 147 93 61
110 Lijun Zhang 20 1691 406 210 83 78 73
111 Lian-Xing Gu 22 1682 92 89 79 73 70
112 Zengwei Yuan 21 1681 429 104 103 57 56
113 Jian Zhao 22 1658 191 172 151 146 75
114 Zhang Bing 21 1656 338 224 104 69 63
115 Xiaoshun Jiang 17 1654 340 244 166 140 135
116 Yuanyuan Sun 21 1641 238 230 122 88 78
117 Di Wu 20 1631 270 259 189 102 71
118 Bing Wu 22 1598 162 139 87 77 73
119 Deju Ye 23 1566 144 87 85 69 68
120 Yu Linwei 25 1555 111 80 66 65 57
121 Luming Peng 24 1541 75 71 66 65 55
122 Haikun Wang 21 1539 153 133 117 93 92
123 H. F. Ding 22 1527 119 114 97 81 75
124 Jinhui Wu 23 1500 143 130 86 78 76
125 Zhan Ma 18 1499 170 139 112 93 89
126 Yang Gao 18 1460 234 150 59 57 30
127 Xinyu Feng 20 1430 135 128 117 104 96
128 jiangong you 22 1426 145 129 105 74 68
129 Chi Xu 19 1425 224 206 67 41 28
130 Bin Liu 20 1419 83 67 52 43 37
131 Hong-Hu Zhu 20 1363 79 74 56 56 52
132 Hongling Liu 22 1344 72 69 55 53 50
133 Wei Hu 22 1341 57 55 55 54 53
134 Juan Tu 17 1339 374 127 105 89 65
135 Yun LI (李 昀) 21 1331 226 112 75 65 62
136 Zhuo Chen 18 1320 159 139 124 104 104
137 Shaohua Guo 22 1304 115 111 95 94 73
138 Xueyuan Gu 18 1294 136 124 103 98 97
139 Huaxiong Li 18 1277 151 147 84 69 66
140 Lianbo Ma 22 1274 117 79 74 70 66
141 Junhua WU 19 1269 285 120 88 73 67
142 Xin Cheng 21 1268 129 119 108 61 61
143 Chang Xu 18 1253 149 139 86 80 74
144 Jiangfeng Shi 18 1248 167 89 79 75 60
145 Hao Dong 14 1237 346 240 122 82 73
146 Furao Shen 16 1228 257 166 104 78 67
147 Xiaoxing Ma 18 1224 99 64 54 54 49
148 feng Liu 18 1222 174 165 130 77 68
149 Xin Huang 19 1206 184 103 71 70 60
150 Xiandong Liu 20 1195 97 85 54 52 43
151 Yang Guo 22 1160 102 67 67 53 53
152 Tao Chen 20 1135 117 101 93 79 66
153 Li-Hui Chen 14 1125 305 191 99 71 68
154 Fayin Wang 20 1101 60 58 56 50 49
155 Zhigang Li 15 1096 156 147 85 69 65
156 Yong-Xiang Li 17 1080 179 129 95 62 46
157 Houcai SHEN 15 1057 349 136 64 59 53
158 Chunlin Chen 18 1030 115 89 74 55 54
159 Min Tao 12 1028 329 226 107 89 75
160 Prof. Lei Zhang 17 1012 161 97 93 67 56
161 Zhibo Yan 17 1010 139 118 36 35 35
162 Linzhang Wang 16 1003 259 73 62 55 40
163 Wenfei Li 18 994 104 97 76 73 72
164 Fei JIANG(江飞) 19 990 92 78 76 71 63
165 Xiaozhi Yang/杨晓志 17 989 102 99 81 71 69
166 Faming Li 20 960 67 65 65 62 50
167 Yong-Lei Wang 15 950 149 117 106 98 63
168 Hongfeng Xie 17 946 140 80 56 45 45
169 Yang Yu 16 945 110 85 67 62 50
170 Rongfeng Qi 18 940 66 62 57 54 54
171 Jun Li 18 931 78 76 70 63 60
172 Peijun Du 15 919 146 100 92 79 55
173 Zhenyu Chen 17 911 48 38 35 35 33
174 Shaohua Wu 16 906 134 64 53 50 34
175 Kai Xi 17 905 115 63 55 50 48
176 Xie Jiwei 15 889 171 118 68 62 48
177 Wenfeng Zhan (占文凤/詹文凤) 16 883 115 47 47 43 40
178 Pengfeng Xiao 16 866 53 46 40 40 38
179 Zhuzhong Qian 14 848 98 74 69 61 49
180 Rongfeng Ge / 葛荣峰 17 826 95 82 78 68 56
181 Jing-Ning Zhu 16 811 148 79 66 52 45
182 Beibei LIU 11 809 224 123 104 69 55
183 Pinghua Ling 11 804 163 154 110 105 56
184 Li, Weiqiang 16 799 87 76 72 71 67
185 Lijian Zhang 15 783 90 84 76 76 71
186 Xiasheng GUO 13 761 374 51 35 23 22
187 Guanghui Wang 15 752 119 87 47 45 42
188 Xun Cao 15 750 77 72 60 56 56
189 Ahu Yuan 14 750 143 130 78 60 51
190 De-Chuan Zhan 7 740 397 156 49 45 22
191 Yuefeng Nie 14 730 114 89 82 71 46
192 Yong Zhang 14 720 152 119 81 44 22
193 Yi Hu 15 707 117 79 66 46 45
194 Lin Chen 12 701 303 58 34 29 23
195 Xiao-Peng Zhang 11 681 174 165 77 42 38
196 Zhengyuan Ma 13 681 183 148 56 47 44
197 Zhijie Lin 5 674 553 48 18 15 14
198 Yongxue Liu 14 665 60 56 45 44 42
199 Jian Zhang 15 665 97 94 70 52 44
200 Yiquan Li 12 645 138 79 58 49 42
201 Honglei Zhang 14 642 81 60 42 41 36
202 Chang Xu 13 639 85 61 50 37 30
203 Shaowen Liu 15 631 48 45 41 36 34
204 Sheng Zhang 13 617 88 74 69 62 45
205 Xiaoqing Shi（施小清） 15 617 59 55 51 41 40
206 Xiaohui Zhang 11 616 245 67 64 47 34
207 Guoqiang Wan 16 599 77 75 55 54 38
208 Zhenhua Cao 13 599 75 40 38 36 31
209 Jianping Tang 14 597 73 56 55 30 27
210 Shuo Huang 9 595 206 156 63 41 37
211 Shi-Jun Liang 14 587 80 60 53 52 42
212 xiaowei chuai 16 580 66 43 37 34 34
213 Xinyu Dai 12 575 105 29 29 19 19
214 Kechang NIU 14 566 80 62 59 53 53
215 Wenqin Zou 14 565 50 44 39 38 35
216 Lei Xie 12 554 103 41 35 29 28
217 Wei Wang 8 550 174 134 89 66 26
218 ZHONG Huan 钟寰 14 545 52 45 41 37 36
219 Zhongquan Li 13 544 73 68 46 42 38
220 Fred Y. Ye 13 544 59 57 53 52 44
221 Labao ZHANG 12 528 49 44 40 37 31
222 Lucas A. Lane 7 528 239 77 72 59 34
223 Ben Yang 11 523 68 66 60 59 42
224 Haipeng Dai 13 508 65 44 42 40 32
225 Jun Lin 13 505 73 55 54 45 36
226 Yan Li 7 504 228 98 60 26 17
227 Xi Chen 9 500 118 96 64 59 39
228 Rongqing Zhang 13 499 45 29 27 25 22
229 Jingbo Wu 11 496 77 69 55 49 43
230 Hejiu Hui 8 495 214 97 41 38 24
231 裴雷 10 489 96 66 56 39 28
232 吕建树Jianshu Lv 12 489 75 62 37 35 31
234 Xue Jiang 9 477 146 98 59 42 34
235 Tongwei Ren, 任桐炜 13 476 53 51 44 36 25
237 yuanyi wang 7 461 217 99 62 23 19
238 Cam-Tu Nguyen 10 454 98 83 50 49 26
239 Aicheng Zhang 13 446 40 25 23 23 21
240 Yitong Yin 10 444 72 68 52 50 26
241 Guo-Guang Wang 10 430 68 41 40 39 37
242 Miaomiao Liu 11 419 92 72 41 31 31
243 Xing-Chen Pan 9 402 136 64 54 28 26
244 Jie Yang 11 390 65 62 52 43 36
245 keyu xia 13 380 48 44 34 29 19
246 Yaomin Dai 9 375 58 55 52 45 23
247 Liang Gao 12 363 58 48 34 31 24
248 Danqing Huang 12 359 54 30 27 23 22
249 Shuang Chen 12 356 46 33 33 32 22
250 Haijian Liu 10 356 64 32 28 19 18
251 Kang Yang 10 354 77 39 26 24 23
252 Lei Bu 11 352 40 28 27 27 23
253 Dong Shao 9 351 75 72 34 24 19
254 Yanming Chen（陈焱明） 11 343 42 31 26 24 18
255 Da Wang 7 333 115 106 26 20 16
256 Yanhua DENG 8 324 113 73 31 28 22
257 王鹏飞 11 323 32 28 26 24 21
258 Peng Chen 10 319 53 41 35 28 24
259 Liang Sun 6 303 119 114 19 14 11
260 Sheng Liu 7 297 128 60 39 39 11
261 Wu Weihua 10 297 91 40 25 20 20
262 Kai Gu 9 291 57 49 41 26 20
263 Shun-Li Yu 8 287 138 27 21 14 10
264 Yinghuan Shi 10 285 59 25 21 18 17
265 Jane Y. Jiang 6 280 62 60 56 42 34
266 Zhu-Fang Cui 10 278 30 30 28 28 25
267 Shujian Huang 9 277 51 38 29 19 16
268 Yuan Yao 10 275 39 36 33 22 20
269 Xuewei Yang 9 273 51 33 33 27 19
270 Zi-jian Wu 8 272 55 52 33 31 31
271 Zixuan Chen 7 272 74 65 41 35 22
272 Jing Wu 11 272 38 35 30 23 18
274 Shanshan Shi (施珊珊) 10 262 56 38 28 25 21
275 Yuankun Wang 11 261 24 23 23 22 19
276 Sana Ullah 9 258 26 16 14 13 10
277 Xue Yang 8 254 99 21 14 14 13
278 Shi-Jun Ge 9 251 42 35 24 22 20
279 Yan Xia / 夏炎 7 250 83 54 34 22 22
280 Xuguang SUN 8 247 81 42 28 23 19
281 Peijian Song 9 237 70 33 21 21 17
282 Lin Lin 9 236 35 26 23 17 15
283 Jiaqi Yan 9 235 59 37 25 20 19
284 Chengli Xiao 5 232 127 44 36 6 6
286 Yuan Zhang 9 222 22 16 15 15 14
288 xiaoliang wang 9 210 41 30 15 14 13
290 Bowen Zhou 7 206 59 48 24 18 12
291 Shu Lin 8 205 47 27 20 19 19
293 Wei Wei 9 202 45 36 32 16 15
294 Jin-hui Chen 8 202 42 33 31 24 20
295 Bin Zhou 7 202 53 32 26 19 12
296 Yang Ming 8 201 54 28 24 15 14
297 Hongjin Liang 6 200 69 36 32 27 17
298 Changyan Wu 8 196 43 32 24 19 17
299 hui zhang 8 193 41 26 21 19 12
300 Gang Meng 8 188 51 27 23 21 16
301 Syed Junaid Ali (Ph.D.) 9 184 23 22 18 17 15
302 Yifan Zhu 5 182 50 42 38 17 8
303 Xianjing Zhou 7 181 45 37 22 18 17
304 Zengyi Du 7 179 56 41 18 14 14
305 Guanjun Pan 7 178 60 16 13 10 10
306 Yu Huang 7 175 45 23 22 18 14
307 Xiaoqing Jia 7 175 50 22 20 16 10
309 Ying CHEN 5 167 47 44 43 22 6
310 Tianyu Chen 7 167 38 30 20 19 16
311 Leonard Neidorf 8 164 26 20 17 16 15
312 吕立刚 7 160 33 29 19 13 11
313 Yuan Jie 6 159 60 38 27 13 8
314 Zhao Kanglian 9 157 21 18 14 12 10
315 Zhi Xin 8 156 39 27 23 16 11
316 Lin-Feng Gao 7 156 46 25 23 22 15
318 Bin-Bin Gao 6 154 37 37 25 20 19
319 Zhaoqi Wang 7 153 29 21 20 17 16
320 Jia Liu 7 149 35 26 13 13 9
321 Xin Xu 5 149 73 16 15 12 9
322 yongfen DU 7 144 28 21 19 17 13
324 Chunrong Fang 6 135 31 26 20 14 13
325 Chaodong ZHENG 4 134 83 34 7 5 4
326 周华 7 132 29 18 18 17 16
327 Chunhui Wang 5 130 64 16 13 11 10
328 Shu-Sheng Xu 6 128 55 16 14 12 9
330 Hong Zhang 7 126 22 19 14 10 9
331 Xiang Shi Kong 6 126 48 18 12 9 8
332 Yibiao Yang 7 125 23 21 19 13 11
333 沈奎林 6 123 15 15 10 9 7
334 Yi-Peng Guo 7 122 36 20 15 12 10
335 Anyuan Gao 4 122 63 27 17 9 3
336 Qinhui Wang 6 117 29 20 17 15 8
337 Yafeng Yin 6 117 35 17 9 9 8
338 Simon Hohl 4 110 65 15 12 8 3
339 Li Yansong（李岩松） 7 105 33 15 13 13 10
343 Bin Tang 6 95 26 19 13 10 10
344 Yong Zhang 6 94 24 18 15 14 12
345 Xiangyang Xu 6 92 21 18 14 9 8
347 刘登峰 5 91 22 18 11 9 8
348 Qi Hao 6 87 19 19 16 12 9
349 xin zhang 5 85 27 11 8 6 6
350 Jian-Hao Luo 3 84 46 28 4 3 1
353 Qi Zhou 5 78 21 18 12 5 5
354 Tianxiao Gu 5 78 21 17 16 7 6
355 zhaoxian chen 5 77 31 14 8 7 6
356 Jieqiong Luo 4 75 21 19 14 6 4
357 Wei Ma 4 73 24 8 8 5 4
358 Wei Cheng 6 73 10 9 9 8 8
360 Lvhua wang 4 70 14 12 7 7 4
361 Hong HU 5 70 29 9 9 7 6
362 Yanyan Jiang 4 65 17 14 5 5 4
363 Yangsheng Ji 5 61 17 12 9 9 5
366 Hengrong Ju 5 60 17 16 9 6 5
367 Cheng-Jun Wang 王成军 3 59 21 14 4 3 3
368 Zhiyuan Zha 4 59 22 15 9 5 3
369 Hong Qian 5 58 21 8 8 7 6
370 Qiongpeng Luo 罗琼鹏 4 57 8 6 5 5 4
379 姜瑞伟 3 50 23 10 9 2 1
380 Yunsong Chen 4 48 15 13 7 4 3
382 Ke-ke Shang 5 46 9 8 6 6 5
384 Mengjia He 4 43 11 9 8 5 3
385 PEIHONG JIA 4 43 12 10 9 4 2
387 Jing Huo 2 42 23 11 2 2 2
389 Fei Yang 4 39 7 5 5 5 4
392 Tong Ziyu 4 37 14 5 4 4 3
398 Mofei Song 4 35 6 4 4 4 2
406 rixin tang 3 30 12 7 3 2 2
407 Lele Kang 3 27 14 4 4 2 2
410 Siddiq Akbar 3 26 8 6 5 3 2
411 Meng XI (席猛) 3 26 6 6 4 3 2
412 Bingbin Lu 4 26 7 5 5 4 3
413 Chi Zhang 3 26 11 8 3 2 1
418 Tieke He 3 22 6 6 3 3 1
419 Wang-Zhou Dai (戴望州) 2 22 14 3 2 1 1
446 Junxiao Wang 2 12 4 3 2 1 1
447 Yumin Qiu 2 12 5 4 2 1 0
