1 Liu Shuai 95 85276 17327 8449 2201 2170 1997
2 Hua Zhang 129 64243 3670 2488 1928 1562 1199
3 Sam Zhang 101 60016 2513 2183 1033 854 686
4 Xiong Wen (David) LOU 143 57508 2479 1540 1433 1166 1049
5 Paul Tapponnier 100 45397 4284 2602 2447 1134 1114
6 Bernhard Otto Boehm 84 32537 1520 1399 1305 1197 998
7 Dr P. N. Suganthan 72 30434 2719 2451 2088 1837 1107
8 Li Mingjiang 72 30419 853 769 482 379 347
9 Guang-Bin Huang 58 29570 5983 2650 2227 1626 1242
10 Lihua Xie 79 27644 1816 1347 1111 760 681
11 Stephan C. Schuster 69 25545 1955 1885 1567 1447 1019
12 Philip Ingham 84 24621 2768 1141 1103 853 568
13 Hai Zhu 朱海 59 19685 2109 1002 978 949 621
14 Dusit (Tao) Niyato 67 19557 1699 905 712 637 577
15 Hong Jin Fan (范红金) 74 18979 1070 987 815 752 707
16 Qingyu Yan 71 18905 1562 738 623 392 384
17 Soon Ang 49 18587 2318 1310 1229 972 941
18 Yi Zhou 54 18550 657 483 445 444 299
19 BVR Chowdari 69 17441 1746 950 869 509 467
20 George Chandy 67 17318 819 806 737 571 434
21 Xin Wang 64 16640 1809 829 806 588 512
22 Peng CHEN 64 16469 1110 1061 623 563 525
23 KA Khor 70 16437 831 276 272 237 236
24 D. Tang 58 15993 1465 619 530 461 432
25 Chee Kai Chua 59 15989 2624 1704 1062 772 476
26 Zheng Liu 56 15929 1166 1128 987 839 815
27 Qing Zhang 50 14843 1928 1483 878 561 472
28 Professor Harianto Rahardjo 49 14516 4858 464 371 347 284
29 qichun zhang 64 14211 1562 806 738 572 521
30 Mary B. Chan-Park 57 13999 1061 720 584 449 376
31 Tze-Chien SUM (岑子健) 51 13274 3121 1215 591 448 302
32 Nripan Mathews 50 12676 3121 1215 591 448 363
33 Junling WANG 38 12342 5198 5041 1933 566 360
34 Pooi See Lee 59 12074 863 412 397 360 341
35 Bin Liu 46 12063 1887 1359 853 583 530
36 Subbu Venkatraman 47 11433 2954 347 272 232 217
37 Denis Fichou 46 11313 2470 736 656 560 343
38 Weisi Lin 51 10939 657 357 238 234 208
39 Josip Car 52 10946 1016 452 449 409 400
40 Jagath C Rajapakse 40 10554 1439 1094 679 598 460
41 Jun-Koo Kang 32 10511 1757 1224 1125 914 484
42 EYK Ng 53 10325 316 282 215 205 177
43 CHEN Zhong (陈忠), Singapore 53 10316 300 276 258 245 225
44 Qihua Xiong 59 10314 338 334 299 244 240
45 Kok-Yee Ng 21 10129 5552 1310 469 398 329
46 Anh Tuan Phan 48 10091 658 631 581 505 430
47 Rong Xu 59 10065 358 334 319 299 281
48 Darren Delai Sun 53 10022 815 594 565 356 223
49 Tim White 49 9982 1353 531 235 232 223
50 Ken-Tye Yong 54 9745 553 417 391 313 290
51 Professor Gemma Calvert 35 9666 1098 1001 973 970 601
52 Hoi Nok Tsao 24 9607 5364 666 580 435 363
53 Chun Yang 48 9585 1063 833 787 528 344
54 Zhichuan J. Xu 44 9567 1050 974 743 423 372
55 Sundararajan N 41 9473 1192 636 615 556 508
56 Hongwei Duan 47 9371 1066 462 427 397 386
57 Benjamin P. Horton 56 9270 426 320 206 197 186
58 Kai-Kuang Ma 29 8779 2592 731 723 656 647
59 Le Yu 于乐 49 8746 523 449 418 395 371
60 Scott Rice 44 8736 901 556 532 422 374
61 Chen Xu 35 8594 3754 435 237 194 189
62 Meng Joo Er 41 8379 738 570 458 413 306
63 Xizi Chen 22 8329 6457 258 96 84 80
64 Handong Sun 49 8313 329 269 245 243 223
65 Perry Ping Shum 45 8299 364 204 164 147 120
66 CHENJIE XU 36 8302 840 756 594 544 468
67 Ping Wang 44 8245 1699 905 355 241 218
68 Cuntai Guan 42 8208 551 437 398 296 262
69 Nguan Soon Tan 46 8194 476 454 444 427 354
70 Ho Sup Yoon 31 8141 1640 1633 818 555 447
71 Sinno Jialin Pan 29 8126 4332 852 470 371 182
72 Yeng Ming Lam 37 8014 3121 591 437 292 182
73 Siu Kwan SZE 44 7994 884 334 301 296 250
74 Annelies Wilder-Smith 44 7971 511 502 337 306 270
75 Ling Bing Kong 45 7878 603 279 192 186 180
76 Peng Wang 44 7734 710 391 349 304 282
77 Gao Cong 45 7714 524 389 366 326 303
78 YK NG 44 7707 461 407 334 288 246
79 Russell Gruen 39 7707 713 520 407 393 274
80 Erik Cambria 52 7660 674 371 269 242 241
81 Teng paul P S 42 7606 1511 419 347 257 245
82 Dr. Wang 34 7402 537 286 257 221 204
83 Adriano Ambrosi 45 7389 857 485 335 258 253
84 Naohiko Yoshikai 47 7306 469 384 325 321 226
85 Cesare Soci 34 7289 1964 479 340 312 272
86 Yuao Hu 42 7282 296 267 234 213 171
87 Moon-Ho Ho 31 7148 3444 627 272 219 217
88 Tae-Hyun Bae 22 7010 3739 414 372 368 252
89 Xianfeng WANG 33 6985 1304 730 629 613 407
90 Stefan Wuertz 45 6926 507 417 341 215 207
91 Lipo Wang 40 6893 799 458 270 242 242
92 Ranjan Singh 47 6853 447 364 301 254 252
93 Yong Liang Guan 38 6788 471 365 323 277 276
94 Rebecca Bull 31 6720 1525 1201 484 463 338
95 I-Ming Chen 45 6657 303 171 153 152 150
96 EC Leong 43 6632 464 284 276 231 220
97 Kanyi Pu 48 6546 470 309 293 243 211
98 Choon Hong Tan 47 6518 481 247 225 219 195
99 Z.W. Zhong 44 6471 203 183 172 167 136
100 Zbynek Bozdech 33 6421 1496 953 410 285 285
101 Guankui Long 27 6360 587 550 543 524 522
102 Yap-Peng TAN 39 6332 374 335 304 294 242
103 Hong Li (Colin) 23 6291 1928 1483 878 518 209
104 Can Xue 42 6275 623 456 325 295 244
105 Wang C. K. J 39 6212 429 287 267 267 265
106 Zhanxi Fan 37 6196 708 701 456 325 325
107 Chee-Kit Looi 39 6121 478 471 442 368 191
108 Rebecca P. Ang 44 6033 480 449 218 218 182
109 Paul Lee Choon Keat 38 6009 695 424 299 247 195
110 Seok Woo Lee 29 6005 1429 595 541 395 334
111 GUET 37 5925 1039 851 295 213 145
112 Aixin SUN 孙爱欣 39 5778 427 389 269 253 242
113 Mo Li 34 5755 800 395 364 347 296
114 Chengzheng Sun 28 5685 760 658 311 196 169
115 Jun Luo 26 5615 1080 776 428 350 326
116 Randy J. LaPolla 28 5579 2906 411 208 143 126
117 Jianmin Miao 39 5527 227 178 166 157 139
118 Liang Yang 35 5522 746 430 383 308 272
119 Christine C. M. Goh 28 5522 792 495 456 440 371
120 Yonggang Wen (文勇刚) 37 5421 559 410 391 288 183
121 Xudong Jiang 39 5359 620 315 213 196 185
122 Dong-An Wang 37 5347 429 428 255 228 198
123 Jarkko Salojärvi 32 5339 1259 1226 213 163 160
124 Anwitaman Datta 33 5269 541 485 287 258 253
125 chai quek 39 5265 334 181 176 160 143
126 Xavier Bresson 32 5157 900 585 459 308 295
127 Yidong Chong 26 5136 917 620 532 516 437
128 Yang Hongbin 36 5122 815 579 305 218 201
129 W. K. Ng 34 5104 363 338 242 211 175
130 Jian Chu 42 5080 391 211 210 172 156
131 Qian Kemao 27 5052 1552 447 387 309 217
132 James B Ang 28 4996 790 673 589 420 248
133 Ah-Hwee Tan 35 4961 734 271 178 148 140
134 Chris Boothroyd 36 4891 591 218 186 135 134
135 Chunyan Miao 34 4877 227 204 130 122 112
136 Juliana M Chan 16 4847 1795 545 536 483 245
137 Dharmesh Kumar 32 4793 238 169 126 98 89
138 Suresh Sundaram 36 4744 523 204 135 129 100
139 Rongming Lin 31 4731 1847 179 167 154 129
140 Dion Goh 32 4679 480 449 208 136 122
141 Ming Jen Tan 33 4666 418 329 260 175 140
142 R. S. Rawat 38 4621 177 113 111 103 101
143 Wentong Cai 32 4605 196 187 139 131 125
144 GU FENG 38 4583 434 324 191 186 172
145 Chip Hong Chang 30 4545 454 271 238 174 142
146 Timothy T.Y. Tan 40 4524 452 256 195 164 145
147 Christina Soh 25 4493 1305 775 249 228 223
148 Wei Zhou 30 4477 696 307 285 257 185
149 Shaun Wang 25 4466 677 578 526 327 262
150 Kun Zhou 34 4471 245 227 215 209 137
152 Alton Chua 35 4395 449 279 254 208 194
153 Willy Ardian Renandya 19 4398 2691 332 220 174 131
154 Yongqi Zhang 34 4394 707 280 231 178 177
155 Kap Luk Chan 31 4312 668 348 227 192 162
156 Qi Jie Wang 34 4302 395 227 222 220 209
157 Lydia Helena Wong 37 4304 383 233 188 182 143
158 Richard D. Webster 35 4266 185 154 134 118 117
159 Kang Hai Tan 36 4216 134 133 126 111 105
160 Jie Zhang 36 4172 178 134 132 110 105
161 Federico Lauro 36 4160 371 338 251 182 171
162 Swee Tiam Tan 32 4153 640 193 189 175 130
163 Guiying Laura WU （吴桂英） 10 4129 3880 75 37 22 22
164 christiane Ruedl 33 4096 342 255 243 237 202
165 Chiew YM 32 4081 568 208 208 205 195
166 Pramod Kumar Meher 34 4072 424 225 123 110 77
167 S.N. Piramanayagam (Prem) 26 4055 1081 460 167 162 82
168 Siu Cheung Hui 33 4005 410 286 146 133 126
169 charles t. salmon 30 4003 295 236 222 218 204
170 Yang Yaowen 32 4004 478 182 179 135 125
171 Lap-Pui Chau 27 3996 1112 272 204 129 116
172 Liang-Tien Chia 30 3984 450 365 305 258 180
173 Jianmin Zheng 27 3963 823 502 302 240 190
174 pak-hing leung 37 3959 125 110 94 83 77
175 Dongliang Chao (晁栋梁) 28 3955 325 277 243 231 229
176 Pina Marziliano 20 3934 973 693 557 363 175
177 Grahame Oliver 34 3918 357 313 141 130 128
178 Soo-Ying Lee 32 3927 797 331 299 202 136
179 Sunil Adav 36 3885 618 287 244 166 118
180 Justin Dauwels 27 3881 556 335 266 246 120
181 Mike Ferenczi 30 3868 281 279 218 156 148
182 Christine Koh Siew Kuan 14 3868 1310 744 553 398 294
183 Chaoping XING 33 3844 298 245 205 121 98
184 Aravind Dasari 38 3838 223 215 173 173 141
185 Han WANG 29 3820 339 299 285 160 127
186 Xing Yi Ling 32 3811 646 445 157 153 136
187 Jianfei Cai 32 3799 432 253 120 118 113
188 Wei Lin Leong 20 3786 1338 300 288 230 182
189 Eng-Siong Chng 34 3781 274 193 116 113 82
190 Sourav S Bhowmick 29 3769 363 338 227 192 122
191 Zhiping Lin 32 3773 218 149 129 88 80
192 Eric Peng Huat YAP 30 3755 357 187 175 153 151
193 Jianfei Cai 32 3748 432 253 120 118 113
194 Yong Liu 31 3730 320 241 179 174 154
195 Zhongxiang Shen 31 3702 124 118 108 106 96
196 Xin Chen 19 3599 1144 581 311 288 241
197 Euston Quah 12 3569 2953 110 94 53 45
198 Yilong Lu 33 3570 516 296 219 87 81
199 Lung-Hsiang Wong 黄龙翔 27 3570 478 442 368 207 191
200 LINFEI LAI 23 3537 1084 557 221 217 213
201 James B. Hale 34 3514 390 226 204 185 143
202 Olexander (Sasha) Chernyshenko 31 3499 563 293 204 195 168
203 Feng Luan 27 3496 434 391 332 204 185
204 Anthony Goh 31 3488 544 342 175 150 128
205 Choi Law 27 3442 323 276 203 187 157
206 Nian-Sheng Cheng 30 3437 467 439 439 189 134
207 Nailiang Yang 17 3406 804 554 446 369 241
208 Chun Kiang Chua 28 3402 762 485 207 129 117
209 Wee Ser 31 3390 290 223 209 185 113
210 David Hung Wei Loong 28 3348 382 202 177 165 156
211 I-hsin Su 20 3348 469 412 357 292 292
212 Huaxiong Wang 32 3327 296 238 176 116 115
213 Shijian Lu 30 3312 218 191 191 183 114
214 Beng-Chong Lim 10 3309 972 577 564 516 221
215 Hou Wang 32 3310 210 193 189 180 166
216 Baile Zhang 26 3297 521 340 275 169 137
217 Hua Li 33 3270 138 105 90 84 79
218 Weilong Chen 20 3260 570 566 497 306 156
219 Ee-Ling Low 25 3248 917 588 159 148 116
220 Anutosh Chakraborty 35 3252 169 161 111 108 97
221 Enrico Marsili 24 3229 1129 300 183 169 165
222 Douglas L. Maskell 29 3178 295 210 158 151 134
223 Jingzhi Shang 24 3172 557 401 369 217 166
224 Chee Keong KWOH 26 3155 281 265 167 116 100
225 Wenxin Niu 26 3153 280 245 234 180 175
226 Yuanjin Zheng 30 3142 106 103 103 93 84
227 Zhen Li/李真 23 3137 341 327 307 241 204
228 Guoqiang Hu 28 3093 288 220 187 182 168
229 Tiago M. Barbosa 29 3076 206 130 115 95 93
230 Ligen YU (于利根) 28 3070 463 216 182 166 159
231 Sia Siew Kien 20 3066 1305 249 228 223 145
232 Lee Chong Eu 30 3059 234 154 112 108 98
233 Thomas Peyrin 29 3056 653 309 171 101 98
234 Rongrong Jiang 28 3031 1014 244 145 114 107
235 Dharani Sabba 17 3021 1215 363 288 172 143
236 Geok Ing Ng 29 3007 89 85 82 79 76
237 Joo-Seng Tan 9 3009 2318 403 93 66 59
238 Tat-Jen Cham 31 3002 475 343 134 124 102
239 Shizheng Zhao 17 2958 1072 573 163 144 114
240 Tan Lay Poh 28 2960 216 192 166 151 141
241 Wing Sum Cheung 28 2945 428 342 204 174 172
242 Chuan Seng Tan (陈全胜) 28 2935 216 169 164 95 92
243 Christos Panagopoulos 30 2935 153 144 142 133 113
244 Hsu Wen Jing 26 2918 339 228 125 121 101
245 Kang Tai 30 2918 146 128 105 101 98
246 Nam-Joon Cho 30 2914 272 113 111 95 91
247 May O. Lwin 27 2901 268 226 179 171 152
248 Augustine Tan 28 2849 89 80 75 68 66
249 Jianrong Steve Zhou 29 2859 303 290 278 177 147
250 Ying He 28 2852 144 130 130 98 91
251 SH Annabel Chen 24 2846 283 209 200 197 185
252 Yang Liu 25 2837 311 148 92 87 73
253 Dr. Soujanya Poria 31 2840 195 158 153 139 138
254 Yu Luo 32 2825 389 154 137 137 123
255 Zhiqi Shen 27 2814 227 130 112 102 82
256 Jian-Jun SHU 19 2770 1932 82 72 45 43
257 Subramaniam Arulkumaran 29 2725 206 175 101 99 85
258 Gregory Arief D. Liem 25 2729 516 200 148 143 115
259 Qinan Wang 19 2720 834 501 163 128 110
260 Bo Chen (陈博) 24 2734 335 325 281 196 155
261 Keming Xu 14 2707 840 544 458 200 152
262 Kim Tiow Ooi 29 2684 309 232 119 105 93
263 Benjamin Detenber 21 2674 512 251 229 220 201
264 Rachel Kraut 22 2670 397 309 278 252 192
265 Wenli Chen 陈文莉 23 2664 478 191 150 147 130
266 Deepu Rajan 28 2663 178 166 138 127 102
267 S. Viswanathan 21 2646 405 300 267 248 248
268 Eht teo 20 2644 1483 154 76 50 42
269 Buyuan Guan 关卜源 24 2629 416 256 213 158 127
270 Friedrich Wu 21 2605 400 338 285 202 95
271 Hongwei Bai 27 2578 565 160 148 121 115
272 Jasmine Siu Lee Lam 28 2496 203 136 123 77 72
273 Kwok Hung Li 25 2478 228 156 121 92 64
274 Zhang Huabin 30 2480 129 128 123 111 109
275 Xing Jiang 26 2433 266 148 128 122 93
276 Shuai Liu 23 2399 167 167 115 104 77
277 Li-Lian Wang 21 2396 747 184 136 115 93
278 Christopher Shearwood 22 2386 426 280 280 119 114
279 Bing LI 26 2382 160 137 133 94 82
280 Chun-Hsien Chen 29 2364 187 158 124 114 89
281 Zhi-Heng Loh 21 2364 806 227 125 123 116
282 Waifong Boh 19 2341 278 277 266 228 223
283 Jun Di 24 2339 231 194 150 127 126
284 Yongmin He(何勇民) 21 2326 854 238 183 166 120
285 Jackson D. Leow 17 2305 455 240 225 164 162
286 KV LING 25 2304 271 171 100 98 95
287 Aron Meltzner 20 2296 388 270 253 242 200
288 Yanyuan Zhao  19 2298 334 244 216 172 160
289 Fidel Costa 24 2262 180 177 165 139 121
290 Kezhi Mao 20 2256 290 241 219 172 149
291 Vivien Huan 24 2258 382 218 182 146 130
292 Manojit Pramanik 26 2261 194 174 156 137 126
293 Han Wei Hou 17 2249 431 382 267 233 209
294 Ni Shibing 28 2247 115 104 91 80 68
295 Tung Lai Lai 20 2238 299 292 282 278 124
296 A Alphones 24 2222 247 101 90 83 82
297 Sivakumar Appa Iyer 25 2221 270 256 193 125 74
298 Xiao Fang-Xing 24 2209 252 201 194 147 106
299 Jiyun Zhao 25 2199 227 163 132 114 65
300 Dianpeng Qi 29 2194 135 121 114 106 93
301 Chor Yong Tay, Dalton 27 2179 188 146 141 140 127
302 Tony Tae-Hyoung KIM 20 2161 268 190 180 173 149
303 Shingo Ito 22 2161 437 433 151 94 84
304 Zhao-Xun Liang 27 2163 184 154 122 118 109
305 Yi Tang 22 2153 391 282 151 109 96
306 Kim-Yin Chan 14 2153 699 299 221 204 195
307 Magdiel Inggrid Setyawati 25 2139 188 147 141 136 127
308 Jie He 25 2108 273 147 133 124 112
309 Ting SUN 20 2108 318 291 191 189 177
310 Wenting Zhao 14 2104 1022 447 212 63 57
311 Wonkeun Chang 21 2087 252 224 200 152 128
312 Dou Shuo (窦烁) 23 2094 270 200 186 163 159
313 Shaheen Majid 24 2066 253 109 105 92 87
314 Gaoxi Xiao 25 2057 137 133 87 85 72
315 Xingli Wang 16 2050 815 334 162 93 81
316 Chei Sian Lee 19 2038 547 449 110 64 63
317 Kwok-Yan Lam 26 2031 181 132 80 72 67
318 Alexei Sourin 23 2005 602 103 83 63 52
319 Kunli Goh 17 2000 652 231 145 137 113
320 Raghavendra Mundargi 16 1987 973 172 113 112 85
321 Murukeshan Vadakke Matham 21 1979 202 60 56 55 53
322 Nicolas Privault 23 1967 167 145 91 81 63
323 Bo An 24 1970 204 189 66 55 53
324 Wu Yan (吴艳) 17 1969 210 193 189 180 166
325 Charlene Tan 25 1963 114 83 68 68 64
326 Yiping Ke 25 1964 264 172 141 115 77
327 Jingjing Zhang 24 1962 389 137 123 122 89
328 Mely Caballero Anthony 22 1957 222 204 101 96 84
329 Juha Song 18 1954 329 304 144 123 108
330 Der Thanq Chen 19 1949 566 382 198 74 61
331 J. Patrick Williams 19 1948 293 227 199 172 100
332 Jiangxin Wang 22 1953 397 173 129 93 88
333 Yew-Jin Lee 14 1947 1027 156 100 83 64
334 Youyan Nie 17 1950 516 261 224 122 115
335 Shengji Wei 19 1931 565 213 146 111 90
336 Yiyu Cai 24 1918 153 132 119 94 86
337 Olga Sourina 24 1909 196 151 104 83 82
338 Raymond Lau 23 1888 239 219 211 76 74
339 Kunn Hadinoto 26 1885 232 127 76 73 70
340 Korolev Nikolay 27 1861 130 113 90 83 79
341 Shashi Bhushan, Asst Professor 18 1858 263 171 164 157 133
342 En-Hua Yang 17 1854 313 271 161 149 100
343 Kimberly A. Kline 24 1845 356 132 108 103 99
344 Bowen Zhu 18 1829 316 293 165 139 106
345 Zhicheng Zhang (张志成) 21 1823 165 160 155 129 117
346 Angie Low 9 1799 704 500 260 98 84
347 Yan Zhou 23 1795 198 178 136 99 86
348 Kim Truc Nguyen 22 1790 229 220 142 138 108
349 Ralf Emmers 22 1786 242 205 128 109 82
350 Hongjie AN 24 1787 270 228 118 86 77
351 Rajesh Piplani 21 1764 405 171 89 83 83
352 Bin Cao 23 1759 199 152 95 77 67
353 Venkatram Nalla 23 1743 192 121 116 102 78
354 Jian Guo 17 1730 653 307 112 97 55
355 Yi Zhang 20 1728 199 195 162 152 146
356 Dong-Qing Zhang 18 1714 453 199 182 122 84
357 Raphael Ortiz 5 1714 1529 153 11 9 9
358 K.K. Luke 19 1711 252 195 185 144 108
359 Dahai Luo 20 1713 257 207 178 165 103
360 Shau-Yu Lan 13 1711 809 208 193 97 90
361 Kuwata Mikinori 25 1710 203 161 97 96 88
362 Rohit Bhatnagar 15 1696 322 322 287 212 87
363 Yabo Wang 王雅博 20 1690 281 201 174 154 134
364 Geoffrey Benjamin 22 1679 346 151 112 101 93
365 Yuan Guanghui 19 1654 574 207 141 75 70
366 Yong-gui Gao 18 1659 424 417 163 84 58
367 Jerome Ingmar Rotgans 17 1665 541 204 118 101 79
368 Yan Xu 23 1658 146 123 90 85 73
369 Lu You 24 1654 197 165 91 88 82
370 Jia Wei CHEW 23 1655 288 149 80 56 55
371 Jiajian Gao 22 1643 247 218 175 160 62
372 Quan Liu 22 1632 162 99 99 88 86
373 Lee Yee Hui 20 1625 134 85 77 76 62
374 Shirley S. Ho 19 1613 299 205 183 169 69
375 Man Pun Wan 22 1602 198 109 94 90 78
376 Wong A.S.W. 25 1604 140 126 105 89 87
377 Wan Ru Leow 21 1594 165 139 135 106 91
378 Woon Chia Liu 22 1587 136 122 93 92 84
379 Wenyu Zhang 17 1592 584 189 108 102 83
380 Nhon Nguyen-Thanh 16 1585 247 198 181 180 159
381 Jian YANG, Allen (杨剑) 15 1598 404 199 174 155 145
382 Chee Seng Toh 22 1577 201 120 83 69 67
383 Shuren Chou 15 1576 403 232 196 140 103
384 K Radhakrishnan 20 1563 95 79 67 55 50
385 Sara Sandin 16 1564 280 276 212 177 121
386 Peter Seow 14 1556 478 191 150 130 90
387 Sylvain Barbot 18 1557 496 128 117 115 86
388 Han Yu 24 1548 227 130 112 51 47
389 Sellakkutti Rajendran 20 1543 287 260 98 94 79
390 Marco Battiato 14 1541 370 213 162 154 132
391 Qipeng Lu (鲁启鹏) 18 1548 335 155 135 129 97
392 Zhiye Zhao 22 1535 77 64 62 55 49
393 Yap Kim Hui 24 1526 116 98 74 66 60
394 Pei-Chen Su 16 1522 512 295 79 58 42
395 Pedro Ludwig Hernandez Martinez 15 1520 361 309 293 90 57
396 Domenico CAMPOLO 18 1521 158 130 108 84 83
397 Marek Mutwil 15 1519 320 195 143 126 125
398 Bing Wu 22 1515 179 131 105 99 87
399 Jason Tan 20 1514 145 134 129 124 88
400 Wee Peng Tay 18 1495 288 94 81 71 58
401 Judith Hubbard 12 1482 595 411 97 80 74
402 Hanwang Zhang (张含望） 22 1485 209 143 122 79 64
403 Jing Yu 16 1475 215 214 140 112 105
404 Guigao Liu 22 1483 163 128 109 84 84
405 Chenyang Li 18 1463 190 179 155 131 73
406 Ruey-Kuang Cheng 20 1462 513 112 81 65 64
407 Caitian Gao (高彩天) 21 1463 183 130 120 109 93
408 Yifan Yang 9 1456 375 304 242 165 129
409 Rong Su 19 1449 160 118 102 67 53
410 Lei Lu 17 1446 169 162 131 130 128
411 Rui Tan 22 1439 150 147 118 78 68
412 Xin Chang (常鑫) 15 1438 419 308 161 121 54
413 Tegoeh Tjahjowidodo 23 1436 136 125 105 89 75
414 Sunil C Joshi (PhD) 21 1436 88 77 64 64 59
415 Joyce S. Pang 16 1432 237 222 177 148 97
416 Desheng Wang 21 1428 194 164 109 108 101
417 Elison Lim Ai Ching 9 1426 657 268 139 136 66
418 Kye Yak  See 19 1422 132 85 76 72 46
419 Yeow Meng Chee 19 1417 305 94 50 49 49
420 Quek Choon lang 16 1412 537 146 126 79 61
421 Xuan Wu 16 1413 193 164 163 163 126
422 Adam D Switzer 18 1412 169 144 115 101 90
423 Yufeng Zhou 17 1404 299 228 90 79 76
424 Jun Xing (邢军) 17 1406 173 161 134 125 120
425 Felipe Garcia 16 1376 525 75 66 58 50
426 Arvind Easwaran 21 1371 201 173 83 72 62
427 Lee Yih Hong 18 1376 170 136 111 104 99
428 Chong Seow Khoon Mark 18 1373 268 131 106 87 72
429 Zhong Qize 17 1366 269 236 150 111 109
430 Tram Dang, Ph.D 12 1354 357 220 188 133 81
431 long yi 21 1356 215 80 77 64 61
432 Suchand Sandeep C. S. 22 1351 90 73 66 66 59
433 Wei Ma 16 1349 333 144 142 110 91
434 Anamitra Makur 17 1341 137 106 90 78 59
435 Guanjia Zhao 20 1337 253 134 69 54 49
436 Chung Yen, Ang 17 1333 536 87 56 56 51
437 Diing Shenp ANG 20 1329 58 51 50 46 40
438 Longqing Cong 19 1345 193 136 117 102 75
439 Wong Sze-Sze 15 1328 268 204 200 130 100
440 Pullarkat SA 22 1334 76 68 56 53 47
441 Ming JIAN 9 1320 598 181 176 171 87
442 Hong LIU (刘宏) 18 1321 231 125 84 69 54
443 Miao Yansong 17 1305 166 153 138 109 101
444 Yuen Clement 20 1303 232 139 108 93 81
445 Yue Wang 18 1311 329 168 87 69 61
446 Seng Chee Tan 21 1294 99 94 70 60 54
447 Yasunori Saheki 12 1293 226 208 182 133 129
448 Howe-Siang Tan 17 1291 206 162 123 110 76
449 Krister Jarbrink 17 1284 253 197 116 94 83
450 Martial Duchamp 17 1279 591 72 49 37 35
451 Zhen-Feng Huang (黄振峰) 16 1278 204 188 162 135 68
452 meiting zhao (赵美廷) 12 1279 303 213 155 129 105
453 Whye-Teong Ang 20 1268 119 76 70 61 49
454 Huai ZHANG 13 1260 495 182 145 145 144
455 Yong-Jin Yoon 16 1263 225 138 95 91 61
456 Xiu-Zhi Tang 17 1260 228 195 170 137 72
457 Sie Ting Lau 15 1254 182 122 120 114 108
458 Shell Ying Huang 17 1248 339 125 74 58 48
459 Thomas Rockstuhl 14 1248 225 217 197 138 99
460 Songbai Zhang 17 1239 405 72 67 67 52
461 Bah Hwee Gwee 20 1235 128 70 67 66 65
462 Mahasin Alam SK 14 1234 457 160 156 61 58
463 Zhu Wenyu 19 1240 202 105 80 75 72
464 Xingkuan Chen 17 1225 214 137 113 99 97
465 Dorinda Ostermann 12 1219 270 190 181 148 108
466 Hongbo Sun 16 1217 296 182 51 51 50
467 Junlin Hu 14 1217 335 242 90 87 87
468 Hongjun Wu 19 1214 185 130 71 60 58
469 Ng Hong Wan 15 1209 191 170 104 103 103
470 Arindam Basu 19 1211 124 75 59 57 57
471 XH Liu 13 1213 411 326 173 49 43
472 Wang Yanlong 12 1210 261 212 147 121 96
473 Kin Choong Yow 15 1202 583 96 85 69 34
474 Jingjing Meng 13 1191 428 284 145 72 43
475 Ahmed Hashim 15 1187 395 102 96 79 76
476 Burns, Stephen F 16 1189 271 112 110 87 83
477 Hartmut Klauck 21 1184 89 81 72 71 71
478 Anupam Chattopadhyay 18 1182 68 51 44 40 39
479 berinderjeet kaur 18 1178 48 40 37 33 31
480 Siow Yong Lim 21 1175 149 129 129 100 100
481 Edson C. Tandoc Jr. 16 1182 238 186 89 89 63
482 Peng Hwa Ang 17 1171 174 138 120 113 47
483 Yiik Diew WONG 18 1174 115 68 48 45 42
484 Carmen C. Mayorga-Martinez 17 1168 266 73 63 62 58
485 Charlie Charoenwong 13 1163 329 246 119 119 58
487 Jiajing Zhou (周加境) 12 1157 299 251 100 93 91
488 Jin Tao Zhang 张晋滔 10 1156 341 204 200 158 99
489 Chong Han Chung, Kelvin 16 1156 188 162 125 103 98
490 Zhenjiang Li 17 1144 276 144 101 99 62
491 Xuefeng Lu (卢雪峰) 16 1142 227 124 122 89 89
492 G. Roshan Deen 18 1133 161 108 95 60 59
493 Weihong Huang 13 1129 595 55 46 45 42
494 Chang-Tong Yang 18 1120 101 92 79 76 75
495 Peter Darmawan 19 1119 93 90 86 76 65
496 Xinmei An 15 1122 166 156 125 125 114
497 QINGLANG MA 12 1116 335 153 129 97 80
498 Sri Hapsari Budisulistiorini 17 1096 218 139 124 95 88
499 Yuan Yuan 14 1089 206 198 113 74 64
500 Khun Nay Win 19 1083 53 50 49 48 43
501 Zu Peng 18 1079 124 121 103 78 65
502 Lin Qiu 17 1079 153 138 116 98 91
503 Julien Cayla 13 1068 267 252 102 97 85
504 Marilyn A. Uy 13 1066 304 175 127 97 58
505 Guangbao Yang 14 1071 266 110 99 89 85
506 Shuyu Bao 11 1066 456 200 196 34 30
507 Brendan Luyt 16 1057 253 80 74 55 50
508 Ran Ni 16 1059 238 123 91 88 68
509 Sei-Ching Joanna Sin 18 1057 106 91 72 70 69
510 Amir Abdolvand 17 1047 224 94 77 68 53
511 Chava Vijaya Saradhi, MBA, Ph.D 17 1043 187 83 79 71 66
512 Shafiq Joty 19 1038 81 80 50 49 48
513 Damien Joseph 15 1047 398 110 106 105 31
514 Aida Serra 16 1042 172 103 97 97 87
515 Yan Lu 18 1045 104 101 92 85 71
516 Gih-Keong Lau 18 1043 107 65 54 43 41
517 Linbo Liu 16 1041 293 85 65 60 38
518 Beverly P L GOH 17 1038 94 89 83 67 61
519 Lip Ket Chin 18 1038 129 74 65 65 63
520 Shunzhi Qian 16 1033 168 94 90 80 70
521 Sierin Lim 16 1029 202 188 72 46 45
522 Terry W.J. Steele 16 1030 153 121 89 87 49
523 Hui Jiang (姜 辉) 17 1025 180 96 79 77 60
525 CHEK KUN TAN 14 1018 162 125 103 98 98
526 Zhengang Ju 21 1012 147 90 70 47 43
527 Kam Ming Lim 10 1008 533 120 108 40 34
528 Swee Leong Sing 12 1010 207 173 142 102 87
529 Arul Chib 15 1003 141 104 81 75 74
530 Krishna Savani 14 991 207 136 90 72 69
531 Shoushun Chen 18 992 97 71 64 53 43
532 Xuhua Shi 13 994 251 227 117 60 56
533 Vu Duong (Dương Nguyên Vũ) 15 986 235 72 49 39 36
534 Kwan Wee Tan 13 983 189 183 154 142 73
535 Ser Sue Ng 5 983 505 505 196 124 114
536 Zhaoyao Zhan 21 982 150 66 66 50 46
537 Andy Khong 16 975 77 74 53 44 34
538 Mingjiang Li 14 974 268 164 58 41 29
539 ARIJIT KHAN 14 968 186 143 117 104 57
540 Thambidurai Mariyappan 19 968 65 56 44 43 42
541 Nyunt Wai 16 966 144 112 99 89 60
542 Krishna Udayasankar 6 961 465 409 32 22 14
543 Haiyang Yu 15 961 192 140 83 78 75
544 xi zhang 张希.杜 18 960 77 74 74 66 53
545 Zilong Chen 12 956 256 240 132 92 73
546 Albert I. Chen 5 955 569 245 101 30 7
547 El'fred Boo 8 955 463 247 83 35 33
548 Chaohua Zhang (张朝华) 9 960 480 136 108 93 44
549 Vitali Zagorodnov 13 950 228 175 114 63 52
550 Farish A Noor 15 952 66 66 63 45 43
551 Paul Kumar Upputuri 19 954 71 60 56 55 55
552 Ryo Kitada 15 945 300 73 65 60 55
553 Vivian Hsueh Hua Chen 15 939 247 72 68 59 57
554 Xi Zou 12 934 266 174 110 88 64
555 Zongyi DENG 14 936 130 114 81 66 53
556 Yingyu Law 11 932 238 134 120 78 69
557 Fei Yan 15 932 172 125 64 57 54
558 Ying Hwa Kee 15 930 221 111 92 74 69
559 Weichen Liu 17 926 101 81 67 62 61
560 Weiwen Zhang 12 926 209 175 139 99 58
561 Xianshun Chen 10 922 352 337 69 28 22
562 Dr. Kamalakanta Behera 12 917 148 103 86 85 82
563 Sangbaek Park 18 916 143 104 59 48 47
564 Yohanes E Riyanto 14 915 228 192 75 38 32
565 Teng Wang 13 916 213 105 63 53 46
566 DH Adams 18 911 132 78 51 51 49
567 Luca Onnis 14 907 125 108 97 76 69
568 Martin Skote 16 908 116 105 90 56 53
569 Josephine Lang 10 899 350 152 87 81 72
570 Jianpeng Sheng 6 898 537 537 152 143 38
571 David Z.W. Wang 17 893 128 74 60 54 51
572 Sai Hung Cheung 14 885 198 121 116 66 49
573 Kim Chwee Daniel Tan 12 884 225 185 60 52 51
574 Dan Ping Wang 15 889 245 98 93 71 70
575 Xiao Lin (林晓) 16 884 275 75 66 56 34
576 Bo Wu 16 886 114 98 79 69 56
577 YISI LIU 14 881 196 151 82 47 39
578 Jin-Kyu So 14 878 88 78 77 65 63
579 Qingqing Miao 15 879 144 99 85 83 57
580 Bent Weber 15 879 246 117 97 85 44
581 Pengcheng ZHU 11 877 162 157 125 91 91
582 Kai Wang 18 868 100 76 54 49 45
583 Kaizhou Gao 14 869 177 72 68 52 49
584 Yen Tong 11 862 128 128 125 95 91
585 Xin Xu 16 863 117 113 84 67 61
586 XIAOLI XU 16 859 90 55 38 38 36
587 Michael D. Gumert 15 855 137 124 67 62 50
588 Divaharan, Shanti 13 845 177 136 79 79 65
589 Jin Wu 15 842 109 80 70 66 57
590 James Kwan 10 833 256 103 95 86 67
591 Dr. Rutvij H. Jhaveri 13 829 253 116 75 43 43
592 Yanhua Wu 13 826 181 114 114 63 49
593 Xie Chen 14 839 104 83 82 69 56
594 Emma Hill 16 826 106 63 58 44 42
595 Abdul Rahim Ferhan 15 821 176 74 59 57 50
596 Sreekanth K V 15 818 120 80 70 68 52
597 Zhuangchai Lai 16 822 169 91 67 59 47
598 Judith Walls 11 802 304 129 110 83 41
599 Krishnamoorthy Thirumal 11 804 140 121 105 102 96
600 Dilip K. Prasad 14 807 82 67 67 56 47
601 Vicknesh S 15 795 82 64 63 53 51
602 KONG Pui Wah (Veni) 17 788 83 83 71 54 47
603 Yanping Fang 16 784 104 46 46 39 39
604 Jiong Wang 14 787 153 149 83 49 46
605 Lijia Ma 14 777 169 116 58 56 53
606 Fengming Dong 13 777 244 60 33 30 26
607 Mahardhika Pratama 14 779 135 82 69 56 45
608 Li Mingjie 13 781 287 56 50 49 42
609 Pengyao Xing (邢鹏遥) 15 772 63 61 52 44 39
610 Stephen G Dimmock 11 768 106 89 85 83 74
611 Jiadong Zhou 14 778 113 95 77 74 49
612 Tuan Tran 12 769 183 98 88 85 70
614 Chien-Ming Chen 13 765 184 128 74 74 62
615 Xiaonan Shen 11 766 166 127 114 96 49
616 Xipeng Tan (谭喜鹏) 14 764 136 102 62 40 37
617 Bobby Cheon 12 757 221 133 71 56 44
618 Guangming Pan 15 755 88 81 64 53 36
619 Chew-Hung Chang 12 753 130 88 68 49 41
620 Xiao-Zheng Jin 16 754 119 65 62 36 33
622 Landobasa Y. M. Tobing 17 750 74 72 52 45 32
623 Sean Pyne-O'Donnell 11 755 188 83 69 57 55
624 Yong Luo 11 749 144 102 76 76 76
625 Wahyu Caesarendra 12 749 178 166 56 46 37
626 Gang Chen 18 749 101 61 49 43 37
627 Wang Ting 17 749 111 87 63 60 46
628 Qiaoliang Xiang 11 742 499 43 31 30 25
629 HUAN YANG 15 735 63 59 37 28 28
630 Shivam Bhasin 16 734 72 68 50 35 30
631 Alessandro Romagnoli 14 729 102 69 42 35 30
632 Chu Keong Lee 12 727 141 121 112 67 61
633 Stacey Servito Martin 12 728 133 102 92 89 56
634 Liyanaarachchi Lekamalage Chamara Kasun 7 726 244 241 158 35 22
635 Elizabeth Koh 9 726 442 50 38 31 29
636 Chen Peng 14 720 155 129 83 46 42
637 Zhu Tingshun 14 719 156 93 85 63 52
638 Bernhard Schmidt 14 715 104 69 68 52 51
639 Weiyi Li 13 717 185 75 63 58 51
640 Jessie Ee 14 713 93 73 70 55 39
642 Wilman Septina 16 711 94 75 65 57 46
643 E Andreas Larsson 11 707 389 48 39 37 36
644 Shweta Agarwala 12 706 149 140 96 45 43
645 Phyllis Chew 16 706 102 64 51 29 26
646 Wangqiao CHEN 15 705 131 128 76 33 30
647 Donguk Nam 12 702 102 98 87 81 71
648 Andy H.Y. Ho 14 695 105 88 59 58 53
649 Phillip A. Towndrow 16 695 55 48 47 47 41
650 Kian Hua Tan 16 698 48 31 29 29 29
652 Chen Lv (吕辰) 16 704 106 85 47 44 42
653 Limao Zhang 15 693 55 49 44 42 35
654 Jayaganesh Natarajan 8 691 287 88 87 65 54
655 Harish N S Krishnamoorthy 7 683 478 63 37 25 21
656 Mei Ling Tan 9 683 198 197 120 57 36
657 Wooi-Boon Goh 12 683 124 86 76 62 46
658 Jianwei Nai 12 688 139 117 81 80 76
659 Li Zhang 8 681 182 176 146 71 32
660 Su Su Khine MA 10 677 127 99 98 97 85
661 Guillaume Thibault 11 676 144 103 87 53 49
662 Rita Elaine Silver 13 674 107 77 62 47 46
663 Venice Erin Liong 12 676 220 156 58 46 42
664 Lai Si Tsui-Auch 12 668 118 109 74 57 54
665 Dr. Ramaraju Bendi 14 664 101 79 54 54 39
666 Zhen Gao 12 668 275 75 36 28 24
667 Dmytro Demirskyi 16 663 51 49 47 45 39
668 Wenshu Luo 14 673 146 111 57 39 29
669 Libo Sun 14 658 86 83 60 56 53
670 Chung Lai Hong 10 657 317 62 60 56 56
672 Wenting Liu 12 652 143 58 51 24 23
673 Owen Noel Newton Fernando 12 650 48 46 35 31 30
674 Ben Turner 9 648 307 205 36 24 15
675 Dr. Subas Kumar Muduli 11 647 138 118 75 65 42
676 MINGLIANG FANG 15 644 113 80 50 49 42
677 DONGSHENG ZHAO 11 644 256 57 39 30 29
678 Soonbeng Chew 12 643 93 60 52 47 40
679 matteo seita 10 644 234 130 65 49 48
680 Loke Wan Khai 16 642 75 63 52 51 28
681 Adriana Lopes dos Santos 10 639 159 87 66 60 60
682 Linfeng SUN 14 644 88 82 56 52 49
683 Afu Fu 15 637 78 68 61 52 51
684 Jian-Yuan Lee 8 635 215 149 88 80 33
685 Ee Leng Tan 15 634 72 69 63 32 27
686 Buen Sin Low 7 634 383 92 43 35 33
687 Wang Xikun (Dr.) 13 633 86 76 55 48 31
688 Aikling Tan 14 626 85 49 47 47 40
689 Kheng Swee Leck 13 623 193 73 69 45 43
690 Xiang Liming 14 619 75 63 53 36 35
691 Kelin Xia 15 620 84 59 42 40 38
692 Shu Min Tan 11 623 240 52 48 43 39
693 Tan K.H.K. 13 619 93 75 71 60 42
694 Hie Lim Kim 10 617 216 106 83 74 28
696 Yu Qing 13 615 105 69 67 44 42
697 Zhanfei Huang 13 612 80 78 70 66 52
698 KINWAI LEE 10 614 186 82 70 55 52
699 Hirotaka Sato 13 610 88 79 67 66 48
700 Benoit Taisne 13 608 90 67 54 53 53
701 Xuechao Yu 14 610 77 74 56 53 48
702 Yun-Ke Chang 11 605 253 39 31 26 25
703 Xin Zhao 13 603 136 109 75 51 32
704 Pradeep Mandapaka 12 601 206 60 58 54 46
705 Janice Ser Huay Lee 12 600 153 107 58 56 41
706 Dr Majeed Khader 13 600 96 92 67 55 47
707 Dr. Viniti Vaish 13 599 89 81 60 40 35
708 Ramona Tang 7 597 391 91 34 25 12
709 Zhenqian Fu 10 595 156 84 73 68 52
710 Yuanyuan Guo 13 596 92 73 66 52 44
711 Vijay Kumar Sharma 14 590 90 74 65 37 37
712 Kwen-Siong Chong 12 592 66 65 47 34 30
714 Shirley S. L. Lim 14 590 59 49 47 39 37
715 Thiam Seng Koh 14 588 94 60 52 47 43
716 Chia Xinyi 9 589 240 91 50 42 41
717 Chinagarn Kunacheva 13 585 87 75 64 60 34
718 Dr. P. Balasubramanian 14 620 25 22 22 21 19
719 Wen-Da Oh 12 586 198 50 48 45 44
720 Yilei zhang 15 584 85 33 28 27 26
721 Roh-Suan Tung 15 581 85 60 59 37 34
723 Patrick Martin 12 574 100 81 67 56 55
724 Mei Leng 11 575 128 94 90 55 54
725 Dan WU 11 579 103 91 76 40 39
726 Svetlana Mukhina 10 570 132 126 86 60 38
727 Yuefan Wei 11 572 117 112 98 65 37
728 ana cristina alves 12 570 95 93 57 50 47
729 Holden Li 11 571 225 44 39 28 20
730 Jun Liu 9 581 216 172 44 33 27
731 Topsie RUANNI Fernandez TUPAS (ORCID:0000-0003-2569-702X) 15 571 52 39 27 25 25
732 jing zhang 14 569 129 75 65 63 38
733 Bingchen Cao 10 566 217 127 48 37 30
734 Grennady Wirjanata 10 567 142 137 65 59 29
735 Alice H.D. Chan 10 562 144 108 61 58 46
736 Chenlong Cui 8 562 163 109 73 70 59
737 Jiefeng Zhang 12 563 133 119 56 55 24
738 Sameer ALAM 14 558 54 53 51 42 37
739 Josh Keller 7 560 321 76 42 37 34
740 CHI JIN 9 558 151 109 79 56 41
741 Jasmine Sim 13 557 88 53 41 38 37
742 Oliver Mueller-Cajar 12 554 107 78 55 49 44
743 Mihaiela Stuparu 13 556 53 50 45 41 31
744 Lujia FENG 13 554 82 65 65 42 41
745 Kang Yang Trevor Yu 11 547 168 94 64 27 26
746 Liying Zhang （张礼颖） 13 548 61 60 53 42 39
747 Naomi Low-Beer 8 549 169 148 57 45 34
748 Kan Wu 13 546 45 42 37 36 32
749 Luyuan Paul Wang 9 547 256 78 46 38 30
750 Bo Chen 13 540 74 61 58 41 33
751 Bevita K Chandran 10 541 276 41 41 32 30
752 Sibnath Kayal 9 539 229 117 35 33 32
753 Rathi Saravanan 12 538 66 63 62 52 50
754 Liu Zhiyuan 11 537 106 82 70 46 43
755 Eugene Kang 7 535 172 154 119 24 21
756 Mohamed M. Sabry Aly 13 536 67 48 29 27 25
757 Ji-Jon Sit 9 535 173 130 60 58 31
758 Qian Kai 12 534 82 71 65 44 38
759 Amal Chandran 13 532 96 49 45 38 36
760 Kin-Yew Low 7 532 228 220 28 12 11
761 Asif Akram 10 525 117 68 59 38 24
762 Kenneth K Poon 13 523 99 74 39 31 27
763 C. Chen 14 524 66 31 28 26 26
764 Toh Tin Lam 12 522 33 30 23 22 22
765 Lorainne Tudor Car 9 519 96 63 55 49 45
766 Prakash Pitchappa 13 520 57 57 51 45 29
767 Fusheng Ma 11 514 89 82 71 40 34
768 Sjoerd A. Veldhuis 10 519 287 40 26 17 15
769 Siva Dangeti 9 512 132 96 77 72 36
770 Eunae Cho 8 514 183 107 71 42 26
771 Li Qu 11 514 220 78 56 18 17
772 Zhongbao Wei 13 519 114 57 42 40 34
773 joseph dennis alba 13 510 134 59 45 28 23
774 Eric O. Lindsey 9 511 197 133 52 32 26
775 Xue Zhang 9 510 253 67 30 26 25
776 Jaewoo Lee 8 511 234 129 59 22 17
777 Niu Lin 13 508 70 52 50 47 40
779 Jingfeng Huang 12 505 221 63 24 20 19
780 Jooyoung Hong 11 500 71 67 60 46 41
781 Tienhoa Nguyen 10 500 234 61 47 33 27
782 Hosea Tantang 10 494 94 83 83 59 37
783 Mohammed Khalid Pasha 10 490 123 101 49 46 46
784 BOWEI ZHANG 14 495 84 47 42 38 31
785 Song Heng Chan 13 490 96 54 33 32 28
786 kai qian (钱凯) 12 490 90 56 49 42 39
787 WENHE ZHONG 7 488 131 125 113 44 41
789 Changjin Wan 11 490 161 40 30 24 22
790 Terence Ng 7 485 270 72 51 31 27
791 Ang Keng Cheng 12 484 82 44 34 28 25
792 Nalaparaju Anjaiah 13 485 84 47 46 40 38
793 Meng-Hsuan Chou 14 481 68 57 45 37 32
794 Reju George Thomas 12 485 156 54 34 31 29
795 Jian-Ping Mei 12 481 116 74 65 41 33
796 Satrio Wicaksono 12 484 29 28 28 23 21
797 Chung-Han Chan 12 480 127 40 35 33 29
798 Bo Ling 9 478 175 99 50 39 29
799 Md Saidul Islam 10 477 129 123 30 29 29
800 Kenneth Y T Lim 10 475 82 55 53 48 41
801 Carl Bracken 11 471 99 75 54 53 33
802 Viet Ha Hoang 12 470 95 47 39 36 30
803 Ming Wang 13 468 46 43 37 36 34
804 Shaohua Zhan 10 462 110 78 52 42 40
805 Stefanie Chye 11 464 118 118 118 72 56
806 Stevanus Darmawan 13 463 74 72 47 45 32
807 Cheng Yeaw Ku 10 460 136 44 42 36 23
808 Moo James 13 460 87 54 39 27 27
809 Jing Lim 9 459 243 43 31 27 23
810 Hua Bing Tao 8 462 218 91 45 35 32
811 Madhavi Latha S. Chalasani 10 459 101 82 54 42 40
812 Cise Unluer 11 465 131 58 35 29 28
813 maziar shakerzadeh 12 455 93 55 51 39 26
814 Shubha Nageswaran 11 455 85 74 60 50 37
815 Chung-An Chen 14 455 54 49 42 37 33
816 Jianfeng Ren 11 455 140 44 38 37 33
817 Alfredo Bautista 12 453 61 29 28 27 27
818 Yi Yaolin 13 455 60 45 42 36 33
819 Hongliang Guo 12 450 63 48 36 27 27
820 Crivoi Alexandru 12 449 110 52 42 41 38
821 Iti Chaturvedi 11 448 83 52 49 37 22
822 Jennifer Pei-Ling Tan 11 446 98 62 61 58 47
823 Shitala Prasad 11 445 75 46 39 37 35
824 Peipei Setoh 10 447 78 76 63 53 44
825 Sundramurthy Kumar 9 445 126 86 51 47 30
826 Masato Kawabata 9 443 163 75 67 31 12
827 Isaac Kerlow 4 443 351 351 56 12 8
828 shenbin cao 11 443 115 65 53 34 34
829 ng sl connie 8 440 172 95 38 32 28
830 Kevin Koh 6 439 203 77 54 50 36
831 JooEan Tan 9 438 182 60 44 32 32
832 Tong GE 12 436 89 45 35 34 21
833 Dr Victor Lim Fei 10 434 166 56 52 31 28
834 Manukumara Manjappa 12 443 55 53 51 37 35
835 Nurly Gofar 12 434 76 48 28 24 24
836 Wangxi Fang 7 435 122 99 83 53 33
837 Joel 8 434 104 102 59 57 36
838 Guohua Wang 11 432 71 59 38 33 27
839 Hongyi XU 10 430 169 75 35 26 20
840 Zehui Du 12 428 84 42 40 22 19
841 Jeroen Delvaux 10 426 73 69 61 52 43
842 Xinan Zhang 11 427 135 43 30 26 23
843 Jue Wang 8 428 98 82 76 59 33
844 Kim Huat Goh 9 425 166 63 41 29 27
845 CHI XIONG 11 419 80 54 52 25 21
846 Nathalie Goodkin 10 419 72 63 59 53 36
847 K M Lum 9 420 120 51 48 41 36
848 Eileen Fong 11 420 74 61 58 46 37
849 kusuma agusanto 6 416 158 80 60 57 36
850 Mark Baildon 12 413 53 46 38 33 30
851 Caroline Chénard 8 415 183 81 58 35 16
852 Felix Klanner 11 413 82 65 35 30 26
853 zhang xin 12 412 90 59 41 29 29
854 K Chatterjea 12 408 41 38 30 27 21
855 Sreekumar Pisharath 7 407 149 94 53 31 24
856 Jingoo Kang 6 406 243 107 16 11 6
857 Alexander R. Coupe 9 405 148 57 43 21 20
858 Dr Manoj Sharma 11 403 92 51 40 34 27
859 Hallam Stevens 8 397 95 90 70 62 21
860 Hairon Salleh 9 396 124 72 39 25 24
861 CHEN Zhong 9 398 90 83 52 45 40
862 John Cher Chay Tan 8 397 166 81 37 25 12
863 Kamaludeen Mohamed Nasir 9 396 130 74 44 31 23
864 Norman T-L Lim 11 394 57 51 49 35 26
866 Zhao Qian 11 395 69 47 38 35 33
867 Gerrit W. Maus 9 392 138 40 37 37 29
868 Nguyen Thi Thuy Minh 8 390 85 83 48 48 32
869 Jong-suep Baek 11 391 68 49 29 28 26
870 Xin Li (李鑫) 10 393 76 65 54 32 26
871 Yong Liu 7 388 122 83 80 39 24
872 Kevin Peter Blackburn 11 387 35 28 26 24 23
873 Lin Wu 11 386 54 47 41 37 35
874 Krishna Radhakrishnan 8 384 220 32 31 26 19
875 Zenita Adhireksan 5 384 166 125 70 10 8
877 Akira Uchida 7 382 183 54 33 32 31
878 Udi Sarig 10 381 110 57 50 49 23
879 Vesselin Velichkov 10 382 85 55 52 40 34
880 Yichao Jin 11 380 56 51 40 32 30
881 Sanjoy Mondal 8 378 98 57 56 45 40
883 chi zhang 12 374 53 44 43 38 37
884 Tao Chen 7 374 162 106 38 24 12
885 Prem Prashant Chaudhary 12 372 52 45 31 31 24
886 Yanqin Yang 9 374 109 57 49 45 31
887 Varun Narasimhachar 7 375 159 136 21 17 16
888 Jitamitra Desai 11 370 88 55 33 33 26
889 Yin Ling Cheung 8 369 160 75 34 25 12
890 Tay Lee Yong 10 369 92 75 42 17 16
891 Han Mao Kiah 13 366 35 33 30 28 20
893 Loh, J. 5 368 246 50 37 10 6
894 Beom-Seok Oh 7 365 241 27 21 17 11
895 Wei Zhe Teo 11 371 120 44 33 23 22
896 Mary Anne Heng 11 365 99 37 32 28 27
897 LIM Jun Long 9 364 76 59 45 42 30
898 ZHENGHUA CHEN 8 363 158 43 28 27 24
899 Dr. Saikat Bhaumik 8 362 172 40 40 25 17
900 Selwyn Keng Meng Ng 10 359 49 33 27 27 22
901 Naina Gupta 6 362 231 43 38 21 21
902 Dr. Amit Kumar Tiwari 12 358 40 34 34 30 29
903 Tushar Debnath 12 359 43 39 34 24 23
904 Alfrendo Satyanaga Nio 10 360 73 48 48 40 28
905 Mark Cenite 10 356 73 65 52 36 29
906 Dong Liu 10 355 52 45 45 44 42
907 Vahid Aryadoust 11 359 38 25 24 19 14
909 Md Moniruzzaman Sk 9 354 72 66 46 29 27
910 Ling Song 10 353 108 35 28 27 25
911 Gangqiang Zhao 13 352 63 33 33 24 24
912 Yufeng Song 12 359 73 35 31 28 19
913 Ang Cheng Guan 10 349 60 48 43 41 31
914 Zhang Zhenzhen 7 351 217 35 33 23 17
915 Rajeeb Kumar Jena 11 348 72 29 29 29 28
916 Zhiyuan Gu 11 348 48 37 30 22 18
917 Zhenwei Xie 10 349 63 41 32 23 21
918 G.R. Jagadeesh 7 346 166 103 22 12 9
919 Sourav Sen Gupta 11 345 68 48 47 23 19
920 Nadya Markin 9 345 99 53 33 30 24
921 Zheng Fan 11 346 46 45 27 21 20
922 Khoa Nguyen 10 345 64 48 44 43 35
923 Jiang Lian Lian 7 344 151 86 29 25 14
924 Nishanth Venugopal Menon 10 347 85 59 45 26 24
925 Chee-Hoo Lum 11 342 56 50 39 29 21
926 Vitali Lipik 9 341 149 49 21 15 14
927 Vikramkumar Pudi 7 345 131 95 50 25 12
928 Wen Liu 11 338 85 46 33 31 21
930 Zhi Feng 8 337 92 89 44 20 20
931 Ke Yin (Dr.) 11 337 40 39 34 29 25
932 Qu Feng (冯曲) 10 335 77 59 31 22 22
933 Shang-Wei Lin 11 335 56 35 21 19 18
934 David C Yeo 8 331 182 31 16 16 13
935 Songlin Chen 10 331 85 41 32 29 28
936 Siyuan Liu 11 329 60 51 34 27 27
937 Yok Yen 8 329 95 59 50 20 18
939 Antony Kam 8 331 89 65 46 39 35
940 Mahinthan Chandramohan 11 327 72 38 37 23 21
941 Callum G Littlejohns 9 327 57 53 35 26 25
942 Bing Wang 8 330 67 65 55 42 28
943 Yufeng Cai 8 331 68 59 52 49 37
944 Nay Min Min Thaw Saw 9 329 121 38 37 27 27
945 Svetlana Obraztsova 10 325 47 37 35 32 31
946 He Cai 10 326 87 35 35 33 27
947 Angelo Basteris 9 327 108 39 27 26 25
948 Ashutosh Agarwal 5 326 234 28 25 21 8
949 BINIT SYAMAL 8 320 104 43 33 21 18
950 Xiangfei Kong (孔翔飛) 9 321 53 46 45 37 32
951 Che Chang Chong 6 322 107 67 61 49 16
952 Gurjeet Singh Kohli 12 324 54 43 25 22 21
954 Yun Qinbai 9 323 134 59 44 20 18
955 Amdad chowdury 9 329 56 55 42 42 41
956 Chethan bk 11 313 84 33 28 27 19
957 Rakpong Kaewpuang 8 313 124 68 30 28 18
958 Chee Kuen Chin 8 312 155 49 25 20 18
959 Dr. Shaikshavali Petnikota 8 312 62 48 48 40 34
960 Paramita Das 8 312 84 72 41 40 28
961 Srinivasan Kannan 8 311 102 52 44 31 27
962 Maryam Moayedi 6 310 142 42 40 37 19
963 Hong Xu 7 307 145 85 15 13 9
964 Chee Soon Tan 5 310 179 64 21 19 17
965 Muhammet Bastan 7 308 101 46 45 29 14
968 Dr. Rajiv Bajpai 4 307 121 115 49 8 4
969 Jaime Rubio Hervas 11 305 51 22 19 19 16
970 Paul Hedges 8 303 83 34 34 34 34
971 Nagesh Geddada 6 301 127 93 18 17 13
972 Liyan Chen 7 300 139 64 28 19 16
975 Abdulkadir Yucel 8 297 78 43 29 18 15
976 Guo Zhan Lum 10 298 100 38 33 26 20
977 Jian Ji 9 295 78 69 24 15 15
978 Csilla Weninger 11 294 62 32 26 20 18
979 Noor H. Awad 10 294 38 34 25 25 24
980 Ebrahim Akhondi 11 292 49 44 26 26 22
981 Ye Chen 9 293 69 42 39 33 32
982 Sreekumar Pankajakshan 7 291 87 71 38 36 27
983 Jeremy Chan Soon Kiat 8 292 101 45 40 28 14
984 Chang Ke 11 288 42 34 29 28 24
985 Sarifuddin Gazi 8 288 90 50 50 29 21
986 Gordon M. Xiong 9 284 50 46 37 36 18
988 Smitha K G 11 282 25 21 19 18 17
989 Bhubhindar Singh 8 283 65 43 35 23 19
990 Raihana Begum 8 282 77 67 38 25 22
991 Xiangyan Shi 8 281 75 73 53 16 13
992 Wanji Seo 7 282 90 72 33 31 21
993 Bao Te 7 279 87 52 42 21 16
995 Wei Zhengrong 11 279 34 29 27 21 20
996 Quang Thang Trinh 10 280 42 40 38 25 25
998 Alok Prakash 8 282 83 36 33 29 19
999 Li Sisi 7 279 96 62 29 25 25
1000 Prasad Yadav 8 276 65 56 52 25 21
1001 Lewis K.S. Lim 6 276 115 101 10 10 7
1002 OU ZHAO 10 281 43 40 34 29 26
1003 Alireza Talebitaher 11 274 33 26 22 19 18
1004  Hyekyung Kay Kim 9 276 57 39 26 25 24
1005 Yew Hoong Leong 10 273 33 25 16 15 15
1006 Thi Hien Thao Pham 7 273 107 94 20 14 9
1007 Debbie Goh 7 273 76 65 33 30 12
1008 Reshmi Das 7 272 66 57 40 34 34
1009 Shimin Gong 10 271 43 37 20 20 17
1010 Li-Jun Lang (郎利君) 4 270 144 57 46 13 4
1012 Jani Tanzil 6 269 162 38 27 17 8
1013 Mrinal Haloi 6 270 184 27 14 14 12
1014 Graham Gerard Ong-Webb 9 268 61 48 26 25 22
1015 Youyenn Teo 8 267 51 46 43 23 23
1016 Yuanting Su 9 267 54 40 36 29 28
1017 Issac Niwas Swamidoss 11 266 41 28 27 23 20
1018 cheekiat seow 6 265 165 44 9 8 6
1019 Xi Chen 10 265 33 30 30 29 23
1020 Zhihui Zeng 7 263 103 65 39 13 11
1021 Hao WU 7 263 125 61 26 11 11
1022 Bernard Loo 7 263 122 40 20 14 12
1023 Christopher Jacques Lech 10 262 64 37 37 28 22
1026 Qingchang Zhu 6 261 158 43 27 8 6
1028 Albert Causo 7 260 59 55 37 29 16
1029 Sreemanta Mitra 8 258 58 51 33 16 13
1030 Shengqing Zhu 6 256 77 60 52 27 15
1032 Zhengyang Zhang 9 259 60 40 24 23 23
1033 Hongchang Li 7 256 118 25 17 16 14
1034 Yin Yin 10 254 39 35 25 23 20
1035 Min Meng 10 253 45 27 26 18 17
1036 Yogesh Kumar Srivastava 10 264 37 35 29 29 19
1038 Wai-Mun Chia 9 251 55 28 18 17 17
1039 Riko I Made 7 251 90 36 15 13 9
1040 Liew Kai Khiun 8 249 41 31 17 14 13
1041 Premchand Dommaraju 9 251 44 35 23 22 22
1042 Younhee Kim 10 249 32 29 29 27 25
1044 Koh Swee Lean Collin 6 248 58 49 34 15 9
1045 Euntae Yang 8 249 55 35 34 17 17
1046 Chong Sau Siong 7 244 83 69 22 21 19
1047 guofeng liu 8 243 83 38 34 17 15
1048 Aijing Ma 9 240 56 38 34 31 22
1049 Teck Wee GOH 8 242 61 39 32 28 25
1050 Kaiwei Li 10 236 53 31 20 17 15
1051 Pluss Caroline 9 233 53 19 17 16 14
1052 Geoffrey Chua 4 232 96 70 42 11 4
1053 Ganesh Rajendra Kokil 7 231 47 46 46 27 16
1054 Eddy K M Chong 8 231 87 33 24 14 9
1055 Ben Choi 6 233 122 31 17 15 14
1056 Jieun Ko 10 231 43 39 31 16 15
1057 Bok-Suk Shin 10 232 35 32 28 21 13
1058 Yao Wenli 8 231 59 46 39 19 15
1059 Debasish Mondal 8 230 50 50 19 17 15
1060 XINGLIN WEN 8 230 62 49 22 19 16
1061 Marco Thomas Seidel 9 229 37 33 26 25 19
1062 Nicole S Khan 9 228 56 38 22 18 18
1063 YANG Peidong 6 228 88 33 25 20 15
1064 Xiaoming Yang 7 227 92 54 33 17 12
1066 Weng Kin Ho 7 225 44 44 26 25 18
1067 Sudhanshu Shukla 8 224 88 24 24 24 21
1068 Yan Wang 6 223 143 21 15 10 9
1069 Yao Zhang 8 222 54 53 20 18 14
1070 Apoorva Chaturvedi 9 228 74 30 26 16 13
1071 Hsin-jen Hoh 8 221 119 18 16 10 10
1072 Leonel Lim 9 218 38 33 25 20 19
1074 Jian Xie 8 220 78 33 20 20 16
1075 Pee Choon Toh 8 216 42 38 24 21 14
1076 Xiaohui Bei 6 218 63 39 38 24 16
1077 Adam C. Roberts 8 216 67 32 16 15 15
1078 Y. S. Foo Eddy 5 219 113 40 27 18 14
1079 Anantha P 5 215 146 24 13 10 7
1080 Duc Tai Dam, Tommy 9 216 53 30 26 23 19
1081 Jiawen Kang 7 217 38 34 34 23 16
1082 Shukui Liu 6 214 92 21 19 15 10
1083 qiushi wang 8 213 60 39 24 15 15
1084 Wenyu Zhu 8 214 36 32 25 25 24
1085 Xiang Ying 8 211 43 37 28 24 20
1086 Yuhao Wang 10 209 32 22 19 18 17
1087 Su Yin Ang 6 207 70 42 33 27 19
1088 Xie Jinlong 8 207 40 39 36 26 19
1089 Jan Pawel Stempien 9 207 40 31 28 26 25
1090 Wei Long Ng 7 208 72 59 21 20 11
1092 Libo Guo 6 204 82 66 14 11 10
1093 Hongwei Hu 6 205 79 46 28 23 14
1094 Anansa Ahmed 6 204 72 55 23 18 14
1095 Hortense Le Ferrand 5 204 92 72 22 10 6
1096 Kaushik Parida 8 206 54 52 22 14 13
1097 Guo Jing 7 203 53 35 26 20 16
1098 Yihao Yang 6 203 56 51 25 12 10
1099 Chao Wang 5 203 70 70 28 13 7
1100 Genaro Castro-Vàzquez 9 202 29 23 15 15 14
1102 Xavier Gallart-Palau 8 202 39 31 28 18 16
1103 J.J. Woo 8 200 63 22 19 14 14
1104 Qipeng Liu 7 200 55 47 14 14 13
1105 Mengyuan Liu 9 201 42 34 18 17 17
1106 Venkatesh Mamidala 8 198 42 32 23 22 22
1107 How Teck TAN 6 199 63 56 38 23 10
1108 Alexander Mirzoev 6 202 99 37 25 13 10
1109 Bani Kaur Suri 8 197 62 46 21 19 15
1110 Arezoo Rahimi 5 197 87 78 9 7 5
1111 Yundong Cai 8 196 30 27 27 20 17
1112 lei liu 6 196 80 42 21 20 12
1113 Tian Fook Kong 7 196 54 31 28 27 26
1115 Shunli Zheng 7 196 66 53 22 13 11
1116 Vee Vee Cheong 6 195 67 36 32 31 16
1117 Mojisola Helen Erdt née Anjorin 7 196 51 43 25 10 10
1118 linlin li 7 195 106 31 15 13 10
1119 Chongyun Jiang 7 195 70 17 15 14 12
1120 Qichong Zhang (张其冲) 8 197 41 33 20 18 13
1121 Dr. Vishwesh Dikshit 8 195 64 37 20 16 12
1122 Yiong Hwee Teo 6 194 79 24 23 22 13
1123 Bilal Ahsan 4 194 161 15 11 4 3
1124 Mohamed Nawab Osman 7 193 39 15 14 11 11
1125 Jennifer Yeo 8 193 46 38 14 12 11
1126 Sujit Kumar Sahoo 7 193 59 38 19 15 14
1127 Xunchang Fei 7 192 64 36 16 15 14
1128 Nishtha Panwar 8 195 41 35 24 24 19
1129 Deepankumar Kanagavel 7 192 35 32 21 21 20
1130 Xiaoqiang Li 6 193 90 35 15 9 9
1131 wei shu 8 191 47 33 20 19 12
1132 Xiao Yan 8 190 40 35 26 22 22
1135 Guozhu Meng 7 188 87 26 18 17 10
1136 Antonios Varvitsiotis 8 188 30 26 21 13 10
1137 Hai Siong Tan 8 188 39 36 27 21 20
1138 Meng Ee Wong 7 187 37 37 23 14 13
1139 Shashwat Shukla 5 187 61 53 23 22 11
1140 Gissella B. Lebron 10 187 25 21 18 15 15
1142 Lina Nie 7 186 31 30 28 20 20
1143 K.R.G Karthik 8 184 62 32 29 13 11
1144 Liu Aifei 6 184 92 26 23 16 8
1145 Xiaohui Qi 6 183 92 35 16 14 13
1146 Geok Yian Goh 7 182 39 36 34 16 9
1148 Abdul Basit 5 180 68 38 16 14 12
1149 Ronny William 9 183 35 29 22 14 12
1150 Frederic Ezerman 7 178 40 36 21 21 20
1151 Yinzhi Zhou 7 180 73 28 26 20 9
1152 Sébastien Pacchini 8 177 24 18 17 16 12
1153 Michael J K Walsh 7 177 27 19 13 13 11
1154 Yu Chen 8 175 42 40 26 15 11
1156 Sabrina Ching Yuen LUK 6 176 95 20 14 12 12
1157 Ratima Suntornnond 7 178 75 29 20 18 11
1158 Tomasz Maszczyk 7 175 71 17 14 13 11
1160 Kelvin Law 5 173 59 44 32 15 9
1161 Kok Hui Tan 5 173 69 35 24 19 15
1162 PremilaGowriShankar 6 172 54 34 27 24 16
1163 Wint Phoo 5 172 73 35 33 17 8
1164 Feng Zhu 7 175 50 35 20 18 17
1165 Nabeel Rashin 6 171 57 30 21 20 19
1166 I Lo-fen 衣若芬 7 171 27 18 12 9 8
1167 Kenichi Ito 6 172 43 39 34 27 14
1168 Anish Priyadarshi 7 171 57 17 17 14 12
1169 Glenn Toh 7 171 46 19 12 9 8
1170 Muhammad Jamil 7 172 33 26 26 26 24
1171 Amit Kumar 8 170 30 29 21 12 11
1172 YUVARAJ RAJAMANICKAM 8 170 32 32 23 21 13
1173 Fajun Yang 6 169 36 36 34 24 6
1174 Abirami D 3 168 80 53 34 1 0
1175 Saurish Chakrabarty 7 167 48 26 22 17 15
1176 Hongzhou Zhang 7 167 19 15 13 12 12
1177 Lu Shunpeng 8 167 29 23 20 18 18
1178 Lai, Chang Quan 7 167 35 33 20 17 12
1179 Zhihua Fan 4 167 88 29 26 19 2
1180 Christopher L. Cummings 8 165 35 20 17 17 16
1181 Nguyen Khoi Tran 5 166 54 47 35 15 14
1182 Xiaohai Tian 7 165 49 18 12 10 9
1184 Dwi Agustina Kurniawati 4 164 83 72 5 4 0
1185 Wee-Kee Tang 7 164 30 19 15 15 12
1186 Wei Wang 8 165 23 22 21 21 19
1187 Michael Lochinvar Sim Abundo 3 163 135 16 3 3 2
1188 Fei Shen 8 164 20 19 17 15 14
1189 Meng Meng 6 164 22 16 10 9 7
1190 Qiaohong Li 6 163 35 29 23 23 11
1191 Zhang Caizhi (张财志) 9 163 21 16 15 15 14
1192 Zhou Song 8 163 30 28 22 17 15
1193 James Ho C.S. 8 163 25 20 19 17 16
1194 Yuvaraj Rajamanickam 8 165 32 32 23 21 13
1195 rekha jakhar 11 164 20 18 16 16 15
1196 Jun Lin 8 162 27 21 19 16 14
1197 Zhuang Zhi Chong 7 164 62 24 24 20 19
1198 Xun (Irene) Huang 6 163 42 38 30 19 11
1199 Wei Ming Chiew 5 161 55 44 22 12 6
1200 LI Jinhui, Kevin (李锦辉) 6 163 46 33 17 17 14
1202 Rahul Siwatch 8 161 27 24 19 18 12
1203 Nuri Kim 4 161 107 26 14 10 2
1204 Hu Chen (陈虎) 7 160 42 16 16 16 14
1205 Di Wang 7 162 51 24 22 10 9
1206 Jingwei Wang 8 160 24 24 16 14 13
1207 Reinack Varghese Hansen 8 161 66 17 15 13 10
1208 Dr. Vishal Singh 6 160 47 40 23 10 10
1209 Sumanta Bose 7 158 34 22 18 15 11
1210 yuan cao 6 158 40 24 21 13 13
1211 Joyjit Chattoraj 6 158 60 46 28 8 8
1212 Jaewon Kim 7 157 35 35 24 12 10
1213 Hung Nguyen D. 7 157 31 23 23 20 9
1214 Adriana Huerta-Viga 7 156 48 24 24 18 16
1215 Jude Chua Soo Meng 6 156 46 30 19 9 7
1216 MAOJIAO YE 6 156 51 34 22 12 11
1218 Muhammad Rosdi Abu Hassan 6 156 53 29 13 12 12
1219 Wahyu Surya 8 157 31 18 17 15 15
1222 Ying Ying Tan 8 153 21 20 16 13 11
1223 Kumud Ranjan 7 152 37 21 15 10 9
1225 Dr. Sankara Rao Gollu 8 151 29 20 17 17 15
1228 Mridula Biswas 7 150 23 17 15 14 10
1230 Suzy Styles 7 149 41 33 17 12 11
1231 Wei RAO (饶为) 6 149 42 42 13 9 8
1232 Dr Ram Bajpai 6 150 47 28 10 9 8
1233 Maopeng Ran (冉茂鹏) 6 149 48 32 9 9 8
1234 Fatt Cheong Choy 7 147 53 30 14 10 10
1235 Thomas Joseph Elliott 7 148 40 32 28 16 9
1236 Boon Liang Chua 6 148 26 22 17 12 10
1237 Ayan Ray 9 148 21 17 16 15 12
1239 Anit Mukherjee 6 146 24 13 12 9 8
1240 Ebi Jose, PhD 6 146 37 30 27 22 17
1241 Edward  Park 4 146 57 44 21 14 2
1242 SONG HAN(韩松) 7 149 26 21 20 14 13
1243 Neethu Robinson 6 146 54 32 9 9 9
1244 Yong Li 7 145 41 22 17 14 13
1245 Dr. Ali GHADBAN 7 145 42 33 20 18 17
1246 Zhen-Peng Bian 5 144 78 21 13 12 9
1248 Snehasish Basu 5 144 70 30 15 14 13
1249 Diganta Das 6 143 84 19 9 9 9
1250 Karthic Narayanan 6 144 70 31 9 8 7
1251 Chunjiang Zhang 7 144 41 35 19 12 9
1253 David Sanán 7 141 23 19 15 11 9
1254 Dr. JIANG Jin 7 141 26 22 22 15 13
1255 Wijnand Broer 6 141 34 32 28 16 16
1256 Shangqin Yuan 7 142 30 20 19 18 18
1257 kathyayini sivasubramanian 6 141 41 36 15 13 13
1258 Athirai A. Irissappane 7 141 42 17 17 16 15
1259 Xiaogang Han 6 140 28 27 26 24 14
1260 Stewart L. Arnold 4 140 63 45 14 7 4
1261 Wenyan Leong 5 140 39 36 24 17 15
1262 Varun Chaudhary, PhD 7 141 26 17 16 13 12
1264 Haitao Liu 7 138 26 15 14 13 13
1265 Jakub Breier 6 138 15 9 8 7 6
1266 Jayantha Siriwardana 6 137 61 30 12 11 11
1267 Hossein Dehghani Tafti 7 137 54 15 13 12 8
1268 Ding Yu Heh 6 137 19 16 14 11 11
1269 Xiaobo Shen 7 136 22 19 19 14 11
1270 Vishram Mishra 7 136 22 20 20 13 11
1271 Leong Hai KOH 6 134 38 23 23 17 12
1272 Hu Xiaolei 7 133 41 29 12 10 9
1273 Shantanu Mulay 8 133 54 12 11 10 10
1274 Kiam Cheng How 5 134 49 46 15 5 5
1275 Weiwei Cai 5 136 40 26 26 16 6
1276 Caleb H. Tse 5 133 87 21 7 7 6
1277 Dr. A. Sudheer Kumar 7 132 38 24 16 16 9
1278 Kim Cheng Boey 7 132 36 14 11 9 8
1281 Benedict Lin 4 131 61 27 19 14 3
1282 Andy Cahyadi 7 131 36 24 18 13 11
1284 Jun Xiang Yeo 8 130 39 16 13 12 12
1285 Ian McGonigle Ph.D. (Harvard and Cambridge) 6 129 31 26 25 10 6
1286 Xin ZHONG 6 129 42 19 15 15 14
1287 Dongyao Cui 5 129 42 21 19 13 8
1288 Zhirong Qiu 5 131 48 27 23 14 6
1291 Michael Raska 6 129 16 15 11 10 9
1292 Soumya Shubhra Nag 5 128 64 17 10 9 8
1293 Charles Or 6 127 48 20 18 11 10
1295 Felix Binder 3 129 50 46 27 2 2
1299 Jong Hyun Jung 6 127 34 30 18 12 10
1300 Ankit Das 5 126 54 28 12 9 6
1301 Hui Li 7 126 34 23 23 9 9
1302 Annamalai Narayanan 6 126 38 21 18 17 14
1303 Jishen Qiu 7 126 36 15 9 9 9
1304 Dezhong Yao 7 125 22 20 17 14 9
1305 Tat-Thang Vo-Doan 5 124 67 15 14 14 7
1306 Hui Ying Sng 4 124 93 10 8 7 2
1307 Rohit Satish 5 124 38 34 22 21 5
1308 Qui Tran 7 123 52 27 11 8 8
1309 Yee Fen Lim 5 123 36 36 28 28 17
1310 Wenqi Du 7 124 26 24 13 13 11
1311 Zhenwei Miao 6 122 28 26 15 13 9
1312 Ross Horne 7 122 19 14 14 12 10
1313 Enyi Yao 8 122 29 15 14 12 11
1314 Tatinati Sivanagaraja 6 123 23 19 18 11 11
1316 Shanshan Xu 5 122 39 23 12 12 11
1317 Liang See Tan 6 120 26 20 10 8 8
1318 Qiong Wu 6 119 28 17 16 16 15
1319 Ismail Shahabadi 7 119 26 20 15 13 11
1320 Dr. Deepa Rajwar 7 120 21 19 18 14 13
1321 Yun Wen 8 120 23 16 11 10 9
1322 Dongju Peng 7 119 23 15 13 13 12
1323 Yang Li 6 118 35 19 16 13 10
1324 Xuemei Han 6 119 37 24 20 9 7
1325 Suzanne Choo 6 117 22 20 20 15 7
1326 Yicheng Zhang 6 119 17 16 14 10 8
1327 Chi Seng Pun 7 117 27 21 18 12 9
1328 Sim Wai Chew 4 118 65 34 12 4 3
1329 DAVID MÚÑEZ 7 117 33 17 13 10 10
1331 Geronimo Jimenez 6 116 50 15 15 8 7
1332 Yi Tay 7 116 15 13 12 11 11
1333 Jiaqing Xiong 5 116 29 26 18 9 5
1334 Donghun Kang 5 115 62 11 8 8 5
1335 Leonard Tan 7 116 26 13 10 9 9
1337 Maciej Baranski 6 115 15 13 12 12 8
1338 Kavitesh Bali 4 117 77 17 11 5 3
1339 Kaiqi Zhao 5 115 45 32 16 8 6
1340 Chen Wang 6 114 35 26 18 11 9
1341 Qianwen Xu 5 113 29 23 10 10 9
1342 Xinyu Liu 7 114 21 13 13 12 11
1343 Alistair D. B. Cook 4 113 22 13 10 5 4
1344 Simon Creak 7 113 15 14 14 11 11
1345 Wang Zhe (王哲) 6 113 36 26 17 12 9
1347 Francis C. K. Wong 3 112 87 13 7 3 2
1348 Chiao-Yi Wu 4 113 79 15 6 6 4
1349 Victor W. Chu 7 112 19 11 11 10 9
1350 Wenjie Wang 6 112 27 17 11 7 6
1351 Jiaguo Huang 5 116 28 23 21 8 7
1352 Watson Chua 6 112 41 21 16 11 9
1353 Chang Xu 5 111 51 16 15 12 11
1354 Tomoo Kikuchi 7 111 20 20 9 7 7
1355 Shunfeng Yang 6 110 24 11 11 10 9
1356 Zhao Yugang 5 111 56 23 16 7 6
1357 Evan Resnick 5 109 59 23 8 6 6
1358 Yong Liu 6 109 19 15 15 11 10
1360 Pradeep Kumar Gopalakrishnan 4 108 34 33 15 5 4
1361 Hyung Wook Park 5 108 31 29 16 10 6
1364 Yachang Zeng 2 108 78 25 2 1 1
1365 Yichen DING 7 109 25 19 13 12 11
1366 Leng Ho Keat 6 108 15 15 13 11 10
1367 Jeffrey Oalmann 4 107 52 25 12 6 3
1368 wang junfeng 5 108 23 22 17 16 13
1370 Jie Chen 6 107 28 14 12 10 9
1371 Wenchao Yi 6 108 28 26 20 9 8
1372 TIEN-DUNG NGUYEN 6 107 24 11 11 11 8
1373 Xianghong Wang 6 106 42 12 11 11 10
1374 Junming Zhang 7 105 27 15 14 12 11
1375 Hui Yan Cheah 5 105 33 25 16 11 8
1376 Nikolay Berezhnoy 5 104 63 10 9 7 7
1377 LI Huan-Qing 李焕青 6 105 31 26 12 7 7
1378 Rajiv George Aricat 5 106 42 13 10 7 7
1379 Mohammad Shihabul Haque 6 105 28 21 14 13 13
1380 Liuhao Ge 3 106 64 30 6 3 1
1381 Jingxia Lin 林静夏 5 104 19 13 10 7 6
1382 Zhu Sun 5 106 66 10 7 6 6
1383 Jing LI 6 103 22 13 8 7 7
1384 Muneaki Miyasaka 7 103 19 18 18 11 9
1385 Leibin Ni 5 103 32 19 18 8 5
1388 Yang Zhu 5 102 47 23 11 7 6
1389 Jia Shin Ho 6 102 31 17 16 13 13
1390 Yew-Ming Yeap 6 102 29 18 10 8 7
1391 Andrew Duffy 6 101 13 13 12 12 12
1392 WANG Longqi 5 100 53 20 12 5 5
1393 Andrew T. Forcehimes 5 100 41 17 14 8 5
1394 Lee Ai Noi 5 103 60 14 8 7 6
1395 Cheun Hoe, Yow 5 99 24 19 13 8 8
1396 Weiliang Gan 5 99 35 8 7 7 6
1399 Xinbo WANG 5 99 39 16 13 11 10
1400 CHEN-CHIANG YU 6 99 25 24 17 11 10
1401 Harshida Parmar 5 98 19 17 13 11 10
1402 Zhaomeng Zhu 4 100 70 10 5 5 3
1403 Hisham Cholakkal 6 98 26 17 15 11 10
1404 CHAI Chen, Dora 6 98 19 14 12 8 7
1405 Xiaoli Xu 6 99 14 12 9 9 7
1406 Chen Lou 3 98 54 23 10 3 2
1408 Xudong Yu 6 98 25 15 15 14 8
1409 Barış Burak KANBUR 6 97 23 21 11 10 7
1410 Yvonne Peck 6 96 34 18 9 9 9
1411 Laik Woon Teh 7 96 26 18 12 8 7
1412 Buket Özkaya 4 96 39 33 7 6 4
1414 Khue Vuong Nhu 7 95 25 14 10 9 9
1415 Joseph Vas 4 96 57 16 8 8 3
1416 Lilu Cheng 7 94 15 13 11 10 9
1417 junluo feng  4 94 49 16 11 8 3
1419 Sidharthan R 6 93 13 12 12 10 7
1420 Wai Hon Chooi 5 94 37 16 12 11 6
1421 Sy Ren Quah 5 93 38 10 10 9 5
1422 Ban Heng Choy 6 94 20 17 12 9 8
1423 Ristian Atriandi Supriyanto 6 93 14 7 7 7 6
1424 Huang Hantao 5 93 22 16 15 8 6
1425 Zachary Walker 5 92 23 22 14 9 7
1426 Hannes Rall 5 92 41 11 9 6 5
1428 Pang Wee Ching 5 92 42 12 7 7 6
1429 Shasha Mao 5 91 39 16 10 7 6
1431 Raj kamal Abdul Rasheed 6 92 24 18 15 14 7
1432 anand jesudas 5 91 35 16 10 9 9
1433 Chao Sun 5 91 20 20 18 12 9
1434 Lin JING (景琳) 5 92 20 19 17 11 9
1435 Yingfei Diao 4 90 40 17 16 8 3
1436 Rahul Kishor 5 90 22 18 13 13 9
1438 Huang Ruoxuan 5 92 39 13 11 8 5
1439 Yuan Zhou 5 90 36 22 12 7 7
1441 Jia Bowen 7 89 16 13 11 10 8
1442 Wen Jun Tan 5 90 41 11 9 9 9
1443 Rohit Abraham John 6 89 42 12 10 9 7
1444 Zhao Tianyang 6 90 16 11 10 10 8
1446 Robin Rajan 4 88 29 22 16 14 2
1447 Gary Greaves 5 87 36 13 7 7 5
1448 Kei Koga 6 87 11 9 9 9 7
1449 Farnaz adib yaghamaie 5 86 29 13 9 8 6
1450 Adrian Tan Wei Yee 7 90 15 12 10 10 9
1452 Jingyang Fang 6 86 18 13 9 8 8
1453 Sadiye Halitoglu-Velioglu 4 85 36 22 12 7 4
1454 Qinghua Song 5 86 34 19 7 5 5
1455 Zhigang Tu 6 85 20 12 9 8 8
1456 Irm Haleem 4 85 47 18 7 6 3
1457 Sun Peng 4 84 59 11 4 4 2
1458 Tianchi Liu 6 87 20 17 13 10 8
1459 Guangyin Feng 5 84 16 16 15 10 7
1460 Liu Yejing 6 85 18 17 15 8 8
1461 Jason Wen Yau Lee 5 84 37 15 12 6 6
1462 Vimal Rau Aparow 4 83 21 12 9 8 4
1463 Bhone Myint Kyaw 4 83 41 24 8 5 3
1464 CHANMIN PARK 4 84 27 19 19 8 4
1466 Kexin Tang 5 85 35 18 12 7 7
1468 N K Swami Naidu 6 83 24 24 19 14 9
1469 Abhishek Ambede 5 82 18 17 12 9 8
1470 Zhi Yang Tam 5 83 20 17 15 14 9
1472 Nan Hu 5 80 23 21 10 8 8
1475 Qi Cao 4 80 39 17 8 4 4
1476 James Lambert 4 80 23 19 12 12 10
1477 Michael Walsh 5 80 27 13 7 7 7
1478 Yanbin Wang 3 79 45 15 15 2 1
1480 Dr. Vivek Balachandran 6 80 25 19 11 9 7
1481 Md Noor-A-Rahim 5 79 12 10 10 7 5
1484 Bhan Lam 5 79 15 8 7 7 7
1486 Muhammad Zafir Bin Mohamad Nasir 6 79 16 15 12 9 7
1487 PerMagnus Lindborg 4 78 11 9 9 8 4
1488 Hitomi Shirahama 6 83 15 15 13 10 10
1489 Si Chen 6 78 12 11 10 10 7
1490 Eugene I.D. 4 78 17 13 7 6 4
1491 EN BO 5 77 10 8 7 5 5
1494 El Sahili Abbas 4 76 27 17 12 11 4
1495 Thinh Hung Pham 5 77 26 11 9 9 8
1500 Ching-Hung Lee, Lee,C.H. 李清宏 5 75 23 22 8 8 6
1501 daniel jernigan 5 76 18 16 9 7 5
1502 Liang Yuan 5 75 19 10 7 7 6
1503 MengChang WANG (王孟昌) 5 74 22 22 5 5 5
1504 Yangtao Wang 4 74 33 12 10 7 4
1505 Kenneth Keng Wee Ong 5 74 32 18 6 6 5
1506 Xiaoqi Yan 4 74 29 18 14 4 3
1507 Sonali Nirmal 7 75 14 11 11 11 9
1508 John Robert Bautista 5 74 21 15 12 8 6
1509 Dong Qingbing 6 74 15 12 11 7 6
1510 Yiqing Zhang 6 76 19 11 11 10 8
1511 Hui Xie 5 74 14 12 9 9 9
1512 Mengjing Wang 5 75 29 9 8 7 5
1513 Sachin Mishra 5 73 11 10 8 8 8
1515 Neil Murphy 5 72 14 12 8 6 5
1516 Eric J.R. PHUA 5 72 20 12 11 8 7
1519 Satya P Singh, Ph.D. 6 72 13 12 11 11 11
1520 Hai-Sheng Zhao 4 72 26 13 9 7 3
1521 Mubarak Ali 4 70 40 11 8 7 2
1522 Liang Xu 3 72 41 17 6 2 2
1523 Jubo Yan 6 71 18 12 11 7 6
1524 Abhijit Vijay Salvekar 4 71 21 17 17 14 2
1527 Korkut Bekiroglu 5 72 25 13 6 6 5
1528 Yongsheng Yan 4 71 19 13 12 6 4
1530 Pai Zheng 5 74 15 14 7 6 6
1531 Aurelie Coudurier-Curveur 3 70 56 5 4 2 1
1532 Tong Jinchao 4 70 26 18 6 4 3
1533 Xiaoya Cui 4 70 28 21 11 5 2
1535 Lucy Davis 4 69 41 9 6 6 4
1539 Haiyan Yin 6 69 26 8 7 7 7
1541 Gareth Fabbro 2 68 40 25 2 1 0
1543 Chris Wilson Antuvan 5 68 23 11 8 5 5
1544 M. Arif Hussain Ansari 4 68 46 6 6 5 1
1545 Xinyan Li 3 68 32 21 13 2 0
1546 Sandeep Kumar Kalva 5 69 23 20 7 6 5
1547 Siyuan Peng 4 68 38 9 8 8 2
1549 Edmund W. J. Lee 5 68 19 9 6 5 5
1550 Paul Meng Huat Chua 5 67 23 19 8 7 5
1551 Duc H. Tran 3 67 45 10 5 3 2
1553 Qun-li Lei 3 68 40 12 6 3 2
1554 Xiuxian Li 5 67 27 13 11 6 5
1555 Ouhao Chen 4 67 33 18 8 4 3
1557 Yanbing Yang 5 67 18 16 9 7 6
1558 Anders Gustafsson 3 66 50 9 4 1 1
1559 Dr. Vijaykumar Varma 6 66 16 10 9 9 7
1560 Mahan Qwamizadeh 6 66 14 13 10 10 8
1561 Zhu Fangqi 5 66 15 14 13 12 6
1562 Kok Siang Tan 6 65 13 12 9 7 6
1565 Dr. Adnan Aslam Chaudhry 5 65 16 9 7 7 6
1569 Chiam Ching Leen 5 64 19 10 8 6 5
1570 Marcus Cheng Chye Tan 3 63 35 15 4 3 2
1572 Yong Zhang 5 64 21 11 8 8 7
1574 Fan Zhang 4 63 16 13 10 6 4
1576 Yan Ru Guo 5 62 16 8 8 6 5
1577 Zhengkun Yi 6 62 20 13 8 7 6
1579 Seyedehsamaneh Shojaielangari 6 61 20 8 7 7 7
1581 karthik kandasamy 5 61 12 12 6 6 5
1582 Vinay sharma NTU 4 61 18 9 5 5 4
1583 Thana Thaver 3 61 31 11 9 2 2
1585 Sangjoon Lee 5 61 22 9 6 5 5
1586 Marcello Righetto 3 62 29 19 7 3 2
1587 Hwei Ming Wong 5 60 23 9 7 6 6
1593 Mingyang Li 5 60 16 12 10 8 5
1594 Yan-Wei Li(李艳伟) 4 59 22 12 11 6 4
1595 Debjyoti Bhattacharjee 4 59 14 9 7 5 4
1597 Alicia L. L. Ng 5 59 14 10 10 6 5
1598 Hong Wei 5 59 16 12 9 7 5
1600 jiaqi luo 5 59 19 16 10 6 5
1601 Ronak Bajaj 4 59 20 14 8 7 4
1602 Chen Zhao 5 59 8 7 7 5 5
1605 Dongxia Wang 4 58 21 12 6 5 4
1606 Ayan Kumar Bhunia 3 58 22 16 4 3 3
1608 Menglong Zhu 4 59 22 14 11 4 3
1609 Xuequan Lu 4 58 17 10 10 6 4
1610 Mohammad Khavari 4 58 33 14 4 4 2
1612 liu fang 3 57 24 21 7 2 2
1613 Artur Matysik 6 59 16 11 9 8 7
1614 Chenglin Xu 4 57 14 13 8 7 4
1616 Chunyang Chen 5 57 14 12 7 6 5
1617 Satyajit Chincholkar 5 57 19 11 7 6 6
1619 Arvind Sainathan 4 56 25 14 9 4 2
1620 Wenbo Wang 4 56 19 7 6 4 3
1622 Yiu Wing Edwin Chan 4 56 23 17 6 4 3
1624 Meghdad Attarzadeh 3 56 31 7 5 2 2
1626 Michelle Phang 3 56 27 20 4 2 2
1627 Mark Fifer Seilhamer 5 55 12 10 8 8 6
1628 Stephen Summers 4 55 12 11 11 4 4
1630 Binh Khanh Dinh 5 55 15 9 5 5 5
1631 Yuri Rykov 5 59 25 9 7 7 6
1633 WAI SIAM HEE（许维贤） 3 54 12 4 4 3 3
1634 Stephen Campbell 4 54 13 12 8 7 3
1635 Budhota Aamani 4 54 21 9 7 5 4
1636 Siarhei Zalivaka 4 54 24 13 6 5 3
1637 YANG HELIN 4 54 16 16 7 4 3
1638 P.G.C.N. Senarathne 4 53 11 9 8 7 4
1641 Rishabh Ranjan 4 53 13 9 6 5 4
1643 Xuejie Zhang 4 52 13 10 10 9 3
1644 Duc Van Le 5 52 15 9 7 7 5
1645 Hock Huan Goh 5 52 12 6 5 5 5
1646 Teck-Boon Tan 4 52 28 10 8 4 1
1648 Hendrik Hans 4 51 13 12 9 9 3
1649 Yabin Zhang 4 52 17 13 6 4 3
1650 Denise E. De Souza 3 51 26 10 10 2 1
1652 nirakar pradhan 4 51 20 9 7 5 4
1656 Timothy A. Shaw 3 52 38 7 6 1 0
1658 Zhijun Xu 5 50 12 10 9 9 6
1659 Hailei Kou 4 50 10 8 7 4 3
1660 Tang T Heng 4 51 23 9 8 6 4
1661 Huicheng Feng 5 50 9 9 8 7 6
1662 Dr. Ming Zhao 4 50 17 11 8 4 3
1664 Swaminathan Ramabadran 4 49 11 9 5 4 4
1665 Althaf Marsoof 4 49 22 7 6 5 3
1667 Guanie Lim 5 49 13 10 6 6 5
1668 SinHui Chong 4 51 16 16 10 7 2
1669 Salil Joshi 4 49 14 14 7 7 3
1670 Dr. Khursheed Badruddin Ansari 5 49 18 11 6 6 5
1671 Mikita Marus 4 49 15 10 8 6 3
1672 Kiran M Patil 3 49 25 9 8 2 2
1674 KV Ravi Kishore 4 48 18 13 5 4 3
1675 Zhongwen Zhang 4 48 12 9 8 4 4
1678 How Wei Benjamin Teo 4 48 14 14 6 5 4
1680 Vee-Liem Saw 4 47 10 9 7 5 4
1681 Jiahui Mo 3 47 32 6 4 3 2
1683 Gou Bin 4 47 24 7 5 4 3
1684 Alwyn Vwen Yen Lee 5 47 13 9 7 5 5
1685 Samyeon Kim 5 46 11 9 6 6 5
1687 Chengcheng Wang 4 46 9 8 7 6 3
1688 Michele Xiloyannis 4 46 15 5 5 5 4
1690 Alex Wozniakowski 4 46 20 10 9 4 2
1693 Liyong Lin 4 45 9 9 7 7 4
1697 Nan Wang 4 45 15 7 4 4 3
1699 Liang Zhu 5 45 10 9 6 6 5
1700 Jun Song, Huang 4 44 14 14 6 5 3
1701 Adel Emadzadeh 4 44 17 9 8 4 4
1702 Kay Jin Lim 4 44 8 6 6 5 4
1703 Wenjiang Guo 3 44 15 14 9 3 2
1705 Sarah Teo 3 45 11 9 5 3 3
1706 Julius Cesar Imperial Trajano 4 44 11 5 4 4 4
1708 Partha P Biswas 4 46 11 10 5 5 4
1709 Ruochong Zhang 4 44 12 10 9 5 4
1710 Bin Weng 3 43 11 8 7 3 3
1711 Sinderpal Singh 5 43 17 7 6 5 5
1712 Dr. Sankaran Krishnamoorthy 4 43 22 5 5 4 3
1715 Weng-Geng Ho 4 43 9 6 5 5 3
1718 Siu Kay Pun 4 42 15 7 5 4 3
1719 Mehdi AIT IGHIL 4 42 8 8 5 4 3
1720 Elgar Kanhere 4 42 15 7 4 4 3
1723 Kalyan M Kemburi 4 42 7 6 6 5 4
1724 Samuel Chef 5 42 9 8 6 5 5
1728 Wen Sun 4 45 12 7 5 5 4
1730 Md. Rabiul Islam 5 40 9 8 7 5 5
1733 Soojin Kim 2 40 35 3 1 1 0
1738 Ameya Sinha 4 40 22 6 5 5 2
1740 Mauricio Perez 3 39 11 10 8 3 2
1741 Kuntal Satpathi 4 39 12 5 5 5 4
1743 Xinjia Yu 3 39 27 7 3 2 0
1744 Zhang Lulu 4 39 14 9 5 5 4
1745 Jawad Haj-Yahya 3 39 13 7 7 3 2
1746 Aditya Venkataraman 3 39 15 9 6 3 2
1749 Francisco Suárez-Ruiz 4 38 9 8 4 4 4
1752 Muneesh Maheshwari 4 39 10 7 5 4 3
1755 M. A. Mohamed 4 39 13 12 6 4 2
1757 Bingshui Da 4 38 13 13 7 6 5
1760 Charlene Rajendran 3 37 13 4 3 3 3
1761 Aravind Sesagiri Raamkumar 3 38 7 6 5 3 3
1762 Susmitha S 3 38 21 7 5 2 2
1763 Mary Ellis 4 37 10 9 7 5 2
1764 Xianqiang Li 4 38 10 4 4 4 4
1768 Milan Shrestha 4 39 9 9 7 6 3
1770 Dr. Anuj Abraham 4 36 7 6 5 4 4
1772 Mahesh Nathan 4 36 15 8 7 7 5
1774 Zehui Xiong 4 36 6 5 5 5 3
1775 Wei Ping Chan 4 36 11 10 4 4 3
1779 Kang Rong Li 3 36 16 6 3 3 2
1781 Letchmi Devi Ponnusamy 4 35 10 8 5 4 4
1783 Ni Eng Lim 3 35 19 11 4 1 0
1785 Pengfei Du 4 35 7 6 6 4 3
1790 Dan Berco 4 35 9 6 5 5 4
1792 Nivedita Sanwlani 3 34 12 7 4 3 3
1793 Chitra Panchapakesan 4 34 10 8 6 4 3
1794 Jisoo Ock 3 34 12 11 6 2 2
1796 Feng Yuan 3 34 12 9 4 2 2
1798 Phey Ling Kit 3 34 15 10 3 2 2
1799 Wenjun Zhu 3 35 16 6 6 2 2
1800 Yan Lin Aung 4 34 5 5 4 4 4
1802 Mengli Chen (陈梦立) 4 33 11 9 8 5 0
1807 Qimiao Chen 3 33 11 7 6 3 2
1808 Dung Khuong-Anh 3 32 16 7 3 2 2
1809 Walid Jumblatt Abdullah 3 32 14 8 3 2 2
1811 Anubhab Baksi 3 32 15 7 4 3 2
1812 Wei Cui 3 32 13 8 5 3 1
1814 FENG CAO 3 32 14 9 3 2 2
1816 Xiaolu Hou 4 31 8 8 5 5 5
1817 Kalpesh Chaudhari 4 31 10 6 4 4 4
1819 Longhui Qin 4 31 12 6 6 5 1
1821 Riovie Ramos 2 31 28 2 1 0 0
1823 Boon-Seng TAN 3 30 11 6 3 2 2
1825 Kiak Nam Norman Kee 4 30 8 6 6 5 3
1829 Li Li 3 30 8 8 5 2 2
1833 Xiaodong Yang 4 30 8 6 5 5 3
1834 Rishabh Gupta 3 26 8 7 4 3 3
1835 Quang Minh Ta 4 30 8 6 5 4 3
1839 Seyed Mohammad Ali Zeinolabedin 3 29 8 5 4 3 3
1840 Shilpa Manandhar 3 28 7 6 4 2 2
1846 Yujie Song 3 28 13 10 4 1 0
1849 Xiaoyun Wang 3 27 6 6 4 3 2
1853 Charlynn Sher Lin Koh 3 28 10 7 3 2 2
1855 Bede Scott 3 26 5 4 4 3 3
1858 guodong Shao 4 26 8 7 5 4 1
1859 Mayank Rajput 3 26 12 7 3 3 1
1861 Ashok Krishnan 3 26 13 5 4 1 1
1862 Caitriona Heinl 3 26 12 6 4 3 1
1864 Dr Shweta Bajpai 3 26 10 8 4 2 2
1867 Shan Wen 3 25 14 6 4 1 0
1872 Jessica Hinchy 3 26 10 10 9 3 3
1873 Bing Wang 王兵 3 25 4 4 4 2 2
1874 Betty Meng Zhang (Meng Zhang) 3 25 9 4 4 3 2
1875 Matthew Wade 3 25 9 9 4 2 1
1884 Steven Ang 3 24 12 5 4 3 0
1888 Sagar Masuti 2 24 13 10 1 0 0
1890 Kaewkamol Pitakdumrongkit 3 24 7 3 3 2 2
1891 Bin Yin 2 24 15 5 1 1 1
1896 Long Teng 4 23 6 6 4 4 2
1897 Siddhartha 3 24 12 5 3 2 2
1898 Wei Shin Leong 3 23 10 4 3 2 1
1904 Teguh Santoso Lembono 3 23 8 6 3 3 2
1905 Mehedi Hasan 3 23 8 3 3 3 2
1907 Liangxing HU(虎良省) 3 23 8 4 3 2 2
1913 Karryl Kim Sagun 2 22 12 5 2 2 1
1917 Chen Jonathan 3 22 5 3 3 3 2
1921 Hui Bi 2 22 7 2 2 2 2
1923 E Umamaheswari Vasanthakumar 3 22 5 5 5 2 2
1928 Shilpa Madan 2 21 12 8 1 0 0
1929 Teck Min Choo 3 21 12 6 3 0 0
1931 Deqing Zhai 3 23 5 5 4 2 2
1932 Winnie Sung 3 21 9 6 5 1 0
1935 David Moeljadi 3 22 8 4 4 2 2
1938 Irvan Luhung 2 21 9 8 2 1 1
1940 Fedor Duzhin 2 20 11 5 2 1 1
1941 Miles A. Powell 3 20 12 3 3 1 1
1944 SURJYASISH MITRA 3 20 9 4 4 3 0
1955 Xujian Lyu 3 19 6 5 3 2 1
1965 Dina Delias 2 18 10 3 2 1 1
1968 Sumitha Narayanan Kutty 3 18 5 3 3 2 2
1969 Tanaya Chaudhuri 3 20 6 5 3 2 2
1970 Nan Liu 2 18 9 3 3 2 2
1972 Tan Chee Chin 3 18 4 4 3 2 1
1979 Bing Sheng Wu 3 17 5 3 3 2 2
1981 Huynh Ngoc Anh 2 17 6 5 2 1 1
1993 曲景毅（Qu Jingyi） 2 16 3 2 2 2 2
1998 Aidong Zhang 2 16 10 2 2 2 0
2009 Dr. Michael Stanley-Baker 2 15 4 3 2 2 2
2010 J.C. Liu 2 18 8 7 2 1 0
2014 Michael Storozum 2 14 3 3 2 2 1
2016 poh eng hin 2 14 6 3 2 2 1
2020 Feng Cui 崔峰 2 14 9 3 1 1 0
2023 ngoi guat peng 2 14 4 4 2 2 1
2028 Clarence Green 2 14 8 3 1 1 1
2029 Swagata Mandal 2 14 5 3 2 1 1
2030 Tuong Xuan Tran 2 14 5 3 2 1 1
2032 Gde Buana Sandila Putra 2 13 8 4 1 0 0
2050 Jian Wei Mark Lim 2 13 3 2 2 1 1
2051 Lina Gong 2 13 3 3 2 2 1
2061 Dylan MH Loh 2 12 3 2 2 1 1
2066 Zhenzhen Yan 3 13 5 4 3 1 0
2070 Xueqin WANG 2 12 9 2 1 0 0
2071 Yu Dian Lim 2 12 4 4 2 1 1
2080 CHENGWEI XU 2 11 5 2 2 2 0
2083 WEI XUAN Chan 2 12 7 2 2 1 0
2090 Ramtin Rabiee 2 10 4 3 2 1 0
2094 K HARIKUMAR 2 10 3 2 2 1 1
2106 Dhrubajyoti Samanta 1 9 8 1 0 0 0
2125 Patricia Ng 2 8 3 3 1 1 0
2126 Anna Belogurova 2 8 4 3 1 0 0
2131 Remy Mahzam 2 8 2 2 1 1 1
2134 Sara Mahmood 2 8 3 2 1 1 1
2142 Peer M. Sathikh 1 7 3 1 1 1 1
2144 Wen Song 1 7 4 1 1 1 0
2147 Wei Tao 1 7 3 1 1 1 1
2161 Clement Tan Kai Guan 2 6 4 2 0 0 0
2162 Jesvin Yeo 2 6 2 2 1 1 0
2166 Mustafa Khairallah 2 6 2 2 1 1 0
2168 Muhammad Haziq Bin Jani 2 6 2 2 1 1 0
2177 Tenace Setor 1 6 2 1 1 1 1
2198 Neha Beniwal 1 4 4 0 0 0 0
2199 Gong Zhang 1 4 3 1 0 0 0
2200 Aidong Zhang 2 4 2 2 0 0 0
2202 Daniel Wei Boon Chua 1 4 2 1 1 0 0
2206 Syed Huzaifah Bin Othman Alkaff 1 4 1 1 1 1 0
2213 Keoni Marzuki 1 4 2 1 1 0 0
2215 Jamie W McCaughey 1 4 3 3 1 0 0
2226 Kevin Riordan 1 3 1 1 1 0 0
2227 Samara Anne Cahill 1 3 2 1 0 0 0
2231 Vikram Rajakumar 1 3 1 1 1 0 0
2240 Aida Arosoaie 1 3 1 1 1 0 0
2275 Zi Yang 1 2 2 0 0 0 0
2276 Phidel Marion Vineles 1 2 1 1 0 0 0
2285 Nanci Takeyama 1 1 1 0 0 0 0
2296 Ahmad Saiful Rijal Bin Hassan 1 1 1 0 0 0 0
2297 Mohamed Aidil Subhan 1 1 1 0 0 0 0
2308 Ng Tian Seng 1 1 1 1 0 0 0
