1 Richard Ming Wah Wong 68 134093 111257 72980 1980 1171 1142
2 A. John Rush 148 118310 20105 7651 2988 2684 2627
3 Y F Zhang 121 85270 1378 993 906 761 733
4 Seeram Ramakrishna 133 80482 6418 2197 1704 1655 1225
5 Antonio H. Castro Neto 90 56310 16902 2000 1831 1621 1461
6 Sam Ge 92 50809 15384 1748 1286 875 827
7 Yoshiaki Ito 102 43700 2065 1246 675 663 558
8 Shuicheng Yan, 颜水成 84 43647 3411 2385 1560 1529 1523
9 T Venkatesan, T V Venkatesan, TNC Venkatesan, Thirumalai Venkatesan, Venky Venkatesan 105 42637 1479 1255 989 869 667
10 Michael Frese 94 40224 2043 1417 1336 1245 1235
11 Stephen Pennycook 103 39064 1038 767 743 650 608
12 En-Tang Kang 96 38353 1432 841 656 452 393
13 Kian Ping Loh 81 36150 3670 2100 1465 1157 1151
14 Daniel G Tenen 103 35743 3340 894 892 846 633
15 Rob M. van Dam 93 36862 2180 1520 1520 1197 1154
16 Koon Gee Neoh 92 33447 1432 841 452 393 347
17 Chen Kang 69 33156 1566 1177 615 560 412
18 Si Cong CHEN 72 32930 721 472 407 403 372
19 Chwee Teck (C.T.) Lim 85 29777 891 869 729 671 613
20 Jim Yang Lee 92 29720 1433 865 700 646 630
21 T. H. Lee 90 28201 827 613 489 463 380
22 Goki Eda 49 26362 3670 3634 2100 1905 1557
23 Richard Ebstein 84 26003 1682 1113 550 409 402
24 Alan Prem Kumar 64 25699 2109 1747 1591 1400 685
25 Nitish Thakor 71 24173 1912 1800 839 631 456
26 Nitish Thakor 71 24173 1912 1800 839 631 456
27 Avishek Kumar 62 23141 2613 1596 969 630 353
28 Rui Zhang 73 23092 1501 1018 979 819 686
29 Bin Liu 78 22919 1317 817 648 398 366
30 Choon Nam Ong 84 22560 613 599 433 406 342
31 Xiaogang Liu 65 22535 2100 2032 1123 1041 1039
32 Han-Ming Shen 74 22133 6457 6454 613 510 508
33 Eric Finkelstein 55 23943 2948 2923 2180 1572 1428
34 Wing-Kin Sung 58 21747 4560 2166 1152 1096 742
35 Barbaros Oezyilmaz 49 21215 6310 4681 1285 695 537
36 Mick Power 56 20838 3758 3041 2107 1280 682
37 Andrew  T S Wee 72 20597 609 545 534 509 453
38 Hua Chun Zeng 71 20569 1359 895 853 583 530
39 David Townsend 72 20418 1936 942 826 678 550
40 Philip Moore 74 20446 868 791 688 577 524
41 Bernard Y. Yeung 52 20383 2554 1640 1267 1230 1074
42 Teo Yik Ying 59 19837 6844 1074 506 470 418
43 JJ Vittal 70 19505 773 454 347 333 288
44 Beng Chin Ooi 74 18981 864 586 511 498 498
45 Remus Ilies 46 18887 3066 1260 1237 1108 1090
46 Jochen Wirtz 55 18814 6280 1071 969 563 562
47 Hian Kee Lee 75 18606 810 762 523 406 346
48 Tat-Seng Chua 70 18520 1278 559 432 381 286
49 Yuan Ping Feng 66 18069 1099 901 708 381 351
50 Dr.Gautam Sethi 74 18036 1322 611 464 446 415
51 B.W. Ang 61 17958 1432 1110 947 880 728
52 Jun Ding 72 17164 708 367 351 242 205
53 Li Lu 67 17104 513 332 312 287 259
54 Mashiur Rahman 51 17097 712 419 311 275 273
55 Thompson Teo 64 17042 1731 1592 608 592 581
56 Chen Yongsheng 59 19167 2180 679 346 248 225
57 Yong Zhang 60 16476 846 796 790 764 620
58 KK Wei 54 16479 2640 1511 1246 914 502
59 Markus R Wenk 67 16314 1009 726 613 426 417
60 Henry Wai-chung Yeung 60 16101 1897 1272 1262 640 409
61 Si-Shen FENG （冯思慎） 64 15938 1124 740 466 433 421
62 Eng Ang Ling 61 15775 687 618 422 333 317
63 Chew Lim Tan 61 15510 1248 915 443 390 278
64 Yixin Lu 69 15103 337 328 304 285 284
65 Li-Shiuan Peh 56 14904 2514 854 801 720 614
66 Shichang Zhang 35 14841 694 216 178 124 104
67 Qing-Guo Wang 65 14664 986 760 369 318 292
68 John Wang 63 14386 466 354 262 249 245
69 Yu Zong Chen 60 14202 1771 617 511 476 339
70 Chang Shu 58 14078 1358 813 398 376 364
71 Dejian Huang 39 14025 4830 1215 1140 1086 543
72 Valerio Scarani 58 13992 1687 951 916 632 496
73 Jun Li 65 13932 1224 633 610 511 471
74 Zuowei Shen 54 13821 3001 744 727 552 361
75 Jishan Wu (NUS) 59 13755 2060 1682 311 284 270
76 Jian-Sheng Wang 54 13600 3048 1441 411 406 305
77 David Reeb 22 13580 4875 1740 1467 1097 642
78 Alec Stone Sweet 47 13477 1474 1057 755 752 708
79 Richard D. Arvey 56 13225 977 971 608 570 536
80 Zhi Ning Chen 55 13159 434 403 370 370 335
81 Brenda Yeoh 65 13057 350 347 333 313 290
82 Xin-Yuan Fu 53 12951 860 703 619 618 562
83 Limsoon Wong 黄任祥 52 12890 2013 523 502 486 364
84 Prakash Hande 52 12852 2375 2172 443 369 358
85 Lim Kah Leong 40 12861 6465 799 457 443 400
86 Jianyong Ouyang 50 12809 911 888 849 638 565
87 MH Hong 56 12763 2032 397 276 254 205
88 HANG Chang Chieh 52 12702 875 827 746 746 661
89 Wynne HSU 51 12641 2830 872 518 370 318
90 Andrew YC Nee 60 12611 367 367 281 261 230
91 Manjunatha Kini 62 12519 479 412 397 387 387
92 Jun Song Chen 陈俊松 48 12180 1028 705 606 600 543
93 WEI CHEN 57 12092 609 545 534 453 410
94 Bernard C.Y. Tan 45 11949 2640 1246 502 473 428
95 Mustafizur Rahman 56 11927 272 244 235 224 190
96 Chaobin He 60 11851 492 388 372 292 213
97 Jianping Xie 59 11862 1483 511 504 441 393
98 Heow Pueh Lee 53 11821 470 461 448 408 338
99 Suresh Valiyaveettil 50 11660 2375 781 443 343 287
100 Nhan Phan-Thien 55 11569 1044 450 247 206 198
101 Daniel McAllister 9 11545 7477 2981 236 233 212
102 Zhiyuan Gong 56 11489 828 781 458 344 287
103 Neil M. Coe 45 11399 1897 1272 1154 746 362
104 Xingwang Xu 46 11396 450 326 324 219 189
105 Hong Kai Lee 47 11309 1907 1092 828 542 338
106 Chunxiang Zhu 60 11265 841 385 311 295 270
107 Poh Kam Wong 43 11105 3055 1208 473 431 355
108 Seng Luan Lee 39 10955 1305 1199 1190 828 794
109 Chorng Haur Sow 53 10941 869 509 457 373 297
110 Brajbhusan Singh 43 10931 561 491 201 167 162
111 Qing Wang 48 10897 1715 1004 798 726 611
112 Rudolf Meier 47 10862 2007 959 571 553 481
113 Atreyi Kankanhalli 36 10816 2640 1919 723 502 428
114 Dr. M.V.Reddy 52 10800 1746 869 509 264 228
115 David Michael Kemeny 57 10665 591 441 325 246 233
116 Zhiqiang Gao 50 10594 1127 589 504 473 386
117 Andrew Delios 40 10482 801 787 772 744 703
118 Eng Hock Francis Tay 50 10403 1088 791 568 489 378
119 Prof Armin ABERLE 47 10380 593 419 409 344 338
120 Woon-Puay Koh 56 10389 600 362 326 242 218
121 Rick Twee-Hee ONG 36 10371 2567 1423 879 515 470
122 Mohan Kankanhalli 50 10268 609 562 303 298 265
123 Eng Hin Lee 57 10258 535 457 427 351 323
124 Wei Ji 55 10188 420 337 263 258 251
125 BG Englert 51 10016 922 683 618 588 496
126 Sea-Jin Chang 28 9953 1392 1129 1028 864 837
127 Thiruma V. Arumugam 54 9988 646 526 502 475 376
128 shu wang 54 9905 1655 566 341 250 239
129 Mridula Sharma 47 9876 1323 1036 832 761 502
130 Sibudjing Kawi 56 9858 610 516 315 230 213
131 Dipti Srinivasan 53 9845 619 320 275 258 254
132 Ben M. Chen 48 9858 694 416 380 329 309
133 Christian Kurtsiefer 44 9737 1389 677 496 468 401
134 Kok Kiong Tan 54 9678 318 279 256 240 227
135 Xian Jun Loh 58 9676 610 558 254 218 218
136 J. Paul Chen 54 9536 964 351 295 261 253
137 Boo Cheong Khoo 51 9509 293 219 193 189 184
138 James R. Ranjith Kumar 42 9501 274 259 253 185 184
139 zongzhang zhang 43 9455 1883 209 191 191 165
140 Yap AU 57 9355 389 306 286 249 226
141 Hwee Tou Ng 48 9284 1095 681 617 487 303
142 Peter K.H. Ho 43 9265 2216 837 466 328 299
143 Kok-Kwang Phoon 46 9241 1280 500 334 311 263
144 Chi Hwa  Wang 53 9105 423 316 291 268 196
145 Hao Gong 45 9038 1084 987 536 375 338
146 XY Liu 51 9033 235 234 216 199 181
147 Wee Sun Lee 37 8991 2866 613 595 508 468
148 Anthony KH Tung 45 8977 909 607 446 390 305
149 Rudy Setiono 39 8949 845 817 503 483 438
150 Liviu Ungur 50 8965 447 444 421 392 369
151 Paul A Tambyah 45 8920 826 559 342 308 266
152 Shao Yao 56 8796 302 229 229 195 180
153 Casey K. Chan 47 8763 886 670 445 430 355
154 Prem Shamdasani 12 8753 6877 315 304 255 250
155 S.K. Chou (CHOU Siaw Kiang) 53 8693 495 317 314 216 216
156 J Y H Fuh 52 8633 292 270 261 246 182
157 Rajasekhar Balasubramanian 54 8639 276 246 195 181 179
158 Michael Chee 50 8586 536 374 318 301 266
159 Nicholas Gascoigne 46 8506 671 669 506 492 428
160 Andrew Lim 46 8502 520 390 338 336 229
161 Catherine tang 52 8492 345 295 200 197 179
162 Dr Benjamin C.K. Tee 23 8447 1460 1313 793 725 564
163 Gigi Chiu 24 8430 6547 380 112 99 86
164 Yen Peng Ting 48 8383 964 393 322 258 255
165 Melvyn Sim 27 8344 2748 1468 416 373 315
166 reginald tan 50 8366 319 210 210 167 143
167 Giorgia Pastorin 39 8187 1001 987 658 649 537
168 Vincent T Chow 47 8060 360 320 278 231 208
169 Jianwen Jiang 49 8034 476 364 285 211 177
170 Chua Kee Chaing 37 7990 683 507 505 487 464
171 Prof. Asit K. Biswas 40 7924 972 406 391 176 158
172 KK Tan 49 7862 318 256 240 136 135
173 Kim-Chuan Toh 37 7848 1733 1034 764 385 353
174 Hanry Yu 47 7835 397 389 297 244 224
175 Cheng-Wei QIU 47 7831 528 480 234 228 209
176 Qing-Hua Xu (徐清华) 52 7786 392 330 204 170 164
177 Hock-Hai Teo 34 7686 1569 1511 505 502 473
178 Adekunle Adeyeye 41 7746 1212 303 193 190 187
179 Yihong Wu 40 7728 901 545 448 401 267
180 Joxan Jaffar 32 7698 1907 1656 750 308 235
181 Richie Soong 54 7660 291 233 185 183 181
182 Renbi Bai 46 7664 512 477 395 295 295
183 Mong Li Lee 49 7626 304 301 240 209 207
184 Stuart Derbyshire 38 7621 678 414 362 345 342
185 Manman Chen 17 7475 6546 167 101 66 60
186 WONG Nyuk Hien 41 7439 544 434 343 338 330
187 Chengkuo Lee 45 7433 279 236 180 134 130
188 Qiang Meng 50 7390 236 227 212 203 203
189 Gan Moog Chow 40 7357 641 635 378 316 269
190 Vivien Lim 39 7266 1592 620 594 405 255
191 Junmin Xue 48 7197 184 176 170 169 160
192 Yongxin Guo 47 7185 183 170 168 156 154
193 JTL Thong 41 7142 410 401 381 373 297
194 Teng Joon Lim 34 7143 1229 1229 531 531 446
195 Dan Zhao 36 7118 1137 719 558 402 397
196 Say-Leong Ong 46 7048 660 485 298 261 248
197 Rebecca Dent 29 7002 2823 489 401 320 319
198 Shi, Yuzhi（石毓智） 36 6982 426 384 283 130 119
199 James Hui 47 6987 457 427 323 285 270
200 Min-Yen Kan 46 6916 292 241 239 239 222
201 Hidajat Kus 48 6912 610 516 310 305 262
202 Ivan P.L. Png 38 6912 699 609 607 482 354
203 M Ramesh 32 6889 3827 202 189 189 168
204 Sumit Agarwal 41 6904 796 729 313 232 225
205 Paul C. HO 44 6880 796 502 261 233 158
206 Xiaokui Xiao 41 6845 773 622 502 351 349
207 Liou Yih-Cherng 36 6847 613 486 427 394 363
208 Palani Balaya 39 6818 533 517 492 404 294
209 David Hsu 38 6789 755 720 613 383 330
210 Thong N Goh 47 6741 339 283 220 175 162
211 Feng-Jun Li 9 6752 6540 44 37 29 23
212 Robert Wasson 42 6727 1440 307 245 236 233
213 Quek Ser Tong 44 6720 587 263 261 229 197
214 Dean Ho 38 6718 1392 485 376 279 259
215 Lu Xi Xi (吕喜玺) 46 6719 343 305 237 223 211
216 Tikki Pang 35 6647 933 471 356 325 254
217 Eu Leong YONG 42 6619 573 463 276 259 234
218 Hung Keng Pung 25 6564 1457 1090 652 529 503
219 Jin Song Dong 36 6511 401 311 220 187 148
220 Jin-Chuan Duan 37 6483 1365 456 424 356 227
221 Jinsong Bian 44 6462 339 279 244 240 223
222 Xudong Chen 38 6443 1589 322 264 226 218
223 Iftekhar A Karimi 46 6437 256 180 176 165 137
224 Chong Yap Seng 39 6319 177 175 171 167 165
225 Simon Chesterman 35 6289 1009 951 414 318 300
226 Jian Xu 24 6258 1418 680 604 414 383
227 Dzmitry Matsukevich 31 6261 809 786 685 423 395
228 Yuan Yu-Ren, Adam 35 6258 626 606 505 367 337
229 Marie-Veronique Clement 38 6243 753 746 405 354 259
230 OH Choo-Hiap 41 6126 273 261 151 148 145
231 Weng Khuen Ho 30 6095 875 746 661 528 242
232 Chua Kian Jon 40 6104 495 317 216 216 209
233 Terence Sim 30 6032 3129 228 221 193 130
234 Mehul Motani 34 6017 1279 402 393 308 146
235 Tulika Mitra 36 6016 1752 211 191 179 169
236 Ning Yan 43 6021 354 322 282 248 200
237 Yang wenming 40 6001 495 317 216 165 159
238 Tat Soon Yeo 40 5984 266 192 180 177 175
239 James Cho Hong Goh 45 5939 351 266 266 187 181
240 Alan D. Ziegler 40 5954 426 350 294 201 158
241 ONG Soh Khim, PhD 41 5862 281 212 183 183 177
242 Gopalakrishnakone Ponnampalam 42 5842 216 202 154 142 135
243 Kaiyang Zeng 41 5821 517 196 195 186 170
244 Steven Kou 25 5778 1778 594 492 410 278
245 Tok Wang Ling 38 5767 383 256 223 209 202
246 Bingsheng He, 何丙胜 37 5694 838 357 275 175 173
247 David L. Silver 36 5722 603 573 500 365 301
248 Khambadkone Ashwin M 34 5655 505 481 401 254 243
249 Melvin Yap 29 5655 1818 773 382 372 198
250 Jeak Ling DING 40 5644 219 205 192 185 183
251 Julian Wright 33 5636 450 402 384 367 356
252 Yuen Kwong Ip 41 5614 280 134 125 116 104
253 tan v b c 39 5583 373 246 220 219 176
254 Ramanathan Mahendiran 37 5563 557 451 233 228 208
255 Jonathan Rigg 37 5561 704 511 244 198 170
256 J Y Richard Liew 41 5508 307 200 185 174 115
257 Hao Yu 38 5511 412 365 266 253 248
258 Lin Tao 19 5479 3359 3359 374 326 172
259 Wei-Jun Jean Yeung 23 5472 1751 1046 1013 212 184
260 gungwu wang 37 5430 246 242 170 164 151
261 Min-Hong Zhang 40 5409 349 269 266 239 235
262 Loo Hay Lee 38 5389 380 283 203 194 178
263 Chun Zhang 29 5307 2032 269 267 257 185
264 Fook Tim CHEW 41 5301 294 188 149 140 126
265 Ganesh Samudra 41 5274 167 151 135 123 119
266 Shao Quan Liu 33 5275 1336 277 206 204 203
267 Lai Yee Hing 39 5249 324 313 217 207 198
268 Yen Wah Tong 40 5248 438 291 286 274 214
269 Wee Han Ang 38 5223 402 285 268 235 230
270 Chee Yong Chan 31 5209 572 488 446 383 347
271 Kim Leng Poh 30 5212 880 367 335 316 229
272 Chou Loke Ming 39 5208 243 217 125 95 94
273 Simeen Malik 9 5212 4498 462 56 43 38
274 Arthur C H Cheng 38 5186 499 417 305 204 163
275 Chi-Hang Lee 33 5156 647 558 325 234 208
276 Weizhu Bao 37 5110 437 326 323 194 186
277 Jiangyong Hu 38 5086 485 298 233 189 184
278 LayLay Chua 29 5080 2216 299 266 220 185
279 Rangaiah 39 5069 219 129 120 120 117
280 jianming jiang 14 5076 2166 669 477 450 417
281 Alexander Mayorov 14 5037 1030 891 615 584 432
282 Mahesh Choolani 41 5032 268 157 141 131 123
283 Li Yang Hsu 36 5025 512 294 265 217 201
284 Sim-Heng Ong 35 5017 313 237 214 130 126
285 Soo Hong Chew 34 4978 681 476 273 249 234
286 CC Ko 34 4960 380 344 329 208 153
287 Thilo Hagen 30 4957 970 688 682 499 114
288 Zhiwei Huang 39 4936 559 209 186 159 152
289 Andrew A. Bettiol 37 4923 254 245 201 192 191
290 David Taylor 34 4896 704 518 434 241 157
291 Der-Horng Lee 36 4878 317 289 261 248 193
292 Stefan Adams 37 4866 532 178 154 137 133
293 Chan Woon Khiong 30 4854 922 457 452 376 234
294 Abhik Roychoudhury 39 4830 268 211 179 179 169
295 P Ganesan Adaikan, PG Adaikan, Ganesan Adaikan, G Adaikan, AP Ganesan, P Adaikan Ganesan, Ganesh, GP 35 4827 417 397 244 205 198
296 Ramkishen S. Rajan 42 4796 176 161 141 132 126
297 Mikael Hartman 33 4798 727 372 291 255 181
298 Vitor M. Pereira 23 4744 922 771 762 516 308
299 Chen-Khong Tham 35 4749 473 219 184 150 117
300 Chenggen Quan 35 4738 242 236 149 144 134
301 Peng Shengjie 40 4743 290 245 233 230 217
302 Marcelo Ang 34 4706 296 243 241 188 129
303 Lin Jing 35 4673 357 188 113 106 81
304 Xiaodong Zhang 24 4661 611 602 478 336 320
305 Ghim Wei Ho 39 4654 479 237 232 140 140
306 jimmy so 38 4616 463 300 217 207 183
307 Praveen Linga 36 4630 371 282 264 198 165
308 How Yong Ng 39 4615 248 233 199 185 175
309 Thorsten Wohland 40 4582 397 263 159 147 146
310 christian nijhuis 35 4552 641 246 212 198 184
311 Min-Quan Yang 30 4523 658 471 347 263 241
312 Huang Sunan 40 4514 256 136 135 133 101
313 Motomi Osato 33 4507 675 396 330 242 237
314 Edward L. Webb 37 4431 557 207 169 146 135
315 Antonia Monteiro 33 4419 459 421 268 257 238
316 Yuen Teen Mak 18 4376 1892 658 545 289 273
317 Soo Chin Liew 33 4368 381 355 208 155 112
318 Lin Yue L. Yung 34 4363 438 322 311 215 175
319 Shirlena Huang 36 4338 302 281 277 254 224
320 Roger Zimmermann 34 4324 109 104 101 83 80
321 John C Ham 30 4294 419 414 346 279 269
322 daiwen Yang 36 4293 423 197 184 182 155
323 Biplab Sikdar 31 4283 437 366 173 171 165
324 Gaik-Khuan Chuah 38 4278 193 169 155 131 124
325 Paul MacAry 34 4262 328 289 285 224 157
326 Prakash Kumar 35 4233 253 248 246 233 188
327 Sylvie Alonso 33 4227 393 319 306 274 229
328 Christoph Winkler 34 4212 599 506 229 218 207
329 Robert JT Morris 23 4198 1021 636 421 282 249
330 Ben Leong 19 4193 2289 278 225 205 155
331 John Gustafson 25 4186 1841 581 274 176 88
332 T Hopf 19 4163 1871 946 316 180 136
333 Matthias Roth 27 4154 697 586 339 256 247
334 Michel Bosman 32 4130 339 279 262 246 246
335 Seth Gilbert 29 4129 1677 146 132 104 98
336 Swee Hoon Ang 21 4121 1181 657 268 190 184
337 Tracey Skelton 28 4123 793 292 216 202 186
338 Hyungwon Choi 31 4116 560 480 332 315 189
339 Einar Wilder-Smith 33 4098 332 203 196 145 139
340 Florence YY Ling 35 4078 250 210 184 167 161
341 Tien Fang Fwa 33 4075 139 134 119 106 105
342 Ashraf A. Kassim 30 4073 899 169 148 111 108
343 Mike Douglass 32 4075 457 302 297 271 230
344 Prateek Saxena 27 4078 709 381 226 218 185
345 Charanjit Singh Bhatia 32 4070 319 287 263 190 105
346 Lynette Shek 32 4071 304 272 216 208 177
347 Hwee-Ling Koh 33 4035 677 276 222 186 179
348 Chunyan Chi 37 4029 270 227 209 203 128
349 V. Shim 35 4018 262 220 190 179 174
350 Jianzhong He 28 4010 526 365 360 317 228
351 Y. S. Choo 34 3999 381 279 274 121 116
352 Toh Siew Lok 31 3986 351 271 266 244 197
353 Chung-Piaw Teo 33 3982 297 279 201 195 175
354 Herbert Schwarz 35 3975 810 201 180 155 126
355 Kevin SW Tan 34 3962 478 274 180 157 138
356 M L Go 30 3951 593 505 266 207 119
357 Aaron Thean 30 3938 110 106 85 74 67
358 Yusuke TOYAMA 28 3907 1040 533 226 207 197
359 Yong Lian 30 3902 373 186 154 153 115
360 Roger C,. Ho 31 3884 443 196 142 131 125
361 Subramanian Sundarrajan 35 3882 338 218 207 170 133
362 P.S. Lee (LEE Poh Seng) 33 3872 709 331 302 213 204
363 Paul Wan Sia Heng 27 3862 677 293 193 181 138
364 Bin Ke 20 3838 790 555 299 292 284
365 Han Vinh Huynh 36 3834 213 204 167 121 117
366 Sivaraman J 36 3835 339 199 155 135 107
367 K. S. YEO 32 3816 398 293 193 189 149
368 Wilson Tam 31 3790 518 371 200 156 153
369 Ajay Jasra 25 3783 1143 537 300 178 144
370 Jie Yan 34 3768 263 180 179 162 161
371 Terry Nardin 24 3771 993 573 327 191 181
372 Mike Cheung 35 3755 303 213 196 155 149
373 Yongliang Zhang 18 3749 1544 338 249 222 195
374 T.E. Tay 31 3738 351 310 220 176 166
375 Antonius VanDongen 30 3737 459 239 239 188 180
376 SHANG LI 21 3742 711 344 330 264 250
377 Juan (Helen) Zhou 21 3730 1288 565 343 215 149
378 Allaudeen Hameed 18 3717 903 561 490 442 322
379 Shamsuzzaman Farooq 30 3712 1359 178 114 101 90
380 Mun Choon Chan 29 3701 298 280 244 214 213
381 Yingcun Xia 27 3709 605 226 195 176 176
382 Lawrence Wai-Choong Wong 30 3701 266 253 182 178 145
383 Brian Dymock 31 3698 384 354 233 232 141
384 Cynthia Sung, Ph.D. 34 3693 322 322 296 253 224
385 Zhenkai Liang 26 3686 705 372 352 229 220
386 Anqi Qiu 37 3681 194 163 129 118 106
387 C G Koh 34 3681 240 228 169 143 138
388 Tim Bunnell 29 3654 746 362 250 152 151
389 Aleksandr Rodin 19 3652 1112 708 332 296 185
390 Hari Krishna Garg 26 3619 584 320 308 195 194
391 Daiqin Li 35 3624 352 235 112 99 92
392 Daniel J Blackwood 34 3595 307 183 147 117 111
393 WK Chim 33 3581 177 172 154 136 122
394 Kun-Lin Yang 31 3575 526 273 242 131 88
395 Shie-Yui LIONG 26 3575 269 251 227 204 167
396 Edward Kai-Hua Chow 23 3576 392 381 376 356 349
397 Y F Zhang 34 3567 185 171 167 119 117
398 Gabriel Tan 33 3560 729 248 211 177 149
399 Hyunsoo Yang 31 3557 319 127 124 119 108
400 Ruowen Ge (葛若雯) 33 3545 428 259 178 130 111
401 Hanqin Zhang 27 3535 625 252 146 140 130
402 See-Kiong Ng 29 3508 281 265 215 188 187
403 John S. Ascher 29 3476 290 283 242 233 228
404 Mohan Gurusamy 26 3452 554 257 224 219 124
405 Song Zhaoli 17 3442 1690 355 216 172 159
406 qingsong lin 34 3440 263 218 187 164 138
407 Mark Y. Chan 28 3437 236 166 138 134 112
408 Pat J.-F. Yeh 28 3433 570 348 223 183 164
409 Boon Siang Yeo 29 3428 580 320 247 203 174
410 Sujoy Ghosh 31 3414 413 237 179 173 168
411 Haiyan Liu 28 3406 368 312 267 252 142
412 Eyleen Goh 26 3401 1106 301 283 236 180
413 Chee Kong Chui 29 3384 313 181 153 132 119
414 Kulwant Singh 20 3366 637 396 330 300 297
415 Frank Stephan 31 3377 139 125 123 122 110
416 Pui Lai Rachel Ee 27 3341 537 323 218 207 184
417 Matthew Wook Chang 32 3339 348 334 220 138 126
418 Tham Kwok Wai 33 3328 195 146 116 110 98
419 Shuo-Chien Ling 16 3328 691 622 374 293 292
420 Keson Tan 26 3290 924 306 249 225 153
421 Jens Martin 14 3293 1436 337 337 321 272
422 Benoit Malleret 23 3286 478 460 443 166 154
423 Siew-Pang Chan 29 3269 248 147 143 136 135
424 Roland Yap 27 3260 750 240 141 133 127
425 Jiashi Feng 29 3314 177 171 162 157 124
426 Albert Hu 18 3248 553 400 391 366 279
427 Su Ying Quek 28 3248 425 408 334 170 144
428 Weiqing Ren 24 3230 626 504 294 294 226
429 Eng Soon TOK 30 3233 218 186 182 163 120
430 Lei Shen 29 3209 708 266 159 147 135
431 Anselm Mak 32 3200 443 196 175 131 109
432 Ee-Chien Chang 30 3187 377 197 178 130 127
433 William Hal Martin 27 3187 522 254 243 159 136
434 Reshma Taneja 28 3157 251 209 199 179 178
435 Yee-Kong NG 27 3152 333 322 254 180 174
436 Davide Lomanto 27 3143 469 238 200 165 143
437 Ek Peng Chew 29 3136 310 172 172 137 120
438 Tan Soo Jiuan 22 3118 806 302 251 190 171
439 jiong lu 20 3122 798 447 356 299 196
440 Haifeng Wang 21 3090 942 305 254 243 160
441 Hong, Geok-Soon 33 3062 321 125 105 97 84
442 Mandar Chitre 27 3046 548 170 129 112 105
443 Oliver Zhen Li 17 3039 1426 247 180 149 137
444 Dieter Trau 28 3029 616 219 136 126 121
445 Kai Dieckmann 17 3026 574 396 342 261 233
446 Associate Professor Boon Chuan LOW 35 3035 232 174 129 123 111
447 Peter A. Todd 28 3015 311 239 217 95 87
448 Ariando 28 3013 243 202 184 149 133
449 Gengchiau Liang 27 3010 259 211 164 156 132
450 Heng CK 32 3010 219 124 103 100 97
451 Vladan Babovic 33 3003 254 190 167 135 129
452 Louxin Zhang 26 2982 268 252 211 173 134
453 Siowling Soh 23 2984 990 343 227 154 122
454 Pooi Yuen KAM 28 2984 157 128 122 115 104
455 Weng-Fai Wong 28 2961 323 208 119 116 101
456 Sanjay Swarup 26 2929 358 246 234 197 155
457 Ciprian Iliescu 33 2917 178 157 126 123 94
458 Eric Chun Yong Chan  31 2904 392 261 161 138 104
459 Gavin Stewart Dawe 29 2893 223 184 162 157 153
460 Andrivo Rusydi 27 2880 349 202 176 169 158
461 Chong Jin Ong 30 2857 165 133 129 125 119
462 Choy Heng Lai 30 2854 229 176 123 119 91
463 Johan R.C. van der Maarel 34 2851 100 99 96 94 86
464 Weng Tat Chan 26 2825 306 290 174 139 122
465 lionel wee 31 2807 188 164 160 142 99
466 Hoong Chor Chin 26 2787 365 284 261 199 96
467 Wenhui Li 14 2784 1044 473 310 292 238
468 Sharon C. Sung 19 2777 1049 626 159 87 87
469 Colin Leung 28 2758 164 137 93 90 86
470 Greg Tucker-Kellogg 15 2748 1081 566 358 163 92
471 Shing Bor Chen 28 2728 259 215 126 123 110
472 Eng San Thian 26 2697 625 179 149 139 107
473 Karina Yew-Hoong Gin 27 2687 577 146 107 102 85
474 Haoyong Yu 26 2664 297 213 165 129 129
475 Yung C. Liang 27 2649 351 193 115 104 89
476 F H Lee 27 2645 306 147 100 96 86
477 Tin Wee Tan 27 2647 197 182 174 107 91
478 Juin-Kuan Chong 13 2640 1301 333 331 317 174
479 Deron Herr 19 2641 589 370 247 240 170
480 Wee Kheng Leow 29 2632 213 178 154 105 86
481 Stephane Bressan 26 2630 393 107 102 98 90
482 Alexandre Chan 28 2635 272 147 132 79 71
483 Siew Eang Lee 26 2632 437 228 191 108 90
484 Sanjay Jain 22 2620 315 201 100 66 64
485 Tao Huang 25 2628 551 179 162 100 90
486 Somsak Swaddiwudhipong 28 2617 166 124 111 85 85
487 Kian Keong Poh 26 2627 553 144 132 103 82
488 Meng Hau KUOK 24 2593 303 182 134 130 127
489 Stanley Kok 15 2594 938 347 311 137 124
490 Wei Ngan Chin 24 2585 186 135 132 117 113
491 Jin-Ting Zhang 21 2572 468 324 282 153 147
492 Alfredo Franco-Obregón 24 2579 497 397 130 127 127
493 Cecilia Tortajada 25 2570 194 121 119 96 94
494 Yung Seng Lee 24 2573 201 200 147 108 96
495 Huang Xiaolei 19 2565 377 291 261 241 218
496 Kiang Hwee TAN 29 2552 138 137 114 95 88
497 Wee-Seng Soh 24 2542 242 191 148 145 136
498 Wee Shong Chin 26 2537 197 182 140 119 108
499 On Sun Lau 17 2529 682 293 270 269 153
500 Aaron Danner 30 2504 161 105 92 85 77
501 Taizan Chan 22 2499 637 430 195 146 100
502 Akshay Rathore 26 2459 129 126 102 100 95
503 Zhi-Kuang Tan 10 2454 1331 325 252 194 151
504 Ye Wang 29 2419 151 136 107 89 73
505 Alex Cook 28 2409 170 136 115 113 111
506 Reza Shokri 23 2408 467 236 183 164 121
507 Han Kiat Ho 25 2409 285 169 137 137 135
508 Sivaramapanicker Sreejith 20 2390 292 271 255 220 206
509 Yijie Xia 19 2382 538 302 155 152 146
510 Sui Zhang 23 2380 406 262 172 122 122
511 Bin Su (B. Su) 23 2360 345 262 186 156 155
512 Rufaihah AJ 17 2354 846 410 185 107 104
513 Hongshun YANG 28 2345 137 118 97 74 70
514 Trichy V. Krishnan 12 2340 909 284 231 209 187
515 Zhiyong Huang 23 2328 240 213 151 119 98
516 Lam Siew Hong 24 2328 344 283 238 108 99
517 sheemei lok 23 2330 379 272 214 153 147
518 Lingzhi Wang 24 2332 271 204 173 122 120
519 Jiangbin Gong 26 2325 103 82 82 64 61
520 Syed Farid Alatas 23 2312 359 333 152 151 102
521 Nanguang Chen 23 2317 224 193 174 157 128
522 Mok YK 29 2310 183 158 146 127 121
523 Feng Guangxue 28 2308 261 148 141 115 108
524 Christopher R Yap 29 2302 296 156 115 107 98
525 Huilin Shao 21 2286 386 325 228 175 134
526 Wen Feng Lu 23 2284 292 116 112 110 74
527 Anand Srinivasan 10 2275 1056 747 508 170 62
528 Liang Liu 13 2280 487 345 287 279 264
529 CL Teo 22 2273 296 241 154 147 119
530 Chew, Chee-Meng 21 2268 506 216 148 142 77
531 Irene E. De Pater 18 2269 409 238 201 183 130
532 Muthu Kumara Gnanasammandhan Jayakumar 14 2268 796 438 233 179 173
533 Hon Wai Leong 22 2260 311 198 147 108 95
534 Vincent Y. F. Tan 23 2257 298 200 178 104 85
535 Min-Sen Chiu 25 2239 238 204 171 131 102
536 Jialiang Li 25 2238 191 127 124 101 77
537 Konstadina Griva  25 2227 312 144 136 117 102
538 Yei-Tsung Chen 24 2226 264 132 124 100 100
539 Darren CJ Yeo 25 2212 231 225 119 73 65
540 Min Wu 12 2210 1358 154 141 115 106
541 Dr. Vadakkepat Prahlad 26 2203 310 186 183 104 95
542 Jeffrey Funk 25 2204 251 196 138 113 111
543 Ganesh Anand 22 2199 350 250 120 102 98
544 Kai-Chee Loh 25 2195 199 190 165 133 88
545 Leilei Chen 27 2184 217 207 136 125 118
546 Yee Wei Lim 22 2182 836 135 105 105 100
547 Tianran Zhang 21 2180 317 310 221 149 118
548 Saif A Khan 21 2175 483 367 170 138 111
549 Sergei Manzhos 27 2175 159 121 114 81 77
550 Qiaofeng Yao 25 2165 273 182 181 142 115
551 Zhenhui (Jack) Jiang 17 2157 426 366 366 341 302
552 Yeneng Sun 25 2134 217 162 119 108 95
553 HaiRong Liu 25 2130 120 87 80 71 68
554 Haijun Wu （武海军） 25 2133 262 178 166 161 113
555 Yi-Chin Toh 20 2105 397 389 297 164 149
556 Pakorn Kanchanawong 13 2097 849 661 87 78 67
557 Wei Tsang Ooi 26 2094 213 133 81 67 60
558 Wei Seong Toh 25 2087 194 177 149 107 104
559 Chong-Yaw Wee 26 2083 209 151 149 134 106
560 Daria Andreeva 24 2076 212 177 127 125 99
561 Cathleen Teh 18 2070 576 261 220 162 127
562 JAMES  ANG 21 2062 381 168 166 117 110
563 erle lim 25 2057 334 185 104 80 72
564 Woei-Wan Tan 23 2054 218 196 170 134 92
565 Yee Kan KOH 16 2054 346 284 251 157 145
566 Yupana Wiwattanakantang 12 2044 497 445 352 196 141
567 Joshi Kumar A V 21 2148 336 200 124 94 72
568 RAKA SHOME 18 2041 409 233 221 198 168
569 Zijing Ding 13 2042 794 572 212 147 40
570 Jean-Daniel Bancal 27 2028 160 114 108 96 93
571 Chandra Sekhar 26 2029 201 116 110 86 81
572 Rongjun Yu 24 2028 228 161 126 121 101
573 Bon Gang (BG) HWANG 23 2009 214 203 169 152 81
574 Shengdong Zhao 24 2010 207 154 133 112 112
575 Kok-Lim Low 19 2004 505 276 232 108 92
576 Syed Farid Alatas 20 1999 359 333 102 87 56
577 Yin Thai Chan 22 1980 260 197 184 147 106
578 Hichang Cho 16 1978 447 283 183 178 152
579 loong fah Cheong 21 1971 432 244 116 115 111
580 TAN, Tiow Seng 18 1968 277 240 178 143 117
581 Chaminda Jayampath Seneviratne 25 1972 292 102 90 90 89
582 Mansoor B. A. Jalil 20 1965 116 92 73 63 60
583 Sandy Lim 12 1959 571 464 336 224 175
584 Olivier Lefebvre 20 1938 677 168 133 91 90
585 David Nott 25 1941 196 111 86 79 76
586 Lei Feng 24 1939 179 148 95 85 77
587 Fah Fatt Gan 25 1924 176 150 124 108 107
588 Jie Zhang 23 1916 215 189 188 164 129
589 Michael Girard 25 1916 152 151 126 115 95
590 Dr. Iliana Magiati 18 1903 523 243 197 119 105
591 Siew Ann Tan 25 1869 122 106 94 84 76
592 Sreedharan Sajikumar 21 1871 265 224 161 134 125
593 Julian Lim 12 1870 665 577 269 91 49
594 Dinh Tien-Cuong 24 1850 136 109 103 91 91
595 Ishtiaq Mahmood 14 1850 297 248 247 240 211
596 Hai M. Duong 27 1851 187 147 88 81 73
597 Qisheng Wang 21 1852 449 175 118 93 81
598 Cheng Xiang 17 1843 363 217 197 129 104
599 Song Liu 18 1836 470 157 143 114 105
600 Andy M Yip 20 1832 480 298 71 71 67
601 Yongping Pan 24 1834 158 143 113 104 71
602 Guangya Zhou 22 1810 130 71 69 56 52
603 Lakshminarayanan Samavedham 24 1809 152 108 65 61 59
604 Mankei Tsang 25 1803 131 99 94 88 82
605 Ermanno Miele 12 1801 822 465 140 110 41
606 Songjie Yu 23 1790 249 185 108 101 88
607 Jonghak Lee 16 1784 971 228 110 89 62
608 Tat Leang Lee 22 1773 165 136 106 99 99
609 Teo Kie Leong 21 1765 124 94 92 75 63
610 Xuesen Wang 23 1764 185 185 130 113 69
611 Hwee Lin Wee 23 1749 204 137 74 73 57
612 Geok Theng Lau 9 1747 1093 366 85 53 34
613 Bo Burla 12 1728 452 326 234 181 177
614 Erik Birgersson 23 1722 152 88 73 73 66
615 Kazunari Sugiyama 15 1720 949 140 122 79 54
616 Jerald Yoo 20 1723 297 194 194 148 137
617 Wenru Wang, PhD, RN 23 1712 104 67 57 49 49
618 Pham, Thi Phuong Thuy 13 1700 879 148 143 131 120
619 John R McPherson 17 1696 463 248 207 156 109
620 TEO Chiang Juay 23 1691 213 104 104 85 80
621 Jian Zhu 19 1683 192 128 126 118 107
622 Chen Peter C. Y. 18 1675 220 129 111 104 87
623 Travis Nicholson 11 1672 719 344 147 124 116
624 Mitchell K.P. Lai 25 1672 136 120 85 85 83
625 Wangdong Zeng 15 1666 851 203 114 102 56
626 Richard T. B. Ma 18 1662 219 173 165 141 92
627 Joseph Ooi 23 1655 156 149 106 90 75
628 Dechao Geng 18 1654 260 200 194 148 97
629 Venkataraj 22 1652 148 147 116 111 105
630 Chin-ying Hsu 19 1646 255 202 182 82 76
631 chuen seng tan 21 1642 127 118 99 97 94
632 Ne-Te Duane Loh 19 1640 196 181 138 133 121
633 Tun Seng Herng 22 1635 176 136 98 79 77
634 Deyi Fu（傅德颐） 22 1638 233 200 143 83 68
635 Kunchithapadam Swaminathan 22 1629 105 97 96 84 73
636 Ho Kong Chong 20 1616 210 122 101 82 71
637 Yu Zhao 20 1618 180 172 116 104 94
638 Utkur Mirsaidov 24 1616 133 104 89 84 74
639 fei peng 19 1612 196 191 163 134 109
640 Ng Szu Hui 22 1605 108 105 91 87 83
641 Lili Jiang 16 1603 352 328 145 140 140
642 Ou, Amy Y. 8 1602 781 538 177 32 23
643 Leher Singh 16 1594 224 224 177 163 140
644 Sandy Cook 17 1583 238 225 211 187 137
645 Sudhakar Jha 19 1577 200 190 184 159 144
646 Guanglei Qiu 17 1564 512 121 84 67 61
647 Yue Yu 15 1569 511 180 151 115 113
648 Ee Sin Chen 11 1565 435 361 309 122 81
649 Eng Fong Chor 20 1560 163 128 107 92 80
650 Yulin Lam 24 1561 151 71 69 56 53
651 Chu Delin 23 1556 129 81 67 59 58
652 Karthik mallilankaraman 17 1567 298 274 151 135 124
653 Miao Zhou 22 1556 269 172 126 110 96
654 Joseph Sung-Yul Park 19 1544 270 164 132 121 105
655 Pavel Tkalich 18 1546 251 95 91 85 78
656 Chuan-Hoo Tan 20 1543 174 116 114 99 65
657 Ting Xiong 19 1543 386 169 135 126 78
658 Gim Hee Lee 18 1537 445 246 169 83 81
659 Wee Teck Gan 21 1533 231 131 98 72 56
660 Chi-Nien Chung 15 1530 307 248 177 134 123
661 Nitin Pangarkar 22 1529 290 115 114 92 90
662 Luochen Li 19 1526 125 106 92 70 64
663 Ai Poh Loh 16 1521 200 188 130 99 91
664 Zhisheng YE 19 1524 161 151 145 84 81
665 Arthur Tay 19 1517 210 79 62 61 55
666 Stefan Nimmrichter 19 1510 294 205 128 89 84
667 Alex K. Y. Lee 25 1498 103 79 75 73 67
668 Hwa Liang Leo 21 1493 88 85 75 71 60
669 Ivica Nikolić 20 1477 305 117 100 75 69
670 Jungpil Hahn 18 1481 359 253 151 88 58
671 Brett McInnes 18 1476 344 121 72 60 32
673 Lin Zhenhua 17 1476 272 179 172 87 84
674 Chester Drum 17 1473 466 260 113 98 75
675 Khim Yong Goh 12 1476 557 434 111 62 26
676 Dinesh Kumar Srinivasan 20 1471 194 151 123 105 91
677 Itty Abraham 14 1469 359 354 243 65 59
678 Yajun Ha 18 1468 287 184 107 75 60
679 LIM Ci Wen, Charles 14 1474 308 288 242 152 100
680 Prof.dr. Zeger Van der Wal 18 1466 279 218 110 95 86
681 H. Brian Hwarng 20 1462 179 153 144 127 104
682 Hai-Shu Lin 19 1460 266 141 106 91 84
683 Xi Chen 18 1460 200 178 136 119 115
684 Esther C. Y. Woon 17 1458 546 131 115 78 70
685 Khe Chai Sim 22 1454 131 109 57 56 47
686 Audrey Yue 19 1447 291 153 76 70 69
687 Peining ZHU Ph.D. 23 1445 178 111 84 82 72
688 Leonard Lee 14 1448 347 248 179 144 87
689 K. C. G. Ong 18 1438 178 107 105 84 81
690 Soo Jin Adrian Koh 12 1434 239 236 192 163 160
691 Srinivasan Sankaraguruswamy 14 1429 558 146 110 95 87
692 Tan Puay Yok; Puay Yok Tan; PY Tan; Tan PY; P Yok Tan; T Puay Yok; PT Yok; T. P.Y 15 1423 330 217 170 148 72
693 Jennifer Harmon 11 1419 731 224 176 49 45
694 SL Collinson 21 1425 184 102 78 74 59
695 Manas Mukherjee 20 1406 217 121 96 95 82
696 Ponnivalavan Babu 19 1402 264 161 150 82 74
697 CHUNWANG ZHANG 19 1385 45 39 29 27 26
698 Chen-Hua Yeow 19 1379 194 106 100 92 63
699 Teck Keong Seow 16 1372 201 149 138 118 103
700 Martin Buist 20 1365 248 248 101 75 72
701 Kakoli Das 18 1361 405 183 154 93 66
702 Matthias Steiner 10 1355 425 392 130 130 80
703 Dan Friess 20 1358 146 135 127 118 97
704 Chia-Hung Chen 18 1352 239 169 166 96 70
705 Abhishek Kumar 12 1349 518 244 158 86 86
706 kanti bajpai 18 1351 300 100 81 63 52
707 Lih-Bin Oh 12 1343 467 193 163 113 77
708 Shing Leng Chan 18 1344 190 187 122 89 85
709 Gregory Duck 16 1340 514 201 82 62 53
710 Tze-Yun Leong 21 1339 101 89 52 47 43
711 Leiqiang Chu 7 1343 847 272 91 41 39
712 Pipin Kojodjojo 20 1339 194 91 89 81 74
713 Xiao Gong 22 1334 77 68 64 62 55
714 Eliza LS Fong 11 1324 790 164 129 50 31
715 Panida Jirutitijaroen 19 1324 113 99 93 90 85
716 Sartaj Ahmad Mir 8 1323 1122 50 42 37 22
717 Koen Mouthaan 20 1314 126 117 49 48 47
718 Peiyan Wong 17 1311 301 270 134 94 77
719 Rahul Jain 19 1310 151 102 89 76 64
720 Chang Jingjing 22 1312 80 71 68 62 59
721 De-Qi Zhang 20 1301 91 65 55 50 49
722 ichun kuo 20 1298 144 141 107 81 79
723 John Miksic 18 1293 152 115 103 71 68
724 K S C Kuang 16 1290 225 179 118 91 90
725 Zailei Zhang 20 1296 182 176 146 137 85
726 Yuhong Qian 14 1300 375 314 91 80 47
727 Pang Sze Dai 15 1290 485 192 110 60 58
728 Sang Hyun Lee 18 1281 160 144 121 102 91
729 Troy Lee 17 1279 138 97 97 88 70
730 IVAN THAM 18 1276 219 146 81 70 70
731 Alexander Ling 18 1269 209 139 115 77 68
732 Rui-Qi Png 16 1270 299 185 174 95 62
733 Thawatchai Maneerung 13 1274 712 134 119 58 46
734 Kai Soo Tan 15 1271 249 158 138 92 85
735 Shih-Hsien Yu 17 1266 221 105 75 73 71
736 Dr Ramanathan Vaidyanathan 11 1261 430 291 117 104 59
737 Tien Foo Sing 18 1257 96 95 62 61 50
738 Huso Yi 21 1258 94 89 88 77 71
739 XIAOJING CHENG 19 1255 380 110 78 69 68
740 weishi lim 14 1255 380 247 190 69 64
741 Bibhas Chakraborty 17 1243 236 187 112 99 64
742 Evelyn Law 7 1239 809 128 79 75 74
744 CHEN Kang 11 1234 560 256 63 54 52
745 Dawei Jiang 11 1231 498 195 141 111 107
746 Hui An 21 1234 165 112 72 65 60
747 Winston Chow 15 1232 256 167 116 114 89
748 Bianca Lim 20 1232 143 80 75 69 62
749 Bryan Kian Hsiang Low 21 1216 86 83 73 71 59
750 Hussin Mutalib 16 1216 265 194 111 101 60
751 Jussi Keppo 17 1206 168 143 87 85 69
752 Yanpeng LIU (刘衍朋) 15 1210 325 232 196 66 52
753 Zhisong Wang 23 1203 63 60 52 51 51
754 Gianluca Grenci 20 1200 101 63 60 56 56
755 Min Dai 19 1195 167 89 77 64 55
756 Su Chenliang 17 1194 299 257 56 53 46
757 Yuwei Hu 18 1192 154 132 132 109 96
758 Thai Tran 15 1192 375 101 76 69 68
759 Sonia Akter 17 1189 367 97 81 77 75
760 Harin Jung 14 1185 455 135 116 85 58
761 Ng Ley Moy 12 1183 463 234 110 84 69
762 Shu-Sin Chng 14 1177 259 144 139 131 106
763 Per Widenborg 17 1176 155 133 107 68 63
764 Anthony T. Tan 15 1179 165 148 127 122 102
765 Sangho Kim 17 1162 145 102 76 69 66
766 Wai Mun Fong 18 1159 181 141 92 71 70
767 Chan hoong Leong 14 1150 313 187 111 83 79
768 Ashish Lall 11 1146 513 257 107 47 42
769 Trung Quy Phan 16 1146 278 122 120 82 68
770 Wang Xiaopeng 18 1146 380 110 78 69 51
771 Elaine Yew 12 1146 541 101 91 88 80
772 Vu Minh Khuong 16 1141 273 184 115 87 83
773 Lau Ying 20 1136 114 79 74 56 55
774 CHIA NA YU 8 1133 488 355 105 60 38
775 Marcus Lee Aik Beng 18 1131 256 108 104 56 43
776 Martin Henz 17 1128 140 117 100 94 88
777 Raymond CC Wong 14 1139 303 117 112 76 72
778 Chee Khiang Pang (Justin) 17 1122 86 74 72 59 43
779 ZHOU ZhiYing, Steven 19 1119 82 64 55 54 52
780 L. Roman Carrasco 22 1122 118 87 71 53 48
781 Jian Dong 13 1113 236 163 113 90 85
782 yaling zhang 17 1111 256 145 138 68 68
783 Lawrence Lee 16 1110 294 98 62 60 49
784 Heok Hui Tan 17 1105 110 90 84 51 49
785 Artem K. Efremov 16 1105 179 175 103 88 86
786 Ling-Wen Ding 18 1110 230 126 59 59 49
787 Lonce Wyse 16 1098 158 97 96 82 82
788 Jia Chen 15 1097 130 117 113 80 77
789 Richard Sim 19 1094 114 100 74 73 68
790 Trevor E. Carlson 13 1097 581 107 54 39 38
791 Ye Liu 11 1108 163 162 123 121 104
792 Wang Xi 17 1086 225 116 102 83 70
793 Dr. Rayavarapu Prasada Rao 19 1086 133 88 84 77 68
794 Eduardo Araral 17 1086 152 73 69 61 55
795 Kai Hong Phua 16 1086 234 121 117 67 57
796 Hongliang Tan 19 1085 125 97 75 63 52
798 Soo Yeon Kim 11 1082 435 208 147 54 44
799 Thanh Xuan Nguyen 21 1083 124 94 62 60 58
800 Sujatha Narayanan Kutty 12 1081 481 134 104 80 63
801 Sasidharan Swarnalatha Lucky 8 1085 620 149 112 93 49
802 Siok Kuan Tambyah 14 1078 620 72 60 60 58
803 Jing Wang 14 1082 381 149 85 84 72
804 Shih-Cheng Yen 15 1080 303 92 54 52 36
805 Intekhab Islam 11 1075 389 286 122 73 50
806 Qidong Hu 11 1077 333 266 140 121 51
807 Zhou Wang 17 1063 124 91 81 70 53
808 WEI FU 18 1067 128 106 77 69 56
809 S P Yeo 18 1063 94 73 60 52 40
810 Viet Thong Le 7 1061 340 272 148 114 107
811 Matthew Lim 16 1056 235 125 112 56 52
812 Qing-hai Wang 19 1049 155 97 88 84 66
813 Anil Reddy Annadi 17 1050 202 184 88 86 47
814 Ryan Chisholm 18 1044 122 114 102 102 94
815 Thomas Mueller 19 1041 89 89 56 55 51
816 Gleb Maslennikov 13 1037 240 137 93 83 73
817 TIANPENG DING 9 1042 287 269 263 61 46
818 Yaozhong Wu 8 1036 341 281 191 80 40
819 Jangam Ashok 18 1034 131 113 84 76 65
821 Yu-Hsiu Wang 16 1032 210 118 86 81 78
822 Singfat CHU 12 1032 222 221 182 170 45
823 Xuanyao Fong 19 1027 104 73 61 55 48
824 Singfat Chu 12 1026 222 221 182 170 45
825 Xuehui Gao 10 1026 272 201 168 106 72
826 Jinghui, He 18 1028 117 62 57 54 45
827 Yang Miang Goh 17 1019 134 99 96 91 63
828 Andrew James Harding 18 1017 127 50 48 42 37
829 Danwei Huang 17 1013 217 88 85 66 63
830 James Chen Yong Kah 16 1010 140 112 83 79 73
831 Al K. C. Au 9 1007 478 214 75 73 44
832 Junjian Yi (易君健) 12 1003 287 152 85 84 71
833 Son Truong Nguyen 16 1006 234 107 88 81 73
834 Brandon I Morinaka 19 1003 178 74 56 53 49
835 V.L.Zhang 14 1001 303 134 127 48 42
836 Xudong Qian 17 1000 61 60 38 33 32
837 Xiao Luo 17 1003 62 44 33 31 31
838 Kenneth Paul Tan 16 993 158 74 71 59 57
839 Xiangnan He 15 997 209 143 79 59 55
840 Mengling 'Mornin' Feng 15 990 318 76 68 67 63
841 Paul Barter 17 981 152 152 132 57 55
842 Ryan Y Hong 16 975 276 110 77 54 53
843 Eileen Tan Mei Hui 8 973 327 234 175 76 63
844 Po-Jang (Brown) Hsieh 16 969 192 116 76 60 55
845 Edward Teo 18 967 120 88 70 60 52
846 Yahua Chen 15 964 184 133 95 79 55
847 Andrew Bauman 16 962 191 101 96 80 71
848 Junhong Chu 12 960 352 103 102 102 81
849 Gary S H Tan 17 958 107 85 66 64 52
850 Songfa Zhong  钟松发 15 957 273 91 84 68 55
851 Rengasamy Ramamoorthy  15 952 276 233 66 57 45
852 Mun Heng Toh 16 949 83 71 58 53 52
853 Bo Zhiyue 14 947 239 127 86 57 55
854 Gong Yinhan 18 946 104 92 73 54 53
855 Paulin Straughan 15 941 149 104 104 99 55
856 Peter Cheung 15 948 146 91 89 75 57
857 CN Mattar 13 944 131 123 97 91 84
858 Yu Li Huang 18 936 170 126 77 67 46
859 Fang Liao 12 926 551 41 35 27 21
860 Hu Fang (胡方) 16 932 150 84 82 74 73
861 Shengwei Zeng 16 926 184 116 88 86 35
862 Shaojie Zhuo 14 918 221 110 78 62 58
863 Kah Bin Lim 17 918 97 49 47 44 44
864 Jessica Pan 12 918 367 213 86 47 43
865 Jamie S. Davidson 13 918 248 123 71 68 57
866 Maznah Mohamad 16 904 86 64 55 53 44
867 Hoe Siu Loon 8 904 644 52 47 42 28
868 Sachin V Jangam 14 902 129 110 109 72 65
869 Ngoc Han Tran 15 904 135 134 102 88 69
870 Jayanth Narayanan 14 901 177 145 144 77 61
871 shaozhong ge 16 900 117 104 96 93 93
872 Martyn E.Y. LOW 7 895 719 12 8 7 7
873 Yuming Fu 14 897 96 96 88 73 71
874 Murali Damodaran 13 889 255 124 47 40 25
875 Foong May Yeong 14 886 172 115 101 69 58
876 Pang Junxiong, Vincent 10 892 202 159 152 105 83
877 Zi-Qiang Rong 12 890 189 176 156 87 57
878 John S Ho 11 887 211 157 130 97 78
879 Paolo E.Trevisanutto 16 880 204 88 75 60 55
880 Guowu Zhan 16 880 128 110 105 77 71
881 Aquinas Hobor 13 881 161 152 113 101 53
882 ZhiHeng Niu 8 881 599 136 32 26 22
883 Yimei Lu 13 875 163 134 109 108 79
884 YF Fong 11 864 116 105 103 94 87
885 Nalam Satyanarayana 16 861 94 67 45 36 36
886 Ashish Rudola 5 861 404 252 127 42 29
887 Nan Chen 14 855 151 83 70 67 66
888 Chee Tat Toh 12 854 210 154 95 76 71
889 Vinicius Rosa 13 855 143 132 81 73 54
890 Simon F Watts 14 852 361 63 50 50 43
891 Li-Hong ZHAO 13 849 299 107 106 62 55
892 Zhou Jin 15 849 145 111 100 79 65
893 Chetna Malhotra 16 848 183 89 52 51 39
894 Eunyoung Chae 11 848 200 165 158 109 86
895 Md Raisul Islam 19 845 72 55 55 53 50
896 Qijie Liang 17 846 137 107 57 51 50
897 Mabel Chou 14 838 101 96 79 70 65
898 Kua Harn Wei 14 835 108 96 60 46 42
899 Lih Feng Cheow 17 831 114 100 67 65 63
900 Neil Sinhababu 8 828 641 64 29 23 16
901 Elaine Lynn-Ee Ho 15 826 133 99 82 78 61
902 Chao Yuan 10 819 333 187 86 68 25
903 Jingfeng Lu 15 815 127 90 81 57 43
904 Tan Mein Jin 14 807 168 163 80 57 51
905 Akshay Jain 12 807 181 138 88 64 62
906 Jie Wu 16 803 69 49 39 35 34
907 Robert Beckman 15 802 105 92 53 48 36
908 Hing-Yan Lee 11 801 216 180 116 116 81
909 Bo Xue 16 803 158 78 60 58 54
910  Supriya Srivastava 15 801 167 89 62 55 47
911 Liyan Zhu 16 797 103 90 63 48 48
912 Usman Oemar 14 797 122 79 75 67 62
913 Godfrey Yeung 16 793 57 55 55 53 44
914 Carlo M. Orofeo 13 789 206 152 75 64 62
915 Bin Zhang 11 786 142 136 127 88 74
916 Maurizio Peleggi 9 780 208 186 109 100 72
917 Junpeng Lu (吕俊鹏) 18 783 70 60 49 49 39
918 Lu Guo 12 782 242 103 65 46 37
919 Siang Huat Goh 11 778 203 150 129 42 33
920 Yonghuang Ye 12 782 219 97 72 61 55
921 Bingbing Tian 15 774 166 90 61 54 46
922 Aaron Irving 12 764 294 88 69 64 54
923 Furkan ISIKGOR 9 767 353 142 80 47 38
924 Dodo J Thampapillai 11 757 160 130 66 42 40
925 Xiaowei Dou 12 762 112 109 108 105 66
926 Scott Victor Valentine 16 754 85 73 61 41 39
927 Sue Anne Toh 11 756 324 106 65 64 47
928 Victor Lee Kwan Min 14 753 160 146 47 36 33
929 Eric C. Thompson 14 749 84 81 78 69 56
930 Timothy E Saunders 13 744 242 64 59 55 53
931 Ruoyu Zhang 16 743 191 65 61 58 56
932 Pengcheng Li (李鹏程) 15 747 142 80 71 55 54
933 Ho Yee Tiong 15 739 79 74 64 61 54
934 Qian Zhou 15 738 68 61 55 40 39
935 Adrian Röllin 15 738 106 62 60 55 53
936 Anjam Khursheed 11 736 88 71 38 33 25
937 Wu Yongzhi 13 733 111 80 72 69 68
938 Ziheng Lin 9 725 222 216 117 31 27
939 Joel Goh 10 724 305 87 73 60 48
940 Roger C. E. Tan 17 726 75 59 33 33 31
941 Quoc Trung Tran 11 754 138 128 114 74 31
942 Kevin YL Yap 14 724 147 48 44 38 37
943 Lilibeth Miranda 8 720 244 152 82 65 58
944 LI XIUPING 9 718 238 198 98 76 33
945 Harng Luh Sin 7 719 399 224 32 27 10
946 Li Jiang (姜李） 13 717 175 91 53 51 51
947 Lingling Tian 15 715 78 64 62 59 57
948 LYU Zhiyang （吕之阳） 12 715 232 97 96 69 38
949 Velusamy Subramaniam 11 713 135 105 84 65 50
950 Swee Ching Tan 13 709 199 88 62 46 44
951 Reuben YP Wong 11 707 224 118 107 36 30
952 Nicolas Escoffier 14 706 183 72 59 58 47
953 Zhigao Yi 13 705 136 95 66 58 54
954 Yao Mingxi 9 698 179 141 83 69 52
955 Henrik Andersen 6 692 537 56 37 34 17
956 Md Zakir Hossain 9 686 193 154 88 64 63
957 Vedharaj Sivasankaralingam 15 682 76 72 65 52 41
958 Sajid Hussain 11 679 185 74 56 31 29
959 Ghim Ping Ong 14 676 62 55 43 41 40
960 William Bain 13 677 245 66 52 42 37
961 Jinping Wang 14 677 128 77 66 64 49
962 Alberto Corrias 11 674 212 78 61 57 46
963 Hon Chung Lau 14 674 90 86 59 36 29
964 Peng Liu (刘朋) 12 675 159 142 58 51 38
965 Philip Holden 14 666 60 52 49 43 37
966 Renbao Chen 8 663 198 132 127 107 38
967 Yujie Lu 14 659 106 55 37 32 29
968 Ying Min Low 14 657 87 74 54 35 30
969 Jia Hui Fu 12 660 189 102 49 47 45
970 Filip Biljecki 13 646 128 77 75 50 34
971 YUPAN TANG 13 649 122 88 74 64 50
972 Chen-bo Zhu 16 647 106 48 41 35 35
973 Alessandro Cerè 13 647 105 105 73 67 53
974 TAN Poh Lin 13 647 130 79 73 61 48
975 Kevin McGee 15 644 126 50 45 34 30
977 kwok pui Choi 16 642 79 77 51 45 35
978 Jigang Wang 14 642 138 48 44 44 43
979 Reza Katal 13 640 163 109 57 49 42
980 O'Dhaniel A. Mullette-Gillman 13 638 191 88 82 40 32
981 Goh, Robbie B. H. 13 638 62 46 40 34 30
982 Johan Sulaeman 9 638 182 107 105 70 63
983 Sung-Yong Park 14 637 88 78 71 60 59
984 Kai Cao (曹凯) 13 637 121 106 59 29 29
985 In-Hyeok PARK 13 638 110 85 62 38 38
986 Qiang Fu 13 634 127 90 77 57 43
987 Sha Luo 11 634 128 115 85 81 44
988 Ser Peow Tan 15 628 97 52 52 45 39
989 Qingqing Wu 13 640 112 67 67 61 52
990 Daniel PS Goh 14 625 84 52 48 37 36
991 Huanqian Loh 11 622 215 100 92 37 35
992 Ang Eng Tat 8 622 174 153 134 61 38
993 Azhar Ali 10 620 210 110 95 48 31
994 Vadym Kulish 13 619 122 113 49 39 38
995 Li Fang Ng 14 617 84 82 71 61 55
996 Poh Seng Tan 11 616 315 49 44 29 27
997 Harold Soh 14 613 86 77 45 30 29
998 Ian Gordon 8 612 247 131 66 36 36
1000 Yi-Chen Wang 13 610 139 48 46 38 37
1002 H S V S Kumar Nunna 9 608 240 123 71 47 20
1003 susan rickard liow 15 609 99 56 46 43 40
1004 Jialin Zhang 13 604 114 112 80 41 28
1005 Su Lin Lim 9 601 440 33 17 15 15
1006 Marleen Dieleman 13 600 132 91 51 46 32
1007 weili ong 14 599 85 78 49 43 43
1008 Han Wang (王瀚) 11 597 119 99 90 60 43
1009 John JE Chua 11 596 99 76 66 66 61
1010 Yue Wu 11 596 148 102 71 37 33
1011 Jeonghun Nam 13 593 107 91 91 62 52
1012 Lingaraj Krishna 15 591 47 46 43 42 38
1013 Sankaran Jagadish 9 593 132 112 100 74 46
1014 Gui Min Shi 12 591 144 88 75 51 50
1015 Khin Sandar Tun 14 589 140 37 37 37 34
1016 Ranjith Nair 14 588 84 69 44 44 42
1017 Konstantinos Kotsis 11 587 108 107 76 76 61
1018 Sophia Archuleta 13 584 81 74 45 41 31
1019 Nurjono, M  12 580 209 95 59 33 25
1020 jude yew 8 575 269 81 45 34 34
1021 Weiqing Zhang 10 576 157 100 61 57 47
1022 Daniel L Floyd 9 574 171 102 81 55 49
1023 Shamprasad Varija Raghu 10 574 209 94 79 48 34
1024 Ng Tsan Sheng (Adam) 12 568 173 41 37 32 29
1025 Allan Ross Magee 12 567 70 66 66 49 38
1026 Massimo Spina 9 570 174 132 75 43 36
1027 Peng Zhang 7 567 326 89 32 24 8
1028 Dong Liang MA 11 565 301 37 31 28 24
1029 FAN ZENG 15 569 81 69 61 36 33
1030 Andrew Santosa 11 563 111 85 73 47 43
1031 Chunfeng Wan 12 564 147 85 55 54 50
1032 Zhuo WANG 14 562 48 48 27 26 26
1033 Sinu Mathew 13 559 116 73 56 38 30
1034 Gabriel Aguirre-Ollinger 11 557 110 83 82 79 50
1035 Sivasothi N 9 558 122 104 93 43 33
1036 Pablo Higuera 7 557 218 138 81 47 42
1037 Karen P.Y. Lai 11 555 110 97 83 47 35
1038 Yiguo Chen 9 555 254 62 60 55 31
1039 Wanfang Li 15 554 64 52 48 34 32
1040 Weiyu Zhang (Ivy) 15 551 66 56 36 33 29
1041 Reuben Ng 12 553 206 49 43 33 29
1042 Choon Hwai Yap 12 553 68 64 62 57 52
1043 Jingxin Zhang 14 552 57 55 52 52 49
1044 Shuangchi He 13 548 78 67 67 34 34
1045 Ai Mei Chou 9 548 122 115 70 70 53
1046 Cho Yeow Koh 11 547 128 88 72 45 42
1047 Jacky K.H. Chung 12 547 126 88 48 46 42
1048 James Pander 6 548 381 103 21 10 10
1049 Jiangshuai Huang 9 546 145 94 82 69 32
1050 Avishek Karmakar 11 543 137 90 85 36 36
1051 Kevin Y.L. Tan 15 540 83 46 32 32 25
1052 Sungwoo Bae 7 540 191 138 80 70 32
1053 Michelle Miller 12 540 141 56 36 36 36
1055 Kang Zhang 13 534 85 69 51 44 38
1056 Hui Khoon Ng 13 528 82 78 58 49 38
1057 Kang ZHOU 11 532 153 107 58 49 34
1058 Jit Kong Cheong 11 528 140 125 76 40 34
1059 Zi Zhao, Lieu 10 527 121 83 70 67 45
1060 Xiaoxu Zhao(赵晓续) 12 529 143 92 38 30 29
1061 Jiangyu Wang 14 525 56 43 43 35 35
1062 Charmaine Ng 10 527 129 118 77 72 32
1063 Amrita Srivathsan 10 520 237 57 51 47 26
1064 FU Feng Jiang 10 517 98 93 81 59 56
1065 Changjian Li 11 517 184 62 47 35 25
1066 Xue Bai (柏雪） 8 516 206 108 48 46 37
1067 Hari Prakash Veluswamy 12 518 160 56 44 41 35
1068 Wong Keng Lin, Francis 11 512 189 49 28 26 20
1069 Ho Lun Cheng 10 510 130 78 52 48 36
1070 Sriram Gopu 12 509 111 74 49 38 24
1071 Wenbin Yu 13 511 45 41 36 34 27
1072 QV NGUYEN 12 509 90 52 48 41 36
1073 Seng Keat Ooi 10 512 90 83 62 45 35
1074 Jee Loon Foo 12 507 92 84 57 55 49
1075 Zhennan Wu 12 507 94 79 41 34 31
1076 Duo Mao 12 508 78 70 51 46 29
1077 Daniel Sahagún Sánchez 6 503 278 76 58 30 24
1078 Amr S Fawzy 13 502 125 48 37 34 27
1079 yao chuanhao 13 501 72 67 62 61 38
1080 Vineeta Sinha 13 500 51 45 35 33 33
1081 Wei Xia 9 499 163 90 85 50 34
1082 Luh Luh Lan 10 498 280 43 42 24 12
1083 Krishnanand K.R. 14 497 48 48 43 43 35
1084 Yu Yang Soon 8 498 219 94 51 51 17
1086 Wu Jie 13 499 77 74 46 46 32
1087 Christelle Chua 11 495 106 103 53 45 37
1088 Anil Gopinathan 13 492 58 56 45 31 30
1089 Amutha Chinnappan 14 494 53 49 48 38 36
1090 Tan Long Bin 12 486 127 39 34 33 29
1091 Chen-Chieh Feng 10 485 138 72 25 24 16
1092 Amar Srivastava 11 485 88 86 83 68 28
1093 Du Xiang 10 487 139 103 76 58 25
1095 Vijayavenkataraman Sanjairaj 7 485 200 160 39 19 13
1096 Xiao Hai 10 482 84 70 68 55 51
1097 Yin Cheng 10 485 152 85 68 58 26
1098 Yeru Liu 9 479 126 76 55 51 48
1099 Ngan Kee NG 9 475 100 72 64 32 31
1100 Dr. Qiang Gao 12 474 72 68 61 37 33
1101 Yan Zhang 7 473 245 70 48 28 28
1102 NARAYANAPILLAI Kulothungasagaran 7 470 124 119 108 28 26
1103 Yifeng Chen 8 471 170 93 62 42 33
1104 Timothy P. Barnard 10 467 170 48 35 27 15
1105 Cullen B. Owens 8 467 163 120 63 33 25
1106 xueliang shi 13 467 128 43 42 34 30
1107 Chen Gang 9 469 188 93 47 23 18
1108 Weiwen Peng 11 463 75 63 44 39 34
1109 Kwek Yan Chong 10 463 162 41 36 29 15
1110 Ng Kok Kwang 12 462 83 56 49 47 32
1111 Vladimir Espinosa Angarica 13 461 84 48 45 35 29
1112 Annapoornima M. Subramanian 12 461 112 54 50 31 30
1113 Yang Jing 7 462 169 134 57 32 27
1114 Divesh Aggarwal 10 458 89 63 54 48 27
1115 Qi Guobin 10 460 92 87 67 48 45
1116 Orhan Kahya 7 459 139 129 71 58 24
1117 Jonathan Scarlett 13 455 55 54 26 24 22
1118 Alberto Salvo 11 455 84 80 57 47 35
1119 Liang Yuan 11 454 73 70 59 47 42
1120 Joelle Lai Chiu Yun 8 451 117 97 94 37 22
1121 Mi DIAO 10 451 239 28 28 25 16
1122 Shyi Chyi Wang 9 449 156 89 62 38 34
1123 P.K. Johnny Wong 11 448 50 48 48 40 30
1124 Wee Chong Tan 10 448 226 35 29 24 23
1125 Dr. Umesh Chand 10 447 225 48 24 24 20
1126 Chinh Hoang Duc 6 447 131 84 64 63 43
1127 Chia Sing Ling 8 447 188 56 52 48 34
1128 Andrew Francis-Tan 11 445 94 60 48 46 40
1129 Du Yuan 13 445 63 49 48 46 43
1130 Yi-Rui WU 12 442 61 58 45 36 33
1131 Hong-May Sim 11 443 68 56 55 51 50
1132 Alfred M. Wu 13 440 68 50 41 38 27
1133 Taw Kuei Chan 11 437 116 56 38 24 24
1134 Shiping Yang 9 437 233 34 31 21 21
1135 Loghman Salimzadeh 10 438 102 70 68 50 48
1136 Prosanta Gope 11 437 110 37 34 31 31
1137 Andrew Halpin 11 435 86 33 31 30 29
1138 Rongfeng Sun 14 435 47 40 36 35 34
1140 Libby Heaney 11 436 190 32 31 27 21
1141 Siu-Kit Lau 13 435 81 34 34 28 27
1142 Judy Sng 10 435 101 97 34 32 27
1143 Zeehan Jaafar 11 439 126 35 35 33 31
1144 Peng Song 11 433 141 131 27 19 16
1147 Yonghai Lu 12 431 79 38 37 37 31
1148 Huan Yan 9 438 179 63 57 35 27
1149 Herty Liany 10 429 122 64 51 35 31
1150 Joseph Cherian 10 426 89 65 49 41 34
1151 Kim Yong Lim 9 424 90 87 80 47 37
1152 Akshaya Bansal 6 424 179 109 52 51 23
1153 Zeng Xian (曾贤) 12 422 58 46 41 41 36
1154 Ramesh Vaddi 10 419 94 51 48 36 32
1155 anthony waldron 7 419 217 70 49 29 16
1156 Goh Beng Lan 9 419 133 73 37 37 29
1157 Manjunath Doddavenkatappa 8 415 214 99 32 16 15
1158 Chong Zheng Rong 7 420 264 38 35 23 21
1159 Tandon Vivek 3 415 393 14 5 1 1
1160 Mei Shengtao 9 415 100 94 74 55 23
1161 Dr. Yan WANG 12 419 64 40 40 37 26
1162 Min Suk Kang 11 411 106 92 42 26 24
1163 Gao Minmin 9 411 85 68 51 49 43
1164 Asim Guchhait 11 408 76 71 37 35 35
1165 NAGARAJAN BALAJI 11 407 50 28 25 22 22
1166 Tak Fung 12 405 110 41 29 28 26
1167 Alex Mitchell 7 404 126 79 79 46 43
1168 Patrick Janssen 11 404 50 50 39 38 35
1169 Kain Lu Low 9 405 141 46 41 40 24
1170 Feng Lin 10 408 79 40 37 29 25
1171 Shah Kwok Wei 9 406 103 84 53 46 40
1172 Wei Meng 9 404 87 58 40 28 26
1173 Massimo Lupascu 8 406 144 62 60 34 31
1174 Garrick Orchard 13 402 54 44 35 31 26
1175 Ssu-Yi Lu 10 399 92 74 65 38 31
1176 Shenghao Zhu 6 398 226 48 34 31 24
1177 Catherine Ong 8 399 83 73 72 52 34
1178 Dr Rupesh Rohan 14 398 41 40 27 26 25
1179 SATARUPA BAL 8 398 215 57 28 15 14
1180 Hao Quan (权浩) 8 396 177 66 47 31 30
1181 Yosuke Sato 11 395 28 24 23 19 15
1182 YEN Ching Chiuan 9 392 118 68 53 31 22
1183 Arun Mahizhnan 7 391 207 32 19 17 9
1184 Alexandre Thiery 8 390 106 80 62 36 36
1185 Valente Hernandez Perez 13 390 70 55 55 26 21
1186 Anamika Singh 10 390 165 33 28 26 24
1187 Chee-Keng Mok 7 389 237 84 22 12 12
1188 Gerard Leng 11 389 49 46 39 26 24
1190 Vishwanathan Ramar 8 388 131 72 65 35 24
1191 Salome A. Rebello 9 387 91 56 45 45 37
1192 CHEN Gong 10 390 94 66 43 33 25
1193 Haoming Liu 11 384 57 44 33 29 25
1194 Lixia Song 12 386 74 39 38 37 31
1195 Jock Wong 11 384 89 40 34 34 33
1196 Bee Hua Goh 8 383 87 59 50 48 32
1198 Rajesh Rai 10 381 185 42 20 18 16
1199 Lokesh Dhakar 10 383 82 57 38 34 29
1200 Jolene Lin 9 377 113 44 36 27 18
1201 Wenlan Qian 9 377 113 61 27 26 25
1202 Erwin Peng 12 375 76 39 37 30 25
1203 Wai-Ping Yau 11 374 61 59 41 30 29
1204 Xinxi Wang 8 373 151 107 33 23 19
1205 Kush Agarwal 11 377 101 54 28 27 24
1206 Sharon Tan 9 373 114 72 37 32 29
1207 James A Grieve 9 370 67 56 51 39 38
1208 Wai Fen Yong 10 369 96 56 40 32 28
1210 James Teh 8 364 97 47 38 30 27
1211 Qiushi Feng 11 367 72 54 25 22 20
1212 Noor Aisha Abdul Rahman 11 364 33 25 24 23 22
1214 Swee Sum Lam, PhD, CA, CFA 9 365 65 55 51 36 30
1215 Jeremie Houssineau 10 364 44 32 20 19 17
1216 Raj Kamal Srivastava 10 364 148 33 29 28 28
1217 Tsu Hau Ng 10 363 64 52 49 32 28
1218 Huanhuan Zheng 10 363 82 55 45 40 36
1219 Shangxuan Tian 9 364 97 58 51 44 33
1220 Viknesvaran Selvarajan 6 362 89 73 61 57 41
1221 Nuttawut Lewpiriyawong 8 359 94 75 74 54 23
1222 Dr WANG Hao, Victor 11 359 90 34 26 25 23
1223 Natalie Pang 9 359 76 13 12 12 11
1224 Clare Whitton 5 359 151 134 48 15 5
1225 Poon Nian Lim 8 356 104 64 48 35 24
1226 Nirmalya Bag 10 358 55 50 46 41 37
1227 Yair Zick 11 354 84 33 29 23 20
1229 Ke-Wei Huang 10 355 43 42 37 32 31
1230 Wei-Kang Wong 9 353 117 46 27 26 25
1231 Li Zhang 10 354 125 38 37 36 28
1232 Kavita Venkataraman 10 351 76 38 36 28 25
1233 Ira Martina Drupady 6 351 156 58 57 55 11
1234 Chuan Hock Koh 9 351 141 67 35 23 20
1236 Can Yesilyurt 11 348 62 59 51 25 23
1237 Xueqing Shi 12 349 56 56 32 30 28
1238 Zhe Liang 9 348 136 59 29 24 22
1239 Zsuzsa R. Huszar 5 347 213 72 10 9 8
1240 YING XU 9 350 92 45 36 28 16
1241 Thanh Tung Cao 8 345 117 71 60 53 39
1242 Yu Jun Tan 9 348 136 62 40 36 24
1243 Khairudin Aljunied 10 343 49 32 31 20 19
1244 Wen Zhang 10 340 48 40 27 26 24
1245 Anupam Trivedi 10 341 73 50 34 30 27
1246 Sandipan Chakraborty 10 338 67 44 40 39 27
1247 See Wee Chee 10 337 62 50 48 33 24
1248 Songzheng Song 9 338 161 41 20 18 16
1249 Sorain Ramchunder 9 337 105 46 42 35 35
1250 Yunpeng Chen 9 394 109 82 78 29 21
1251 mahdy rahman chowdhury 11 338 37 36 25 24 21
1252 Dujeepa D. Samarasekera 11 337 57 43 25 24 16
1253 JIE GAO 10 335 91 45 28 26 24
1254 Heng Chye Kiang 9 334 103 50 21 20 16
1255 Ruth Seow Kuan Tan 12 333 59 46 43 31 21
1256 Siong Kiat Tan 10 333 58 34 19 18 16
1257 Jimmy C.-H. Peng 10 335 83 45 35 18 14
1258 Wei Zhang (张卫) 8 336 82 60 49 39 28
1260 Pei Zhou 9 332 75 53 38 35 28
1261 Saravanan Prabhu Nadarajan 11 330 35 32 24 22 22
1262 Fang Zhao 6 331 248 31 12 11 11
1264 Vaibhav Rajan 10 329 60 34 25 25 25
1265 Esther C L Goh 9 329 56 52 41 37 35
1266 Shubham Duttagupta 7 328 89 54 40 26 24
1267 Pranab Kumar Das 10 327 123 40 20 19 18
1268 Rui Santos 10 328 39 29 28 26 23
1269 Eng Tat Khoo 8 326 67 57 57 45 32
1270 JINGJING JIN 10 327 78 37 37 34 26
1271 Roy Chen 6 325 237 35 15 12 11
1272 Chi-Hong 7 324 190 43 26 18 14
1273 Yew Mun Lee 9 325 138 42 38 32 19
1274 Zhiyong Cheng 10 324 64 64 43 27 25
1275 Kuldeep S. Meel 10 323 52 50 38 26 24
1277 Yu-Hang Liu 8 323 191 21 20 17 16
1278 Kyle Arnold 8 321 99 57 48 26 18
1279 Junjing Yang 10 323 59 46 40 26 22
1280 Xiaojie Jin, 靳潇杰 9 379 109 82 60 25 25
1281 Khee Giap Tan 9 321 48 45 32 21 20
1283 Minchan Li 10 320 62 52 43 33 24
1284 Lau Wen Min 9 318 82 61 57 36 21
1285 Yk Yew 9 316 105 39 34 21 20
1286 Kyle K.L. Phua 7 318 105 59 47 35 22
1287 Hui Yang 7 316 85 75 47 47 27
1288 Raghav Sundar 6 315 116 90 26 26 13
1289 Rowan D. Young 11 318 54 40 37 29 28
1291 Chin-Ee Ong 9 312 112 83 17 14 13
1292 Ying Chen 9 313 60 59 47 38 35
1293 Muhammad Ridha 8 312 82 59 55 40 17
1294 Dongyue Jiang 13 312 41 35 34 31 23
1295 Guillaume Juhel 8 312 64 56 44 36 35
1296 Karan Banerjee 8 313 103 71 39 37 20
1297 HE  Yaohua 10 310 41 39 36 27 26
1299 Choon Chiet Hong 11 311 38 26 25 24 23
1300 Haiting Lin 7 305 83 66 50 39 29
1301 Kathy Su 8 305 76 50 43 39 33
1302 Shih-Chung Wei 8 305 87 67 44 42 24
1303 Ashutosh Rath 10 304 62 30 28 24 18
1304 Mohammad Hossein Davood Abadi Farahani 7 304 105 56 54 44 19
1306 Bimlesh Wadhwa 8 304 90 50 33 17 12
1307 Damith C Rajapakse 7 302 80 72 59 27 24
1308 Joo Chuan Yeo 8 304 80 68 35 31 23
1309 Annu Jalais 7 300 106 64 36 26 24
1310 Leong Hien Poh 11 298 39 33 26 22 20
1312 Azhar Ibrahim Alwee 6 298 187 25 10 9 9
1313 Guangdong Bai 7 297 99 87 21 17 12
1314 Xiangyu WANG 9 295 51 45 42 38 19
1315 Chia Rou Yeo 7 297 120 65 27 25 22
1316 Calvin Wai-Loon Ho 8 296 67 33 21 11 10
1317 Tan Ming Kai 8 296 32 17 14 14 14
1318 Chan Kuan Rong 8 298 87 48 45 27 19
1319 Yuan Dong 8 301 88 60 38 21 21
1320 Kenneth G. Huang 6 293 150 40 37 23 8
1321 Karthik Somasundaram 8 294 88 55 44 34 18
1322 Zhijie Shen 8 294 104 53 32 31 26
1323 Jianfeng Wu 8 296 75 69 29 26 23
1325 Stijn Massar 9 294 46 40 35 32 31
1326 Zhiwei Qiao 10 292 59 33 32 27 25
1327 Vishal Narayan 7 295 92 84 58 19 16
1328 John Whalen-Bridge 8 290 58 54 21 19 15
1329 JUSTINA ONG 5 291 160 49 42 19 11
1330 Junhua Li 8 290 59 37 36 26 19
1331 Wendy Peh 9 289 84 61 47 17 16
1332 Leonardo Pinto de Carvalho 11 287 38 36 19 18 17
1333 Kah How Koh 10 287 43 42 32 31 27
1334 Kelvin E.Y. Low 9 286 71 53 37 26 20
1335 Xin Huang(黄鑫) 9 286 80 50 26 19 18
1336 Xiao Pan Ding 9 283 50 34 32 28 27
1337 Ding Xiaokang 11 283 32 29 26 26 24
1338 Shweta Shinde 8 282 78 74 49 27 20
1339 TAO WANG 11 284 31 30 29 21 21
1340 James Molton 6 282 198 33 16 9 7
1341 Andrew MTL Choong 7 285 89 71 31 15 11
1342 Thomas Kok Hiong Teh 8 281 67 47 41 29 24
1343 Eric Ting 8 281 60 45 42 27 17
1344 Yida Li 8 283 89 68 34 31 25
1345 Nurbek Kakenov 9 282 89 47 20 19 17
1346 Paul Wormald 9 279 43 40 38 26 21
1347 David Tan 8 279 76 58 43 11 10
1348 Huapeng YE 7 280 52 40 39 38 31
1349 Shuvan Prashant Turaga 8 277 50 48 38 36 26
1350 Wanwen Lan 8 277 83 53 42 24 13
1351 Chengyao Shen 7 280 131 46 41 22 21
1352 Dipanjana Ghosh 5 276 107 65 52 43 6
1353 Ser Aik QUEK 6 275 108 58 56 26 14
1354 Andre Matthias Müller 7 280 73 52 48 32 28
1355 Gamze YILMAZ KANARGI 8 277 56 49 40 36 26
1356 Dan Hua 10 276 84 23 22 19 18
1358 Dr Suryakanta Nayak 9 277 79 45 39 24 20
1359 YANG Xiankun 9 273 53 38 30 29 27
1360 zhuolin xiang 11 273 54 29 21 21 19
1361 Iccha Basnyat 8 272 52 45 35 33 15
1362 Sumit Bansal 7 271 66 57 52 36 20
1363 Chandrasekar Parsuvanathan 5 271 133 40 30 30 18
1366 Camilo Libedinsky 8 272 46 46 42 37 35
1367 Weiqiang Lin 8 271 78 63 19 17 14
1368 Bahadur Singh 7 270 104 46 33 16 14
1369 Yixiao Cai 9 269 61 32 24 18 16
1370 Ong Eng Teo 9 269 45 36 27 27 21
1372 Shuke Wu 10 272 46 39 31 30 27
1373 Lynette H. L. Loke 8 268 63 43 35 33 28
1374 William B. Haskell 9 267 68 35 27 24 23
1375 Ting-Hsiang Chang 10 272 50 43 37 30 21
1376 mallampati ramakrishna 10 267 55 46 27 26 26
1378 Shu Ting Goh 8 264 50 28 27 17 16
1379 Anne H. Y. Chu 9 264 48 40 40 35 28
1380 Byung Kwon Lee 7 264 71 35 31 28 21
1381 Amit Jain 10 263 73 57 23 17 16
1383 Kwan Ok Lee 7 261 69 63 45 37 17
1385 Gurugirijha Rathnasamy 8 261 109 53 19 16 16
1386 María M. Valado 8 262 119 40 17 17 13
1387 Jinqiang Cui 9 264 47 43 32 23 21
1388 Yanbo Wang 7 260 157 28 23 19 13
1389 Jian Hua Zhu 6 261 117 48 30 25 20
1390 Yu Luo 9 270 72 43 29 26 22
1391 Meng-Chwan Tan 9 259 44 43 36 30 14
1393 Tien Van Truong 9 259 52 48 29 26 25
1394 Kurtuluş Gemici 5 260 204 13 11 8 7
1395 Robert Kamei 9 258 33 31 28 26 20
1396 Chris Gouramanis 9 257 51 33 31 21 20
1397 Dong Wang 11 256 33 27 23 21 21
1398 Li Buay KOH 6 255 113 45 33 23 19
1399 Yi-Chun Chen 8 254 62 39 31 23 12
1400 Jie Fang 9 254 60 41 39 22 19
1401 Rajesh Panicker 4 252 131 131 61 51 5
1402 Andreas Birnik 6 252 103 54 30 23 15
1403 Zheng Leong Chua 5 252 78 60 54 36 16
1404 Nicholas Syn 7 258 85 32 29 21 20
1405 Mei Lin Neo 10 251 40 33 19 18 18
1406 Tianxia Gong 8 250 57 37 33 32 20
1407 Pan He 6 250 89 69 24 17 15
1408 Yang Liu 8 249 67 57 41 25 14
1409 Nina Guyon 6 250 101 59 44 17 10
1410 Deshui Yu 8 249 63 45 30 15 14
1411 Hugo Olvera-Vargas 7 249 58 46 41 25 24
1412 Dezhi Zhou 9 248 41 34 32 27 22
1415 Vincent Chua 9 248 79 59 12 12 11
1416 MYL Chew 9 246 38 37 26 25 23
1418 Shawn David Pollard 7 246 47 45 45 34 31
1419 Yong Sheng Khoo 8 246 47 43 32 24 22
1420 Graham Prescott 8 247 78 42 36 21 17
1422 Qingsheng CHEN 8 244 40 25 22 15 14
1423 Steven Halim 10 243 39 26 26 23 22
1424 Jacqueline Chin 7 243 88 24 21 20 18
1425 Deepu Chacko John 9 242 53 37 34 25 19
1426 Pranjal Kumar Gogoi 8 242 51 45 39 31 23
1427 Ivor Russel Lee 10 242 46 36 33 22 20
1428 Kai Meng Tan 9 241 32 24 21 16 12
1429 Guo Yangbo 10 241 32 29 22 17 14
1430 Chris Boesch 7 240 46 38 31 26 26
1431 Shau Poh Chong 9 239 47 39 29 25 18
1432 G. Owen Schaefer 7 238 108 28 21 15 13
1433 Vanchinathan Venkataramani 6 240 135 68 13 6 6
1434 Sherman J.R. Tan 9 240 38 30 29 24 24
1435 Yi Wang 7 239 103 48 17 12 9
1436 Maybelle Go 9 237 60 45 32 20 17
1437 Shimin Le 9 236 88 24 21 19 17
1438 William KF Kong 8 237 61 54 21 18 15
1439 Anuj Pathania 6 237 83 58 36 16 15
1440 Haizhao Yang 9 234 39 24 23 19 17
1441 Amarendra Edpuganti 8 235 55 42 29 23 18
1442 Mohammad Askari 5 235 131 62 17 14 9
1443 Emre Yilmaz 7 233 95 18 17 11 10
1445 Kar-Tong Tan 8 234 50 46 33 30 14
1446 Shengtao Xiao 6 232 63 47 35 27 22
1447 Justin Hsieh 4 233 154 58 9 7 4
1448 CHENJU YI 10 232 45 28 26 26 21
1449 Ankit Khanna 7 230 72 56 21 19 18
1450 Truong Khanh Nguyen 9 228 44 38 27 20 16
1452 GU Qingyang 7 227 132 27 20 17 7
1453 Deborah Shamoon 7 227 74 42 29 24 10
1454 Feng HUO (霍峰) 6 227 54 51 49 19 17
1458 Wei Feng 5 226 117 40 24 22 10
1459 Thang Q. Tran 10 227 36 33 30 27 26
1460 Reuben Yeo 9 226 36 30 16 15 13
1461 Zhenzhen Zhang 6 224 80 41 32 23 22
1462 Teguh Citra Asmara 8 225 45 31 24 18 17
1463 Elizaveta Kuznetsova 5 225 100 45 43 15 14
1464 Ravi kumar 7 225 68 30 28 26 25
1465 Jung-Joo Lee 8 224 55 24 21 19 19
1466 Yuji Gao 8 224 45 42 33 26 21
1467 Yeli Wang 4 222 119 55 28 5 4
1468 USMAN YOUNIS 8 221 53 24 22 15 14
1469 Chan Kok Hong Dedrick 6 223 123 29 22 9 8
1471 Hung Yean Loke 7 218 35 35 28 21 19
1472 Yasmin Ortiga 5 218 143 25 9 8 7
1474 Yi Sun 7 215 76 37 30 19 11
1475 Vitaly Sorokin 8 216 39 34 25 22 22
1476 Yuchen Ang 7 215 80 34 25 25 15
1478 Cristian Badarinza 6 215 53 49 41 32 9
1479 Maung Shwe 7 216 54 39 34 27 18
1480 Venugopalan Pallayil 8 215 36 21 16 14 13
1481 Huiting Chen 7 216 79 43 34 26 12
1482 Sheryl Hui-Xian Ng 6 214 58 48 40 25 15
1483 Dan W. Puchniak 9 213 28 27 21 18 17
1484 Esther Clews 8 213 57 43 17 17 17
1485 Tse Tong Chia 5 210 71 70 30 6 5
1486 Leong Ching 7 208 51 48 21 13 11
1487 Mohd Feroz Mohd Omar 8 208 40 35 34 28 24
1488 Laurent Syavoch Bernard 6 209 75 58 31 12 10
1489 Kun Lin TAY 9 208 45 27 20 15 13
1490 Sanghoon Lee 8 208 48 27 21 21 19
1491 JCE Mendoza 8 206 37 28 19 12 11
1492 Terence Ng 8 207 54 16 16 15 14
1493 JIE LIU 8 206 44 40 33 26 18
1494 Bibhas Roy 8 206 56 35 27 19 17
1495 Jobichen Chacko 8 205 50 36 19 19 17
1497 Johnson Fam 9 205 50 23 19 17 17
1498 Ng Chin Soon Lionel 9 204 23 19 18 13 13
1499 Dr Gordon Ling Zhi Peng 7 204 51 31 20 18 18
1500 Guanfeng WANG 9 203 39 31 19 19 17
1501 Jean-François Rupprecht 7 202 101 22 19 18 15
1502 Qian Lin 8 202 33 29 26 23 12
1503 Xuanchun Dong 7 200 73 23 20 17 17
1504 Benjamin Qi Yu Chan 5 200 72 54 43 16 9
1505 Yinying Li 9 203 30 27 24 24 18
1506 Sanchalika Acharyya 8 199 42 34 22 21 19
1507 Kaiming Cai 7 199 42 39 38 35 15
1509 Ju Lynn Ong 7 200 55 44 18 16 13
1511 Pei-Shi Ong 8 199 61 26 19 17 15
1512 Dhiman Das 10 198 27 23 23 19 18
1513 Anand Bhojan 6 197 81 27 27 11 8
1514 Abel Tablada 6 199 77 31 23 19 9
1515 Wei Song Hwang 7 197 90 25 23 16 12
1516 Youdong Cheng 6 201 91 37 24 22 14
1517 Anh Tuan Nguyen 6 198 53 45 37 16 6
1518 Peng-Fei Xia 7 196 65 31 13 11 11
1519 Misha Petrovic 7 195 57 47 26 20 12
1520 Jinyang Gao 7 196 51 41 36 27 27
1521 Umakanth Varottil 8 194 47 20 19 16 10
1523 Yang Bao (鲍洋) 8 195 42 40 32 24 14
1524 Bangmin Zhang 7 194 55 54 24 11 9
1525 Edwin C.Y. Koh 6 193 82 35 15 12 10
1526 Ja Ian Chong 7 193 53 37 16 12 11
1527 Ho Chun Loong 6 195 86 32 23 18 15
1528 Wing-Keung To 9 193 24 15 15 14 13
1529 Terence Lee 7 192 59 39 30 27 13
1530 Martin Callsen 9 193 53 22 22 18 16
1531 Maria Platt 7 192 91 13 13 11 10
1532 Rui Chen 9 191 35 21 19 19 18
1534 Johann Lüder 9 192 31 21 21 17 13
1535 Subhabrata Das 7 192 47 43 20 18 16
1537 Xiaoou Jiang 6 191 86 45 27 18 7
1538 Hui Ting Chng 4 190 84 47 31 25 1
1539 Mie Hiramoto 9 190 17 15 15 15 12
1542 Alexander Lohrmann 6 189 69 55 19 14 11
1543 Dr. Sarab Preet Singh 9 188 25 21 19 16 14
1544 Tamal Das 8 186 34 27 18 18 11
1546 Ian Mendenhall 7 186 58 46 23 17 9
1547 Haikel A. Lim 8 185 35 24 17 12 10
1548 SIA Kian Chuan 9 184 29 28 20 15 13
1549 Mohammad  R. Vedady Moghadam 9 185 57 16 15 15 14
1550 Liu Li (李柳) 8 187 54 32 25 23 22
1551 Anand P. Singh 5 184 55 50 40 23 5
1552 Teck Chuan Voo 7 183 88 20 15 13 7
1553 Joelle H. Fong 7 183 33 31 21 21 18
1554 Johannes Widodo 7 183 69 43 15 15 11
1555 Xin T. Tong 8 182 28 27 26 17 13
1556 Dr.HARISH HANDRAL 6 182 87 35 16 14 10
1557 Pooya Davoodi; PhD 5 185 90 33 21 14 12
1558 Tuan-Hwee Sng 5 182 76 45 36 11 5
1559 Chao Song 7 182 65 31 28 14 7
1560 Wai-Lun Chan 6 184 66 42 24 18 10
1561 Weidong Yang (杨伟东) 8 181 55 31 15 13 11
1562 Clayton Miller 7 181 44 33 16 15 12
1563 Sunil Tiwari 8 180 39 23 20 19 16
1564 Tai Chong, Toh 9 179 21 19 18 17 14
1565 Mathew Mathews 7 179 24 22 16 15 9
1566 Ricksen S. Winardhi 6 178 46 37 30 28 12
1567 Tuan Q. Phan 5 178 56 48 21 10 7
1568 Maohua Chen 6 177 47 34 30 29 19
1569 Muthu Kumar Chandrasekaran 8 174 43 20 19 19 14
1571 Sheila Conejos 7 174 34 25 22 19 10
1572 John D.T. Phan 5 173 109 32 12 8 6
1573 Amin Kianinejad 5 175 79 35 29 20 5
1575 Weina Zhang 8 172 60 15 14 14 12
1576 William Toh 6 172 50 41 30 17 13
1577 Baochen LIAO 6 172 63 42 21 15 12
1578 Tianbiao He 7 172 30 29 26 23 21
1581 Weiquan Lu 8 172 53 30 16 16 11
1582 Dr. Arup Ghosh 7 174 28 24 23 21 20
1583 TAN Beng Kiang 5 171 50 47 29 15 6
1584 Raymond Chung Wen Wong 5 171 58 44 30 14 8
1585 Sophie Carrie Shan Cai 6 170 60 41 32 11 10
1586 Linhu Li 7 171 55 42 17 11 9
1587 Jung-woo Chae 7 169 27 14 13 11 10
1588 Oleksandra Poquet 6 170 41 36 28 17 8
1589 Guo Jiaming 7 168 31 31 26 23 22
1590 Mahdi rasouli 7 168 86 14 12 10 10
1591 Song Changcheng 6 167 51 37 30 24 14
1594 Kai Zhen Yap 2 167 155 77 3 2 2
1595 Dr. Moirangthem Kiran Singh 6 165 62 24 22 21 17
1596 Zhen-Pei Wang 7 165 75 21 11 10 7
1598 Dr. Jayraj V. Vaghasiya 7 166 48 44 12 10 7
1599 You-Na Lee 5 165 71 28 26 19 13
1600 jinjie wang 8 165 38 26 19 18 14
1601 In Young Hwang 5 165 86 37 14 9 8
1602 Nishu Goyal 4 163 125 22 9 4 3
1603 Jamie Gillen 8 163 22 16 9 9 8
1604 Dian Lei 8 166 31 25 21 21 15
1606 Dorsasadat Safanama 6 162 54 33 30 20 11
1607 TM Sin 8 162 29 20 18 16 14
1609 Kwan Yu Heng 6 162 32 29 26 14 13
1610 Xuesong Lu 6 159 50 40 21 14 14
1611 Xian Li 3 160 136 9 5 2 2
1612 Gilbert Yong San Lim 4 160 91 35 15 15 4
1613 Swapna Rekha Panda 7 158 48 27 18 17 16
1614 Edmund Keung 3 158 76 54 26 1 1
1617 Aditya Arora 5 157 56 31 24 18 13
1618 Guoqiang Chen 6 157 49 44 16 15 11
1619 Qianru Sun 8 158 44 17 13 10 10
1620 Teofilo Daquila 6 156 44 27 19 12 9
1622 Godaba Hareesh 6 156 48 40 19 19 10
1623 Naqueeb Ahmad Warsi 7 155 26 21 21 14 13
1624 Yaojie Tu 6 155 38 31 24 20 16
1625 Zhen Chen 7 159 45 36 30 9 8
1626 Eun Hwa Jung 8 156 27 21 19 17 16
1627 Kaveh Taghipour 6 154 41 29 23 22 16
1628 Liuqing Yang (杨柳清) 5 154 51 34 24 17 9
1630 Vinayak Ghate 8 154 47 29 21 12 11
1632 Subhroshekhar Ghosh 6 154 39 38 17 11 11
1633 Jyh Wee Sew 7 153 22 14 13 11 8
1634 Son Duy Dao 8 155 29 14 11 10 10
1635 Anurag Anshu 7 154 24 21 14 13 11
1636 Gururaj Parande 7 152 23 21 18 15 11
1637 Vyasaraj Manakari 7 152 23 21 18 15 11
1639 Johann Leithon 7 151 28 26 23 20 18
1640 Zhen Zhang 6 151 85 19 17 10 8
1641 Tang Jiao Huang 7 151 51 22 15 15 11
1644 Muhommad Azizur Rahman 4 150 83 83 41 10 7
1645 Bill Rosgen 6 149 46 40 15 14 8
1646 Xiaodan Zhao 5 150 65 49 15 7 5
1647 Michal Hajdušek 7 150 38 25 20 15 13
1650 Yuka Suzuki 7 147 35 27 26 23 12
1651 Rohan Kumar Das 8 154 31 17 15 12 11
1652 Liang Wenyu 7 148 19 14 12 12 11
1653 Suraj Vasudevan 7 147 43 22 18 16 14
1654 Dharmendra Kumar Singh 7 150 31 28 19 17 15
1655 Feiyang Zhao 8 149 13 13 12 11 10
1658 Gary F. Bell 7 146 59 21 15 11 9
1660 Shaowei Wang 6 145 31 27 26 24 13
1661 IY Loh 7 144 38 35 23 22 10
1662 Chris McMorran 6 153 50 29 19 14 10
1663 Vinodh Shanmugam 7 145 21 21 19 9 9
1664 Meenakshi Annamalai 7 143 51 26 18 11 9
1665 Nicodemus Oey 5 142 90 19 10 9 8
1666 Geok Ling Lee 6 143 33 33 22 22 12
1667 Yunyue Elita Li 8 142 17 15 14 13 12
1668 Wai Kay Leong 7 142 40 19 19 17 17
1670 Ywee Chieh Tay 7 142 39 27 23 11 8
1671 Chuan Fu Tan 6 142 35 34 16 16 10
1672 Eeshan Sandeep Kulkarni 3 140 76 44 17 1 1
1673 Kazuki Miyaji 7 140 29 27 11 9 8
1675 Zinan Zhu 4 140 75 36 15 9 3
1676 Adelle Xue Yang 5 140 83 16 13 12 9
1677 Kareen Vicentuan 6 139 40 30 25 24 8
1678 Jiwei Qian 7 139 24 18 13 11 11
1682 terence goh 8 138 42 19 17 13 11
1683 Tan Qian Hui 5 139 35 31 26 23 12
1685 Ming Wu 5 139 56 32 15 7 6
1686 Karuppannan Senthil kumar 7 140 27 20 18 15 13
1687 S.R.Joey Long 5 137 42 23 13 10 7
1688 Huangwei Zhang 6 138 33 24 21 21 14
1689 Zhenbo Lu 8 138 19 13 13 12 12
1690 Kamalini Ramdas 6 137 35 27 15 14 11
1692 Subhranu Samanta 6 138 44 26 14 11 9
1694 Thorin Jake Duffin 6 137 56 21 15 14 12
1695 Shruti Tople 6 136 43 21 20 14 10
1696 Graeme Wilkin 6 136 37 22 18 13 6
1697 Jiat-Hwee Chang 7 136 27 20 18 15 14
1698 Daniel Boon Loong TEH 7 138 30 25 22 15 13
1699 Woei-Leong Chan 7 136 20 16 11 11 9
1700 Chin Boon Chng 6 137 46 22 11 11 7
1701 BingXin Lu 6 136 49 30 14 12 10
1702 Zheng Jianguo 5 136 44 33 20 13 6
1703 Abdelhak Bentaleb 4 135 71 32 12 11 4
1704 Dongdong Zheng 5 135 92 10 9 6 5
1705 Saumitra Vajandar 5 134 64 18 17 13 10
1706 Qiongfeng Shi 7 135 30 29 21 19 8
1707 Bintou Ahmadou Ahidjo 4 133 76 39 6 5 4
1708 Chuanhao Wu 8 133 26 26 18 15 10
1709 Ke Michael Mai 5 134 44 40 25 13 10
1711 Isam Faik 4 135 69 30 24 9 2
1712 Yupeng Lin 7 132 35 21 11 11 9
1713 Lee Wee Siang, Vincent 6 132 39 25 19 17 12
1714 Daniel Seng 5 132 46 42 11 9 9
1718 Shahrooz Faghih Roohi 4 131 82 22 8 4 4
1719 Nimmi Baby 5 132 43 38 21 13 9
1720 Lee Wang Wei 7 130 28 13 13 11 10
1721 Fei Han 7 130 27 17 17 12 9
1722 Ekta Makhija 4 130 62 49 8 4 4
1723 Aishwarya Bandla 7 133 21 20 20 16 13
1725 JIA GE 6 129 51 20 18 15 11
1726 Hui-Chen CHEN 6 129 38 29 19 15 12
1727 Bapi Dutta 7 129 35 24 22 13 9
1728 Mrinalini 7 129 26 22 22 18 12
1729 Aninda Mitra 6 127 42 34 23 15 7
1730 Kok Siong Ang 4 127 63 36 9 7 4
1731 Jaclyn Neo 6 126 35 16 13 12 10
1732 Yaoqi Jia 6 128 29 24 21 17 10
1733 Xiang Wang 7 126 40 25 15 14 11
1734 Zeyi Wen 7 125 50 14 11 11 8
1735 Ahmed Mahmood 6 125 37 19 15 11 10
1736 Yong Li Lan 6 125 40 28 21 11 8
1738 Evgeny Zamburg 6 125 31 23 12 10 10
1740 Li Yang 7 125 33 24 16 9 8
1741 YANG Bo (Beverly) 3 125 82 29 10 3 1
1742 Thi Ha Kyaw 5 124 35 34 19 18 7
1743 Harrif Santo 7 124 17 12 12 11 11
1744 Shermaine Poh Sock Mui 7 125 39 30 13 12 11
1745 P S Gurugubelli 5 124 34 26 23 14 14
1746 Andi Haris 7 123 32 23 22 12 11
1747 Lei Yu 4 123 58 18 16 5 4
1748 Haohui Liu 6 124 36 21 13 12 9
1749 Chin Cheen Fei 2 122 69 52 1 0 0
1750 Yuan Cheng 6 122 55 20 15 10 10
1751 Wee Beng Tay 7 122 25 13 13 13 10
1752 Tiago Oliveira 6 122 45 14 8 7 7
1754 Akshay Narayan 6 121 29 23 22 19 12
1755 Ronojoy Sen 6 122 44 19 10 8 7
1758 Seshachalam Veerabrahma Pratap 5 121 37 25 22 20 16
1759 Tze Yeng Yeoh 5 121 45 23 21 12 9
1761 Ngoc-Duy Dinh 3 121 57 55 3 2 2
1762 Lye Lin Heng 6 120 21 14 11 9 9
1764 Sangharatna Godboley 6 119 22 17 16 14 12
1765 Mian M Nawaz 4 120 31 25 12 10 4
1766 Swee Kim Ang 4 119 43 41 18 8 3
1768 Zhe Liu 6 119 36 21 9 8 7
1770 Taeseo Ku 7 118 19 17 13 13 12
1771 Emilie Dion 5 118 49 30 12 11 10
1773 Mulya Amri 5 117 46 32 19 8 6
1774 Tang Chong 7 117 19 17 16 14 13
1775 Jianting Ning 4 117 44 31 18 6 4
1776 Ankshita Prasad 4 117 57 29 15 7 4
1777 Taberez Neyazi 5 116 43 25 10 9 6
1778 Qiang Li 6 116 37 29 22 12 6
1780 Justin K.W. Yeoh 6 115 29 26 19 17 7
1781 Rang Nguyen 5 117 39 27 25 12 9
1782 Changsheng Li 8 115 19 14 13 13 10
1784 Rajagopalan Ramaswamy 6 115 34 28 24 9 7
1785 C.H. Jeffrey Pang 6 115 28 23 21 14 11
1786 Juan Diego Jaramillo Salazar 4 115 48 45 10 9 1
1788 Pham Nam Khanh 5 114 38 29 17 9 6
1789 Xiaopeng Zhang (张晓鹏) 4 114 73 20 11 4 3
1790 Hao Duy Phan 6 112 29 20 16 14 6
1792 Wei Jiang Goh 4 112 53 34 10 6 4
1793 Ricca Rahman Nasaruddin 6 112 31 22 17 13 13
1794 Linda S. L. Tan 6 112 30 28 20 13 7
1795 Xian Li 5 113 52 16 14 8 7
1796 Benedikt J. Daurer 6 113 31 29 15 13 10
1797 Amiya Patanaik 5 111 44 30 12 9 5
1798 Jiaze WU 6 111 27 21 12 9 6
1800 Hassan Mirzahosseinian 4 111 73 12 8 8 4
1801 bo li 6 111 24 23 21 17 7
1803 K S Seshadri 7 110 28 21 11 11 10
1804 Solee Shin 3 112 86 11 7 3 2
1805 Dan King 4 110 43 36 13 9 4
1806 Huei Jinn Tong 6 110 23 16 14 10 8
1807 Yumeng Yang 7 110 24 14 12 10 9
1809 Rini Astuti 5 108 29 24 21 15 13
1810 Shobha Vadrevu 5 107 35 33 18 7 6
1811 Guillaume Blanchet 6 107 25 21 14 12 10
1814 Ben Blumson 6 106 22 20 20 15 13
1815 Kiruthika Ragupathi 4 106 44 19 9 6 4
1816 shilpi aggarwal 5 106 29 22 22 19 13
1817 Hye-jeong Park 6 106 26 22 22 21 8
1819 Rajakumar Dhanarajan 5 104 38 32 16 9 5
1820 Victor Nian 6 104 30 18 11 8 7
1821 Xinmao Yin 5 104 39 13 12 9 8
1822 Tara Davenport 6 104 17 17 12 8 7
1824 Suresh GOVINDARAJAN 7 103 19 18 15 12 8
1825 Sravya Tekumalla 5 103 40 17 10 10 9
1826 Satarupa Bal 5 103 28 15 13 12 12
1827 Nala H. Lee 5 103 31 23 13 12 11
1830 Longwen Zhou 6 102 26 20 19 9 8
1833 Jeffrey Chan 4 101 72 72 9 7 4
1836 Marcel Ignatius 6 101 31 12 12 8 7
1837 Xiaofei Wang 6 100 29 21 12 8 8
1838 Joymala Moirangthem 5 100 43 17 12 12 8
1839 Ya Li 6 100 28 17 10 9 9
1840 Lu Hu 6 105 22 19 17 14 10
1843 Utkarsh Anand 5 100 31 24 16 12 10
1844 Chin Hon Tan 7 99 27 13 8 8 7
1845 Siti Zarina Zainul Rahim 5 99 38 34 8 6 5
1848 Lei Zhang 5 99 19 17 16 14 9
1850 Cheng Li 5 98 40 20 14 9 8
1851 Yu Qin 6 98 26 20 15 14 8
1852 Kyrin Liong 5 98 33 33 12 9 5
1853 Hu Zehua 7 98 25 15 14 12 10
1855 Ansis Rosmanis 5 98 37 23 20 7 5
1858 Abhijeet Patra 6 97 26 23 11 10 8
1859 Changbing Qin 7 97 16 12 10 9 8
1860 Xin Chen 4 97 74 6 5 5 3
1861 Ming Hui CHUA 5 98 39 15 15 10 9
1862 Yang Wenzhuo 6 96 28 18 17 9 8
1863 Ilija Ilievski 3 98 51 20 19 3 3
1864 Kyung-Ryoul Mun 6 96 13 9 8 8 8
1865 Mohammad Danesh 6 97 27 17 15 13 11
1866 Jungup Lee 6 97 35 13 11 10 10
1868 Jeevan Adhikari 6 95 16 16 11 9 6
1869 Sathya Kannan 4 95 52 13 13 4 3
1871 Henrique Guimarães Rosa 5 94 24 13 11 7 6
1872 Priscilla How 5 94 36 14 8 7 7
1874 Swinal Samant 6 93 24 14 12 11 9
1875 Katarzyna Marczuk 6 93 21 20 9 8 7
1876 Yoshinori Nishizaki 7 93 27 11 11 10 9
1877 Hanifah Widiastuti 3 92 66 22 3 1 0
1878 Yu-feng Huang 5 93 41 25 10 8 5
1879 Dasari Venkatakrishnarao 5 92 23 16 15 8 8
1880 Ji Dongxiao 6 94 20 20 14 11 10
1881 Liuquan Wang 6 92 13 10 7 7 6
1883 Teck Kiang Tan 7 92 28 11 11 10 9
1884 Wan F. A. Jusoh 6 91 17 15 12 11 7
1885 Phi-Vu Nguyen 5 91 20 17 13 12 7
1886 Andrew Sayampanathan, MBBS, MRCS(Ed), DipSpMed 6 90 29 12 12 8 8
1888 Patrick Taylor Smith 3 91 35 34 17 3 1
1890 Dong Zhang 7 91 13 13 12 12 9
1891 Zhenyuan Yin 5 94 38 24 14 7 6
1892 Jong Min Lee 4 91 48 11 9 7 3
1893 Yadong Wang 5 90 25 22 17 13 8
1894 Dennis Wee Keong Neo 4 90 38 20 11 10 4
1895 Jian Dai 5 89 42 19 13 6 5
1896 Benjamin S. Thompson 6 90 29 25 9 9 7
1897 Gerard Sasges 4 89 45 11 8 7 4
1899 Olivia Jensen 6 89 25 17 10 8 6
1901 Alexander Triebl 6 89 20 18 12 10 8
1902 Hari Vishnu 5 88 36 11 11 6 6
1903 Colin Teo 5 88 36 17 14 8 5
1904 Faezeh A. Hassani 5 88 27 10 9 5 5
1908 Tran Minh Thi 5 88 23 19 12 7 6
1909 Qian Hu 3 88 68 8 3 3 2
1911 Jayati Bhattacharya 5 87 40 12 9 8 7
1914 P. Santhana Raman 6 86 22 12 9 7 7
1915 Naipeng Dong 4 86 32 27 19 4 1
1916 Yeo Wee Yong 4 86 28 22 21 6 4
1917 Jianshu Li 5 86 26 13 11 11 7
1918 Soo Sum Lean 5 87 31 18 14 8 6
1919 Ka Lip 4 87 32 22 16 12 2
1921 Haidong Liang 6 87 30 18 13 9 6
1922 Xun Xu 4 85 27 22 22 18 14
1923 Anshoo Tandon 5 85 15 15 10 10 7
1924 Marissa K. L. E 6 85 21 10 9 9 8
1925 Xia Yan 5 85 24 18 13 12 8
1927 Matthew Legg 4 84 28 26 13 5 4
1928 Kee Yuan Ngiam 5 84 28 19 8 6 5
1929 Shaojing Fan 6 84 13 12 11 9 8
1930 Soheil Arastehfar 4 84 26 19 15 5 4
1931 Diogo Barardo 5 85 27 22 16 11 8
1933 Bipul Kumar Mahato 6 83 20 14 12 10 8
1935 Denitza Dimitrova Voutchkova 6 84 31 17 11 10 7
1937 Dr. Siddhartha Ghosh 6 82 20 13 11 9 7
1938 Zheng Xin 5 82 41 9 7 6 5
1940 Deepan Balakrishnan 4 82 45 13 6 5 4
1942 Mykola Telychko 5 81 45 14 6 5 5
1943 Kritika M Garg 6 81 13 12 9 8 7
1944 Kiat Ying Seah 4 81 36 36 20 20 10
1945 NAGA BRAHMENDRA YADAV GORLA 3 81 59 4 4 3 2
1946 Balaji Sundara Sekar 6 80 14 11 10 9 9
1947 Wing Chi Yu 4 81 27 19 8 6 3
1948 Namrata Chindarkar 5 80 23 20 15 6 5
1951 Lucy Gongtao Chen 4 80 26 21 12 8 4
1952 Srinivasu Valagerahally Puttaswamy 4 80 41 13 7 5 4
1955 Yoanna A Kurnianingsih 5 79 30 18 13 9 5
1956 Mine Alsan 6 79 8 7 7 7 7
1957 Htet Aung 3 79 50 16 4 3 2
1958 Yub Raj Neupane 5 79 32 26 7 6 5
1960 Deepak Nair 4 80 58 13 4 4 1
1962 David T She 4 79 31 25 15 5 2
1963 Farshad Rassaei 3 78 46 16 5 3 3
1964 Andreas Karampatzakis 5 78 39 14 7 6 5
1965 Xavier Roman 4 77 47 13 10 4 1
1966 Ernie Teo 5 80 21 16 14 10 7
1967 Guang Lu 6 78 25 13 9 9 9
1968 Yuet Keung Lo 5 77 14 12 9 8 5
1971 Adrian Chong 6 77 21 16 12 8 7
1973 Clarice Waters 5 77 18 15 12 10 7
1974 Jin Huat Low 6 76 16 13 11 7 7
1977 Soo Jung Hong 3 76 49 6 5 3 3
1984 Zhenyu Huang 5 74 15 13 12 11 6
1985 Susanna Leong Huey Sy 4 74 20 12 10 7 4
1987 Airu Chia 5 75 34 13 9 8 7
1989 Denis Tkachenko 4 73 51 50 8 8 8
1990 Eskinder Eshetu Ali 5 72 21 15 14 7 5
1991 Andreas D. M. Gunawan 5 73 22 12 12 8 7
1994 Yun-Hsiang Wang 5 72 23 22 7 6 5
1995 Mohammad Tavakkoli Yaraki 6 72 17 11 9 9 8
1996 Karthika Vijayan 5 73 15 13 13 7 7
1997 Joon Chuah 5 72 23 13 11 10 8
2000 Sujith Subramanian 5 71 13 12 12 11 6
2001 Lijuan SHEN 6 71 11 8 7 7 7
2002 Long He 3 71 33 31 4 1 1
2005 Shashidhar b.k 5 71 13 9 9 9 7
2006 Yu Cai 4 70 39 7 6 6 3
2007 Nguyen Dinh Tam 5 70 15 14 6 6 5
2009 Lee Ee Soo 3 70 49 12 7 2 0
2010 Stephen Wee Hun LIM 5 70 16 14 9 7 6
2011 Hans Tjio 5 69 18 6 6 5 5
2013 Crystall Swarbrick 5 69 19 11 8 7 7
2014 Muhammad Naveed Aman 6 69 11 10 9 7 7
2015 Yu Dai 6 70 15 13 9 8 8
2016 Senthilkumar Muthusamy 3 69 52 4 3 3 2
2017 Debabrota Basu 3 68 29 21 4 3 2
2019 Furong Li 4 68 17 16 13 11 4
2020 Anoop Kumar Gupta 5 68 19 12 11 7 6
2022 Nawal Benabbou 5 68 16 14 7 6 5
2023 Kazi Ahsanullah 4 68 18 16 10 8 3
2024 Paul Myburgh 4 68 17 7 5 5 4
2025 Carlos D. Rodríguez Gallegos 6 68 9 9 9 7 7
2027 Xiaoqiang Ma 6 67 12 9 8 7 7
2028 FENG HAN LIN 6 67 18 11 8 8 8
2029 Hande Hong 4 66 38 12 7 7 2
2030 Zheng MU 3 67 49 8 4 3 2
2031 Jichen Yang 4 67 15 10 9 8 4
2033 Jordan Roulleau-Pasdeloup 4 66 29 25 4 4 3
2034 Slesh Shrestha 4 66 24 15 8 7 3
2037 Jiecheng Yang 5 66 13 13 11 9 5
2039 Hossein Tabatabaeian 6 65 13 9 9 7 6
2040 Masaki Mori 5 65 22 8 7 5 5
2041 KeeSiang Lim 5 65 30 11 8 8 5
2044 Prasanna Vasudevan Iyengar 4 65 21 20 13 5 3
2046 Simon Sung 4 65 21 16 13 6 4
2048 Yingcai Bi 3 65 48 5 4 3 2
2050 Chao Xu Peh 5 64 17 12 8 8 7
2052 Lily Mandal 4 63 23 15 13 8 2
2053 XU Kaichen 5 63 19 10 8 6 5
2054 Peter Kay Chai Tay 4 64 22 15 13 10 2
2058 SUN Qiaomei 4 64 19 17 11 8 4
2059 Jiahui Wang 5 64 19 16 12 8 5
2061 Shyamsundar Venkataraman 5 62 12 11 9 8 7
2063 Oona Paredes 5 62 18 12 11 8 5
2064 Himanshu Kathuria 3 61 43 9 5 2 2
2066 Anna Prach 5 62 15 12 10 6 6
2067 Jibo Dai 5 63 17 14 9 7 6
2068 Hsiao Mun Lee 4 61 29 10 10 7 2
2069 Saiyed Masnoon 5 64 19 13 13 8 7
2070 Eugene Lau 5 62 15 9 6 5 5
2071 Pritam Mukherjee 3 63 46 10 3 1 1
2072 Carol Hargreaves 5 62 12 7 6 6 5
2074 Ujjaval Gupta 5 61 19 16 12 6 5
2076 Tuck Wai CHAN 5 61 26 12 9 7 6
2077 Vera F. Monteiro Cardoso 4 62 38 8 8 6 1
2078 Sumit Bam Shrestha 5 61 22 13 8 7 6
2079 Amit Kumar Singh 4 61 29 7 7 5 4
2081 Hung Dang 4 61 15 12 12 6 4
2082 Nur Azha Putra 4 60 22 10 6 5 3
2083 Dr. Arun Kumar 5 60 13 8 7 5 5
2085 Heng-Chao Yan 5 60 12 11 10 9 7
2090 Emir Hrnjic 4 60 23 9 7 5 4
2092 Jia Huan Liew 4 60 28 12 6 4 4
2093 ZHAO Jian 4 60 12 11 11 9 3
2094 Lay Teen Ong 4 60 34 6 4 4 3
2096 Prasanta Bhattacharya 6 65 13 10 8 7 6
2097 Trang Thi Thu Do 4 59 19 17 13 4 3
2098 Enrico Budianto 6 61 12 12 11 10 6
2099 B. Dastagiri Reddy 5 59 18 11 9 9 5
2100 Karim Louertani 4 58 13 11 9 7 4
2101 Suriani Suratman 5 58 16 11 9 7 5
2102 Aravinth Subramaniam; A. Subramaniam; Aravinth S; 3 58 20 16 11 3 2
2107 Xinquan Liang 5 58 19 8 8 7 6
2111 Bharath Ramesh 3 59 34 14 4 2 1
2113 Tewodros eyob 4 54 15 14 9 4 4
2117 Tanvirul Islam 6 57 10 9 8 8 7
2118 Nazir Kamaldin 3 57 22 19 5 2 2
2120 Xuewei Feng 4 58 21 15 11 5 3
2121 Pan Zhou 4 56 20 10 7 7 4
2122 Shaohai Jiang 5 58 17 12 11 7 6
2124 Wenjie Tang 3 57 30 16 4 3 2
2125 Alex Quok An Teo 4 57 15 15 10 9 4
2129 Christopher Amourda 4 58 31 11 7 6 2
2133 Sai Kishore Ravi 4 55 31 8 5 4 4
2137 Jie-Sheng Tan-Soo 3 55 18 17 15 3 1
2138 Jack Meng-Tat Chia 4 54 13 10 9 5 4
2140 Azad Saei 3 54 27 15 5 3 3
2142 Zhenyu Hu 4 54 19 11 10 4 4
2144 Yang Nan 5 54 17 13 7 6 5
2145 Selma Belhadj Amor 4 54 12 11 8 6 4
2147 NaRae Lee 4 55 28 13 7 4 1
2148 Irving Chan Johnson 5 53 15 9 7 5 5
2152 Feijian Mao 3 53 32 12 5 2 2
2153 Wee Siong Chew 4 54 18 13 8 6 4
2155 Sachin Yadav 5 55 13 9 8 6 5
2156 Erin Hye-Won Kim 4 53 19 13 6 6 3
2157 Weitseng Chen 3 53 24 8 5 3 3
2160 Wang, Jiayu 4 52 30 8 5 5 2
2161 Reuben George Stephen 4 52 26 11 6 4 3
2162 Choon Yen KHOO 5 52 13 11 7 7 5
2163 Selina Ho 4 52 32 9 5 5 1
2164 Gaomin Tang 3 53 33 12 6 1 1
2167 Minh Hoang-Tuan Nguyen 4 51 18 10 5 4 4
2171 Nyi Nyi Kyaw 5 51 18 10 8 7 5
2172 Matthew Lim Sheng Mian 3 51 33 9 4 3 2
2174 Arifeen Wahed 3 51 33 6 4 3 2
2176 MENG ZHU 4 50 16 13 11 9 1
2177 Lou Antolihao 4 50 15 10 6 6 4
2178 Ng Wei Khim 5 50 12 10 9 6 5
2182 Fuli Feng 5 51 11 10 8 7 6
2183 Huong Trinh Dieu 2 50 39 7 2 1 1
2184 Mu-Lu Wu 4 49 16 11 5 4 4
2185 Zhaoliang Meng 4 49 18 12 4 4 4
2186 Shengyi Wang 3 49 31 10 4 3 1
2188 Linus Yinn Leng Ang 4 49 19 12 7 4 2
2189 Petar Žuvela 4 50 17 12 9 6 3
2190 Mrinal Jagirdar 3 49 37 3 3 2 2
2192 Puay-peng Ho 4 48 22 6 6 6 2
2195 Jomar H. Mendoza 4 48 17 8 8 6 4
2196 Jing TANG 5 49 14 9 8 5 5
2197 Maria Noviani 4 48 18 13 6 4 4
2198 Li Pei 5 48 12 11 6 6 5
2200 Oktoviano Gandhi 5 48 9 9 9 7 7
2203 Raymond K.C. Koh 4 47 20 15 4 4 3
2205 Abhishek Mishra 4 47 13 11 11 6 2
2206 Yuan Lin 4 47 13 10 7 5 4
2211 Qian Wang 4 47 18 14 4 4 3
2212 Tarun Dutta 4 47 11 11 8 6 4
2213 Akbar Asadi Tashvigh 4 47 23 6 6 5 3
2216 Tracey Evans Chan 4 46 18 8 4 4 4
2217 Priyesh J. Chauhan 4 46 12 8 8 4 3
2219 kapish gupta 5 47 17 12 8 5 5
2221 NAOMI AOKI 5 46 9 8 7 6 5
2225 Louise Neo 4 45 7 5 4 4 3
2227 Sandeep Kolluri 4 45 22 5 4 4 3
2228 Hailong Qin 4 46 18 5 5 4 4
2230 Chitralekha Gupta 3 45 19 9 6 3 3
2232 Mobashir Mohammad 4 44 19 9 5 5 3
2235 Yu-Min Joo 4 45 15 8 4 4 3
2238 Sandeep Kundu 3 43 29 4 3 3 2
2239 Lin Lin 4 43 11 10 9 4 3
2240 Hongying Zhang 3 45 18 15 3 3 3
2242 Xin Li 4 43 12 10 9 5 3
2244 Lin Zhou 3 43 14 10 3 3 2
2247 Mehmet Akif Demircioglu 4 42 12 7 6 6 6
2250 Sreemanee Raaj Dorajoo 4 42 14 8 6 5 4
2251 Yan Zhi Tan 4 42 9 7 5 4 3
2258 Dongyang Wan 4 41 12 9 8 5 3
2259 Pin Sym Foong 3 41 21 6 4 3 2
2262 Omar Al-Bataineh 4 41 12 7 7 6 4
2265 Poi Voon Er 2 40 21 12 2 2 2
2271 zhen dong 4 40 15 9 6 5 3
2274 Homin Park 5 40 10 7 7 6 5
2279 Peter Karkus 2 40 21 17 1 1 0
2280 Zeheng Wang 3 40 28 4 3 2 2
2282 Kah-Wee Lee 4 39 11 9 5 5 4
2283 Kedar Diwakar Mandakhalikar 3 39 25 6 4 2 2
2286 Suhendry Effendy 5 39 6 6 6 6 5
2287 Sambit Bikas Pal 4 39 15 12 8 4 0
2289 Soroosh Daqiqeh Rezaei 1 39 38 1 0 0 0
2291 Yi-Cong Zheng 4 39 12 9 9 8 1
2292 Dhivya Sampath Kumar 4 38 12 4 4 4 3
2294 Helga Tauscher 4 38 10 8 8 4 4
2298 Naomi Nandakumar 4 38 17 7 6 5 1
2300 Dahyun Yum 3 39 19 8 4 3 2
2301 zhao yunshan 4 38 15 5 4 4 3
2302 Dong Bowei 3 38 22 7 6 2 1
2305 Lingfei Wang 4 38 11 10 4 4 3
2308 Lilian Chee 3 37 9 7 5 3 3
2309 George Radics 3 37 22 8 3 1 1
2312 Wee Meng Seng 2 37 27 7 2 1 0
2314 Jacqueline Yujia Tao 4 38 17 10 6 4 1
2316 Chim Chee Kong 4 37 10 6 5 5 4
2320 Marcos Vinicius Surmani Martins 3 37 19 8 4 2 2
2321 Purnima Murali Mohan 3 37 18 11 4 2 1
2323 Indu P. Bodala 4 36 12 8 7 4 3
2324 Jeong Hoan Park 3 36 14 8 6 2 2
2325 Daisuke Taira 4 36 10 5 5 5 4
2330 Marcus A.H. Chua 4 35 11 8 7 5 1
2331 Subham Sahoo 4 35 7 5 4 4 3
2333 Soon Hau Chua 3 36 11 11 11 11 2
2337 Elliot Law 3 35 15 8 4 3 2
2343 Gianna Gayle Amul 3 35 14 5 5 3 2
2344 Taewoo Lee 4 34 9 7 5 4 3
2345 Soumya Sarkar 3 34 18 11 4 1 0
2347 Wenjie Zhang 4 34 9 9 7 4 3
2348 Mingming Li 3 34 19 7 3 3 1
2350 Ravi Kiran Surapaneni 4 34 14 8 5 4 2
2352 Cong Son Ho 4 35 11 7 5 4 3
2353 Yi Fan 3 34 12 10 3 2 2
2361 Ter Kah Leng 3 33 7 5 4 3 3
2362 Faezeh Monji 3 33 14 14 5 0 0
2368 Xinwei Du 4 32 16 8 4 4 0
2369 Merlin Chai 3 32 18 4 3 2 1
2373 Angeline Lim 3 32 21 4 4 2 1
2374 Maria Andreina Francisco Rodriguez 3 31 8 7 7 3 2
2375 Akshay Chaudhari 3 31 13 10 7 1 0
2377 Shahrokh Sepehrirahnama 3 31 14 5 3 3 3
2379 Andreas Diavastos 3 31 6 4 4 3 3
2381 Kai YAO (Chinese Name: 姚凯) 3 31 14 4 3 2 2
2384 Serene H. X. Tay 4 31 10 7 4 4 3
2386 Nie Xuecheng 3 31 7 7 4 3 3
2387 Jiaxin Li 3 32 11 5 4 3 2
2392 Anurag Yenduri 3 30 19 5 3 1 1
2394 Orazio Aiello 4 29 8 5 5 4 4
2396 Romit Chowdhury 3 30 18 4 4 3 1
2398 Shu Hu 3 30 20 7 3 0 0
2400 Lutfi Afiq-Rosli 4 30 10 5 5 4 2
2408 HYEONG ILL KIM 3 29 10 7 5 2 2
2410 Chao Qu 3 29 10 7 5 3 2
2412 Chun Yun Kee 2 28 18 3 1 1 1
2413 Vignesh Srinivas Kaushik 3 28 9 7 4 3 2
2416 Markéta Dolejšová 3 28 8 6 4 3 3
2418 Rohan Ghosh 2 28 11 10 2 2 1
2420 Zhaojie Niu 3 28 8 6 4 3 3
2422 Lan V. Truong 3 28 8 5 5 3 2
2427 Umeyr Kureemun 3 27 7 7 6 3 3
2429 Wai Lam Loh 4 27 8 6 5 4 2
2430 Jun Ma 3 27 11 6 5 2 1
2431 Im Sik Cho 3 27 11 9 6 1 0
2432 Miguel Escobar Varela 3 27 9 6 3 3 2
2433 Zhun Wei 3 27 10 6 3 3 2
2434 Tham Sin Mun 3 27 14 9 4 0 0
2436 BaoLuo Sun 3 27 5 4 4 3 3
2437 Anuradha Rao 2 27 10 8 2 2 2
2439 Yun Hye HWANG 4 26 7 6 5 4 1
2450 Arun Shankar Narayanan 3 25 7 5 4 2 2
2451 Ye Quanqi 3 25 11 9 4 1 0
2457 Charles Burke 3 25 7 6 5 3 2
2459 Daniel Koch 3 25 11 5 3 3 2
2463 Eric T. Kerr 3 24 10 5 3 2 1
2464 Qikai Hu 3 24 8 6 5 2 2
2466 XINXIN XU 3 24 7 6 4 3 2
2468 Gene Navera 3 24 7 5 4 3 3
2469 arshad amanullah 3 24 16 4 3 1 0
2471 Creighton Connolly 3 24 11 4 3 3 1
2472 Imran bin Tajudeen 3 25 8 6 6 2 1
2473 Hoang D. Nguyen 3 24 9 6 5 3 1
2478 Ragunathan Mariappan 2 23 15 6 1 1 0
2480 Omid IRAVANI 2 24 17 3 2 2 0
2481 Jose Don De Alban 3 25 8 7 4 2 2
2485 Fun Man Fung 2 24 19 2 2 1 0
2511 Pankaj Sharma 3 22 6 5 4 3 1
2514 Afzaal Ahmed 1 21 20 1 0 0 0
2520 Sze Min Lek 2 23 16 3 2 1 1
2521 Guang Ma 3 21 7 5 3 2 2
2523 Benjamin Tan 2 22 7 4 2 2 2
2530 Jeremy Arnold 2 20 11 3 2 2 1
2533 Andreas Dewanto 2 20 7 4 2 2 2
2535 Rohit Bose 2 20 6 5 2 1 1
2540 Md Habibur Rahman 3 19 7 7 7 4 3
2543 Chengfei Yue 3 19 5 5 4 3 1
2547 Srinivasarao KAMALA 2 19 10 4 2 1 1
2551 Junnan Li 2 19 12 3 2 1 1
2553 Subhi Marwari 2 20 15 4 1 0 0
2557 Huang Rui 3 19 11 3 3 1 1
2560 Iftikhar Lodhi 2 18 9 4 2 2 1
2562 Hritwick Banerjee 2 18 10 3 1 1 1
2571 Xiaomei Liu 2 18 10 3 2 2 1
2574 jeremy fernando 2 17 6 3 2 2 2
2583 Mark Salloway 2 17 8 6 1 1 1
2585 Dian A. H. Shah 2 17 13 3 1 0 0
2587 MohanKumar 3 17 7 5 4 1 0
2592 Kidjie Saguin 3 16 7 4 3 1 1
2593 W.A.D.M. Jayathilaka 2 16 6 4 2 1 1
2596 Mohammadreza Kosari 3 16 3 3 3 2 2
2597 Chenhao Zhou 3 16 5 4 4 1 1
2602 Chen Wensheng 2 15 10 2 1 1 1
2608 Joseph Chun 2 15 6 2 2 2 1
2616 Shu Xinyu 2 15 9 4 1 1 0
2619 Qing Ye 2 14 7 5 2 0 0
2623 Kai Lu 3 15 5 4 4 1 1
2625 Mobarakol Islam 2 14 6 2 2 1 1
2629 NingNing Peng 3 14 4 4 3 2 1
2630 Jianwen Zhang 2 14 7 5 1 1 0
2649 Praveen Kumar Yadav 3 13 3 3 3 1 1
2654 Graham Wolfe 2 12 3 3 3 2 1
2657 Nurfadzilah Yahaya 3 12 3 3 3 2 1
2666 Daron Benjamin Loo 2 11 4 2 2 1 1
2675 Bibek Gyanwali 2 11 4 3 2 1 1
2676 Meera Priyadarshini, PhD 2 12 7 2 2 1 0
2686 YANG Xu 杨煦 2 11 3 2 2 2 1
2689 Karen Anne S. Liao 1 11 10 1 0 0 0
2716 Satveer Kaur-Gill 2 9 3 2 2 1 1
2718 Weiyi Ng 2 9 7 2 0 0 0
2730 Jui-lung Su 1 8 4 1 1 1 1
2739 Samuel David Marshall 2 8 3 2 1 1 1
2753 Gabriel Henry Jacob 2 8 4 3 1 0 0
2754 Oscar Carracedo García-Villalba 2 7 3 3 3 2 2
2763 Yvonne Jie Chen 1 7 2 1 1 1 1
2774 Manivannan Sivaperuman Kalairaj 1 6 4 1 1 0 0
2778 Arunima Datta 1 6 5 1 0 0 0
2780 Harisankar K S 2 6 4 2 0 0 0
2784 Hui Li 1 6 3 1 1 1 0
2800 Lim Eng Hui Alvin 1 5 4 1 0 0 0
2806 Li Lei 1 5 4 1 0 0 0
2809 Simone Chung 1 5 3 1 1 0 0
2829 Huang Ruizhi 1 4 2 1 1 0 0
2836 Maung Thway 1 4 2 1 1 0 0
2842 Sandra Annette Booysen 2 4 2 2 0 0 0
2848 王磊 1 4 2 1 1 0 0
2861 Uma Jayaraman 1 3 3 0 0 0 0
2896 Mehmet Kerem Coban 1 2 2 0 0 0 0
2922 Erik L'Heureux 1 1 1 0 0 0 0
2934 Kh Seah 1 1 1 0 0 0 0
2941 Priya Maholay Jaradi 1 1 1 0 0 0 0
