1 Paoti Chang 155 96502 15796 1744 1357 1341 1323
2 Chih-Jen Lin 61 79919 36699 36552 36529 36529 36518
3 Jann-Tay Wang 84 57605 4558 3360 3228 1487 525
4 Pan-Chyr Yang 102 42088 3379 1430 834 775 470
5 Chen Jungkai 79 39852 551 415 360 312 259
6 JH Kao 81 33082 2897 1301 1276 1156 977
7 Lee Duu-Jong 78 28422 1426 1243 621 463 432
8 Jahn, b.m. 78 25820 1068 965 847 834 811
9 中原 牟 82 23002 621 561 530 511 497
10 Ru-Shi Liu 74 22298 907 731 632 446 346
11 Ming-Syan Chen 62 21259 3309 2336 887 620 611
12 james C M  Li 51 20650 627 474 187 156 152
13 Sun-Lin Chung 71 19689 897 835 802 738 569
14 Huan-Tsung Chang 70 17916 722 582 427 318 311
15 Chung-Chih Wu 66 17015 973 905 842 591 429
16 Homer Chen 43 13642 420 379 271 215 197
17 Yang-Fang Chen 55 13617 592 212 211 211 206
18 Bor-Luen Chiang 59 12421 410 317 266 233 198
19 Ching-Hua Lo 54 12175 897 853 802 567 502
20 Ja-Ling Wu 46 12034 1348 399 267 246 224
21 Din Ping Tsai 54 11364 632 555 512 332 315
22 貝蘇章 (Soo-Chang Pei) 53 10874 446 329 305 231 210
23 F. C. Chou 53 10804 1339 708 352 336 244
24 Kuo-How Huang 27 10189 6450 1383 148 90 85
25 Hsueh-Fen Juan 35 9784 6457 186 179 120 111
26 Fi-John Chang 49 9667 443 265 263 236 230
27 Kwang-Kuo, Hwang 29 9378 2381 2299 478 434 411
28 Polly Huang 36 8994 1151 597 372 324 165
29 Chi-Kuang Sun 46 8872 666 275 267 245 194
30 Chuan-Chou Shen 38 8576 2507 613 407 401 242
31 Sy-Yen Kuo 44 8378 702 385 235 207 183
32 Mike Y. Chen - 陳彥仰 35 8352 1043 1022 868 616 552
33 Pisin Chen 43 8223 841 487 294 256 235
34 Chu-Chen Chueh (闕居振) 47 8011 863 402 393 314 293
35 Jeng-Da Chai (蔡政達) 20 7936 4331 1632 786 195 114
36 Chih-Wen Liu 43 7755 610 524 353 236 224
37 Yuan-Chung Cheng 29 7759 2484 960 606 435 415
38 Kuo-Liong Chien 45 7560 230 225 196 184 178
39 Chiang Pen-Chi 44 7577 904 695 310 307 185
40 Tei-Wei Kuo 43 7549 326 260 227 224 198
41 Prof. Yao-Wen Chang 48 7530 591 287 201 196 168
42 Guey-Sheng Liou 48 7522 289 278 184 178 157
43 Pau-Chung Chen MD PhD 44 6923 178 175 146 137 130
44 C R Kao 47 6686 317 289 223 153 144
45 Kevin C.-W. Wu 45 6572 752 457 450 386 184
46 Ming Ouhyoung 33 6520 1284 875 803 479 188
47 Nae-Lih Wu 44 6400 385 279 277 267 216
48 Ching-Lin Hsieh 39 5989 460 341 336 243 222
49 Susan Shur-Fen Gau 42 5897 469 213 211 182 165
50 Chun-hsien Chen 38 5793 870 351 343 251 188
51 Borshiuan Cheng 30 5792 894 800 646 321 302
52 Hsin-Hsi Chen 38 5773 508 237 214 196 187
53 Tzihong Chiueh 33 5772 577 449 380 346 262
54 Tzihong Chiueh 33 5772 577 449 380 346 262
55 C.F. Dai 39 5720 253 223 138 100 92
56 Chang-feng Dai 39 5694 253 223 138 100 92
57 Chin-Hsiung Loh 40 5644 239 139 134 128 127
58 Gong-Ru Lin 40 5570 186 122 114 109 102
59 Yih-Min Wu 43 5521 235 223 201 189 175
60 Yi-Jan Emery Chen 32 5457 224 216 104 101 98
61 Chung-Hsiung Sui 36 5402 365 307 304 239 239
62 Chun-Chieh Wu 41 5284 350 301 281 225 207
63 Ru-Jong Jeng 37 5254 362 270 195 194 163
64 Hao-Hua Chu - 朱浩華 42 5247 247 225 223 165 162
65 Chin-Laung Lei 34 5200 761 596 324 208 179
66 Yi-Ping Hung 36 5198 357 256 207 205 174
67 Tsung-Tsong Wu 40 5165 323 226 218 184 180
68 Jer-Ren  Yang 38 5129 308 277 213 151 149
69 Shao-Yi Chien 31 5087 552 343 287 285 243
70 Jiuh-Biing Sheu 33 5018 663 559 307 300 186
71 Guo-Dung John Su 21 4931 3029 153 107 81 73
72 Keqiang Wu 39 4842 311 303 264 215 211
73 Ruey-Beei Wu 39 4808 289 222 192 103 102
74 Yu-Kang Tu 38 4719 253 156 149 149 145
75 Wanjiun Liao 40 4683 385 207 170 120 102
76 Winston Hsu 32 4596 679 347 284 276 215
77 Chung-wen Lan 36 4459 134 133 106 103 100
78 Yih-Sharng Chen 39 4370 663 310 263 239 184
79 Jiunn-Wei Chen 34 4248 515 268 219 174 144
80 Ming-Jang CHIU 38 4239 245 191 112 103 96
81 I-I Lin 36 4191 361 225 202 179 174
82 Lin-Chi Chen 27 4174 1796 386 93 89 83
83 Chiu Sen Wang 28 4173 1133 478 109 107 106
84 Yaow-Ming Chen 31 4101 357 350 289 284 243
85 Chien-Chang Lee MD, ScD 37 4064 295 181 175 162 142
86 Angela Yu-Chen Lin 31 4060 578 318 276 257 225
87 Hsien-Ho Lin 25 3967 1137 563 232 232 228
88 Prof. Tung-Wu Lu, D.Phil. 32 3952 714 199 168 115 105
89 Chao-Hsin (Wayne) Wu 20 3912 1628 54 48 43 36
90 Fa-Hsuan Lin 30 3884 382 314 260 241 218
91 Chii-Wann Lin 35 3871 173 147 115 100 93
92 Chih-hao Hsieh 26 3817 575 525 483 309 217
93 Chi-Te Liang 30 3796 630 376 158 126 103
94 Mitsuko Murakami 10 3748 3495 45 34 26 21
95 Chen, Zueng-Sang  陳尊賢 33 3720 204 186 163 144 125
96 Shiang-Tai Lin 31 3670 465 337 234 158 140
97 Liang-Hung Lu 36 3599 150 124 122 117 108
98 Ming-Feng Shih 24 3593 484 397 310 269 209
99 Hung Shu-Huei 23 3557 1009 609 247 144 141
100 Michitoshi Hayashi (ORCID:0000-0001-7507-8708 ) 29 3377 186 140 105 102 93
101 Yung-Yu Chuang 23 3365 940 393 187 154 150
102 An-Yeu (Andy) Wu 30 3363 158 131 84 80 73
103 Hsuan-Tien Lin 21 3321 828 677 403 174 171
104 Kuang-Chao Fan 31 3320 143 142 132 114 106
105 Ting Wai Chiu 30 3313 588 204 180 122 103
106 Sung-Jan Lin 35 3295 264 202 182 155 120
107 Feng-Li Lian 22 3259 834 677 201 176 166
108 Jianye Ching 31 3202 336 171 165 121 110
109 Jaw-Lin Wang 32 3171 218 188 156 155 144
110 Jri Lee 28 3166 284 231 200 199 167
111 Jane Yung-jen Hsu 29 3157 127 123 106 102 99
112 yannrong lin 16 3124 634 452 358 281 269
113 Kun-Mao Chao 29 3060 337 310 186 158 120
114 Aichia Chuang 17 3049 1006 538 315 144 133
115 Chi-Feng Pai 15 3046 1606 581 197 130 121
116 Jieh Hsiang 27 2972 256 253 244 220 169
117 Adonis, Chih-Kang Chiang (姜至剛） 30 2957 142 114 87 86 81
118 Pen-hsiu Grace Chao 23 2910 919 297 199 140 133
119 Ping-Hei Chen 27 2904 401 127 98 88 77
120 I-Lung Chien 27 2901 529 170 112 107 103
121 ShihChung Kang  24 2744 510 157 125 105 89
122 Chih-Wei Chang 15 2734 903 395 354 281 154
123 Bing-Yu Chen 29 2723 150 122 108 108 104
124 Hung-Yu Wei 25 2686 435 196 159 143 125
125 Abhijit Ganguly 21 2681 547 392 336 182 145
126 Chun-Mao Tseng 29 2647 204 193 143 124 118
127 Sheng-Lung Huang 20 2631 91 90 49 42 39
128 Grace yao 27 2621 395 293 153 147 115
129 Ming-Chih Ho 27 2612 160 147 141 129 116
130 Kuen-Yuh Wu 29 2612 143 114 83 79 73
131 Hiran A. Ariyawansa 22 2573 312 207 178 173 159
132 Lee-Yan Sheen 27 2532 180 134 122 96 86
133 Tsiu-Kwen Lee 26 2528 281 256 157 125 84
134 Wei-Ting Chen 23 2465 513 201 139 108 103
135 JP Chen 26 2453 345 194 187 144 104
136 Tzung-Jeng Hwang 27 2397 248 248 121 76 74
137 Chang Shu-Sen (張書森) 26 2362 320 315 223 213 91
138 Kun-You Lin 28 2351 175 110 91 91 90
139 Chih-Wei Tung 15 2335 661 221 208 172 163
140 Tung-Hung Su 25 2318 328 172 171 134 117
141 Shih-Torng Ding 28 2310 135 97 95 92 56
142 Chia-Lin Yang 27 2303 105 104 101 94 84
143 Pei-Chia Lan 藍佩嘉 22 2296 501 206 197 138 114
144 Shan-Li Wang 31 2296 136 123 100 100 94
145 Chih-Hsin Cheng 10 2266 866 690 273 230 45
146 I-Chun Cheng 26 2263 142 126 109 94 92
147 Hwai Shen Liu 26 2251 178 154 111 103 99
148 LC Chiou 26 2248 226 192 145 143 94
149 Chun-Jen Chen 16 2240 782 428 228 196 112
150 Zeng-Yei Hseu 24 2202 263 99 94 91 84
151 Hsuan-Jung Su 27 2196 150 128 120 114 92
152 Wen-Jong Wu 22 2168 263 157 127 125 107
153 Yung-Yaw Chen 23 2136 184 149 86 86 84
154 Chen-Tung Yen 27 2136 248 90 80 65 64
155 Jing-Tang Yang 24 2128 151 96 89 78 71
156 Jihn-sung Lai 23 2118 396 260 116 91 82
157 Yuh-Renn Wu 28 2104 100 95 89 81 78
158 Hsin-Shu Chen 17 2088 1304 127 89 70 46
159 Hou Hsin-An 21 2088 246 215 199 173 169
160 Hurng-Yi Wang 21 2087 266 222 210 162 127
161 See-May Phoong 19 2071 496 188 97 86 75
162 Yu-Chiang Frank Wang 22 2053 162 105 102 96 83
163 Shi-Wei Chu 22 2045 194 193 192 186 121
164 Hsi-Sheng Goan 24 2043 172 139 131 102 92
165 Tsung-Hsien Lin 22 2029 188 176 140 132 112
166 Yu-Heng Tseng 21 2032 736 146 86 76 65
167 Hung Chen 14 2026 727 423 157 101 73
168 L.-H. Peng 23 2015 165 140 130 112 106
169 Chou H-T 21 2009 190 114 108 106 64
170 Shiu-Sheng Chen (陳旭昇) 18 1989 441 216 206 183 179
171 Pei-Chun Lin 19 1984 322 169 161 137 125
172 Hung-Jen Wang 13 1922 773 288 152 143 142
173 C. J. Huang 20 1886 109 94 87 78 74
174 Hsing-Cheng Hsi 22 1884 310 160 124 104 90
175 Joshua Goh 24 1879 162 158 135 123 121
176 Niels Reijers 8 1820 1231 302 154 36 34
177 Kuang-Chong Wu 22 1818 186 168 153 142 83
178 Wei-Cheng Tian 23 1793 252 162 158 80 71
179 Jinn-yuh Hsu 17 1794 769 223 139 61 56
180 Shou-Zen Fan 22 1783 326 131 58 49 48
181 Ludvig Loewemark 25 1765 131 115 109 103 80
182 Sudipta Som 23 1747 141 135 125 108 74
183 Liang-Chuan Lai 20 1735 228 152 152 137 86
184 Sébastien Lavoué 23 1729 131 118 112 105 102
185 geen-dong chang 24 1726 255 77 77 73 70
186 Chin-An Lin 23 1719 296 96 95 94 93
187 Jian-Jang Huang 23 1708 124 106 96 75 60
188 Jian-Zhang Chen 24 1679 126 112 63 63 56
189 Jehn-Yih Juang 21 1676 228 228 185 179 99
190 Hsueh-I Lu 22 1669 139 139 124 93 88
191 Pei-Lung Chen 16 1672 587 370 79 72 67
192 Ming-Lang Lin-林銘郎 20 1663 178 161 139 107 93
193 Wen-Chau Wu 21 1636 418 269 197 71 54
194 Tai-Chung Huang, MD, PhD 12 1619 1122 114 72 48 42
195 CS Shin 22 1618 141 116 90 78 65
196 Shyh-Chyang Luo 23 1612 224 166 131 114 96
197 Minn-Tsong Lin 22 1594 81 60 49 47 47
198 Ta-Te Lin 22 1578 224 201 89 65 52
199 Chien-Chung Chen 21 1575 152 89 81 79 76
200 Frank Leigh Lu 21 1571 147 131 128 125 109
201 Arun Prakash Periasamy 21 1556 182 152 126 124 110
202 Chen-Mou Cheng 20 1554 254 97 93 81 77
203 Nae-Dong Yang 11 1554 718 274 183 119 61
204 Sofia Ya Hsuan Liou 21 1550 169 160 126 109 102
205 Chern I-Liang 17 1547 345 142 94 86 82
206 Shou-De Lin 21 1550 204 114 83 74 65
207 Min-Hui Lo 14 1543 415 269 202 120 97
208 shinn chih wu 22 1542 153 122 100 63 61
209 Tsung-Luo Jinn 18 1539 343 197 132 110 94
210 Chih-yu Shih 21 1530 117 110 102 86 68
211 Feng-Chiao Tsai 17 1522 236 200 184 176 113
212 Keh-Ming Shyue 13 1508 453 296 136 118 103
213 Jenn-Gwo Hwu 19 1492 50 42 36 33 32
214 Cheng-Chih Hsu 17 1471 322 256 153 149 67
215 Chi-Shin Wu (吳其炘) 21 1458 123 117 99 93 69
216 Jusak Tandean 22 1459 129 129 86 84 74
217 Chien Yi Liao 7 1448 863 224 170 95 73
218 Mei-Hui Li 19 1436 156 115 114 100 92
219 Shu-Hua Chou 19 1432 188 184 170 106 93
220 An-Bang Wang 18 1426 171 119 116 114 97
221 Ho-Lin Chen 16 1418 156 137 72 69 68
222 J. Bruce H. Shyu 21 1411 268 223 95 69 64
223 Yih-Kuen Tsay 15 1408 490 219 96 65 65
224 Ray-I Chang 張瑞益 19 1406 99 61 48 45 38
225 Yen, Jia-Yush 20 1389 74 67 59 57 52
226 Hao-Ming Hsiao 18 1381 217 162 147 105 80
227 Hwan-Ching Tai 13 1379 350 203 147 115 108
228 David Zelený 18 1377 405 208 134 58 56
229 Lin Yu-Feng 19 1377 174 121 115 105 91
230 Su-Ling Yeh 22 1367 84 79 74 64 62
231 Lee Wen-Jeng 21 1363 99 91 90 77 74
232 Argon Chen 17 1363 282 213 184 57 51
233 Yu-Chieh Chi 20 1351 109 73 63 57 42
234 Jiashing Yu 16 1342 208 206 158 116 89
235 Shang-Hsien Hsieh 19 1320 53 47 46 40 40
236 Jean-Fu Kiang 19 1317 77 66 61 52 50
237 Cheng-Ruei Lee 16 1298 200 141 125 121 109
238 Chia-Ter Chao 16 1293 225 121 105 89 55
239 Chih Jen Yang/ Jr Ren Yang 18 1289 208 131 120 94 83
240 Shih-Huang Tung 19 1281 141 102 79 78 78
241 Hwa-Lung Yu 余化龍 22 1277 108 73 65 57 52
242 Sung-Fu Hung 15 1275 329 218 150 110 99
243 Cho-ying Huang 17 1233 203 141 127 120 87
244 Ke-Vin Chang 17 1230 129 123 83 77 73
245 Chou, Shang-Wei 16 1224 282 264 77 76 64
246 Chun-I Yeh 14 1210 313 190 100 91 91
247 Tsung-yu Wu 11 1208 646 218 51 50 37
248 Joseph Tao-yi Wang 11 1207 305 287 248 112 67
249 Ming-Ching Luoh 10 1204 333 300 177 141 84
250 Tung-Chieh Chen 15 1192 241 201 166 164 87
251 Jie-Hong Roland Jiang 20 1190 119 83 59 54 53
252 Tai-Li Chou 17 1193 167 136 108 103 99
253 Hung-Yu Wei 14 1187 381 200 87 79 75
254 Kuo-Hsien Su 13 1173 487 145 101 83 72
255 Weichung Wang 17 1158 259 88 83 57 43
256 Wen-Yueh Yu (游文岳) 18 1159 160 155 110 98 77
257 L.-Y. Chen 16 1151 305 194 71 43 37
258 Jen-San Chen 18 1148 94 90 72 61 41
259 Yen-Ting Hwang 15 1142 178 160 123 102 82
260 Shu-Yuan (Sean) Pan 18 1141 172 94 93 86 70
261 Jyh-Ming Jimmy Juang 19 1123 141 85 80 73 64
262 Chun Yen Liao 9 1113 555 315 71 40 34
263 H H Wang 15 1111 186 139 74 53 51
264 Chia-Chi Chang 13 1088 293 179 96 94 58
265 Ying-Chih Liao 18 1084 120 77 73 60 46
266 Hsin-Mu (Michael) Tsai - 蔡欣穆 17 1080 128 105 87 87 62
267 Yeun-wen Ku 16 1070 177 160 83 59 34
268 Ying-Jer Kao 17 1062 125 110 108 88 75
269 Wei-Li Hsu 14 1048 216 182 122 101 53
270 HSIANG-CHIEH LEE 19 1030 104 90 73 72 67
271 Huan-Wei Tseng 12 1019 323 168 107 75 72
272 Wei Cheng Lo 6 183 60 54 29 18 10
273 Takeshi Miki 17 1003 75 75 69 64 64
274 Toshinori Okuyama 15 1001 171 154 126 53 51
275 Hsin-Haou Huang 12 996 331 202 62 58 53
276 Chiu Yen-Ling MD, PhD 18 991 91 89 66 57 54
277 Hsuan-Chen Wu 19 978 99 92 69 65 58
278 CHA, Shih-Ting (查詩婷） 9 978 320 168 127 124 74
279 Chia-Ron Yang 15 973 232 139 103 86 52
280 Duan-Rung Chen 17 956 133 109 89 54 50
281 Tian-Li Yu 14 940 170 97 87 68 67
282 嘉偉 汪(Chia-Wei Wang) 12 939 305 192 83 66 57
283 Yi-Pin Lin 14 926 185 95 90 87 71
284 Wei-Ting Chen 13 926 201 108 103 92 80
285 Chih-Chen Hsieh 16 920 157 116 84 71 52
286 chun-liang Pan 12 918 184 150 147 90 72
287 Hung-Wei Yen (顏鴻威) 16 916 149 121 72 52 50
288 Shing-yang Hu 12 904 272 145 111 83 83
289 Ming-Han Liao 18 895 84 53 53 45 44
290 Sheen Horn-Jiunn 16 892 101 100 67 59 51
291 Li-May Sung 9 888 441 224 53 40 17
292 Yin-Nan Huang 17 881 83 77 69 69 62
293 Dun-Yen Kang 14 875 138 78 72 67 66
294 Yu-Chen Ou 15 866 105 101 96 76 55
295 Pei-Lin Lee, M.D., PhD. 18 862 89 62 61 50 46
296 Chia-Hung Hou 18 859 135 97 63 55 52
297 Tzai-Hung Wen 16 857 84 84 83 68 52
298 Yu Ching Lin 10 848 379 78 70 70 64
299 Hung-Hao Chang 15 846 61 59 44 42 36
300 Chung-Yi Yang 17 843 66 55 54 53 47
301 Chien Chin Chen 12 840 202 130 127 90 71
302 Chen Bang-bin 16 837 101 101 91 77 36
303 Sanlin Chung 16 836 149 70 70 44 43
304 Chih-Ting Lin 13 834 263 108 60 57 36
305 Anthony J.T. Lee 15 826 103 98 63 63 62
306 Ke-Cheng Chen 14 807 121 82 74 73 67
307 Jia-Yang Juang 15 795 137 90 77 54 36
308 Li-Jen Lee 16 789 95 89 79 65 52
309 Hsin-Chia Lu 盧信嘉 14 788 123 91 60 60 48
310 Jer-Junn Luh 15 789 136 114 87 30 29
311 Yu-Ying Lai 16 773 116 110 59 45 41
312 Ju-Chun Hsu 14 773 112 91 81 61 60
313 Ming Jen Lin 9 768 190 105 90 84 72
314 SHIUH-SHEN CHIEN 13 765 182 113 68 67 61
315 Po-Cheng Chen 16 765 135 110 83 77 44
316 Chien-Fu Chen 陳建甫 14 763 192 117 60 53 49
317 Holin Lin 16 762 101 78 66 64 47
318 Jr-Chuan Huang 14 753 183 41 40 39 33
319 Te-Chih Wang 13 752 148 80 59 41 38
320 Cheng-Yuan Liou 15 746 87 62 49 43 26
321 Shu-Kai HSIEH 11 728 76 69 69 45 41
322 Yen-Wen Lu 12 720 125 115 88 66 42
323 Hong-Ren Jiang 6 717 475 151 36 19 10
324 Vladimir A. Hovhannisyan 15 711 118 96 92 56 38
325 Yi-Chang Lu 12 708 290 54 44 33 23
326 Ying-Lien Chen 14 705 93 87 72 64 60
328 Shih-Hao Hung 14 683 90 54 39 37 34
329 Kuei-Tien CHOU 13 677 50 41 36 34 29
330 Cheng-Ting Tsai 14 673 109 78 63 59 35
331 Hsu-Chun Hsiao 12 666 137 102 78 56 50
332 Ming-Jung Ho 11 668 193 97 57 54 40
333 Jen-Jia Lin 11 655 85 80 77 72 54
334 Tzu-Pin Lu 11 652 152 137 63 48 35
335 Chi-Chuan Wang 14 649 123 86 65 57 37
336 HSIN-HUNG Chou 8 648 308 76 67 66 39
337 C. M. Raghavan 14 636 43 36 36 32 30
338 David Cohen 10 630 159 120 87 58 54
339 Nai-Wen Chang 5 611 515 33 27 12 6
340 Chia-Hua Ho 8 611 211 153 114 83 21
341 Tsai  Christina 14 610 141 78 57 47 47
342 Yu-Hsuan Ho 12 600 80 74 48 45 44
343 Jung-Jeng Su 11 597 156 97 71 44 43
344 tsungche liu 10 597 235 39 37 35 28
345 Tefang Lan 10 583 119 91 88 54 52
346 Yu-chi Lee Ph.D. 12 577 126 125 80 44 41
347 Mao-Kuen Kuo 14 574 68 67 42 34 30
348 Gene J-Y You 13 569 107 79 50 50 49
349 Chien-Te Wu 10 568 173 145 51 34 30
350 Wei-Kai Lee 11 563 168 89 75 58 36
351 Chin-Lung Wang 13 561 95 56 51 42 37
352 Chia-Lin Lee 12 558 83 70 58 56 54
353 Cheng-Maw Ho 12 556 84 57 41 39 33
354 Hung-yi Lee 13 551 41 32 27 25 21
355 Chuang-Wen You 12 550 144 47 41 38 32
356 Haojia Abby Ren 13 548 154 93 34 33 26
357 Tai-Lin Tseng 14 545 73 70 56 47 35
358 Chien Yi-Hsing 9 539 323 52 30 22 17
359 I-Hsiang Wang 10 534 128 95 44 34 22
360 Harshavardhan VT 8 530 147 140 108 31 30
361 Ming-sho Ho 13 511 54 50 50 44 42
362 Chung-Wei Lin 11 509 101 70 70 55 41
363 Chun-Yen Chang 11 508 116 89 30 26 25
364 Pei-Shiue Jason Tsai 10 507 156 86 62 59 38
365 Shiue-Lin Li 9 507 206 60 51 41 40
366 Chung-Che Wu 10 506 154 131 28 27 26
367 April Chiung-Tao Shen 13 504 83 56 54 35 32
368 Mao-Pei Tsui 10 499 192 65 62 55 31
369 Louis Ge 13 493 28 28 27 25 22
370 Ya-Yunn Su 8 491 131 124 118 23 21
371 Kai-Yin Cheng 12 491 96 84 46 41 39
372 Bor-Shiun Lee 9 473 157 127 47 40 21
373 You Zhe Ho 8 468 215 91 44 43 23
374 藍伊奮/Yi-Fen Lan 12 458 69 59 38 35 24
375 Yu-Ting Tseng 11 457 77 66 56 50 46
376 Ji-Lung Hsieh 9 457 118 101 78 37 21
377 Chang Kuang-Yu 7 451 205 89 49 49 19
378 Huai-Yung Wang 10 442 78 63 42 35 31
379 Nien-Chu Fan 8 441 124 115 67 47 25
380 Chen-Fen Huang 11 439 63 57 54 39 31
381 Yanzhi Wang 10 438 173 93 22 21 19
382 Yu-Hsun Lin (Lyman) 7 432 125 108 52 43 39
383 Hsieh Chieh 10 429 50 40 37 33 32
384 Chih-Hsien Cheng 12 428 73 55 43 32 22
385 Zhao-Ming Gao 9 427 140 74 55 26 17
386 Chien-Yueh Lee 9 416 137 61 53 52 37
387 Yin-Hsi Kuo 9 415 80 67 58 48 32
388 Chih-Peng Lin 10 413 119 88 26 19 16
389 Ming-Che Hu 10 411 101 96 47 24 21
390 Ujjal Kumar Dey 11 409 97 44 34 31 30
391 Tang muh-chyun 10 401 164 39 29 28 28
392 Tao-Sheng Ou 7 394 103 102 90 27 20
393 Chi-Kang Li 13 391 89 45 27 23 22
394 Shuo-Hsien (Terry) Cheng 7 385 114 94 85 45 19
395 Hung-Ju Chen 12 384 63 53 25 23 23
396 Vianney Denis 11 380 67 56 23 20 20
397 Cheng-Tar Wu 8 379 161 48 42 42 31
398 Peng Yu-Huei 12 380 60 44 36 33 33
399 Chien-Ming Wu 8 379 106 81 78 22 21
400 Yi-Hsiang Huang 9 378 89 76 72 32 27
401 Wei Jeng 13 377 68 32 28 23 22
402 Albert Y. Chen 10 377 77 52 52 34 21
403 Karen Steffen Chung 10 378 96 78 27 27 20
404 Chih-Chiang Chan 11 373 86 40 39 35 33
405 Che-Chung/Che-Chun Kuo 10 370 56 42 32 31 31
406 Shih-Chin Yang 11 368 53 50 49 35 33
407 Yi-Min Tsai 11 369 56 53 36 28 26
408 Sheng-Yung Chen 7 363 166 55 42 33 16
409 Meng-Kai Hsu 9 359 82 64 62 36 27
410 Chung-Te Chang 9 358 105 69 69 22 19
411 Matan Shelomi 8 357 136 51 27 22 19
412 Chueh-Hung Wu 10 355 73 39 20 20 15
413 Yi Ting Chen 11 353 52 41 34 28 21
414 Chen-Ying Huang 9 353 115 60 53 37 29
415 Yu-Feng Yao 10 346 35 33 27 26 18
416 Wan-Yu Lin 11 345 42 40 36 27 24
417 Chung-Yi Wang 10 343 70 47 45 35 34
418 Weijane Lin 9 340 97 23 21 18 16
419 Wen-Chan Huang 7 338 194 43 37 30 13
420 Wei-Yin Chen 陳威尹 9 334 88 62 39 33 33
421 Yi-Jay Chang 10 333 47 35 33 27 26
422 Han Lin 10 333 53 52 41 37 37
423 Min-Shao Tsai 10 329 56 52 37 35 34
424 Hui-Wen Chen 10 329 96 49 45 19 18
425 Dr. Packiyaraj Perumal 10 326 44 40 39 36 36
426 Wei-Sheng Chin 8 326 120 65 38 28 28
427 Dr. Dhirendra Kumar 9 318 59 52 50 41 37
428 Chia-Ming Chang 10 318 48 35 33 25 22
429 Shih-Jiunn Shi 9 312 87 40 28 24 18
430 Ying-Chieh Chan 8 308 64 58 50 32 24
431 Borching Su 8 308 59 38 34 29 11
433 Seema Singh 10 301 47 38 29 28 27
434 Nien-Tsu Huang 10 300 56 48 47 32 25
435 Himanshu Mittal 9 296 65 48 22 20 17
437 Chun-Yang Lu 11 293 55 36 30 29 22
438 Jyhbang Jou 11 289 28 26 26 24 22
439 Ming Yi Lin 7 286 76 55 48 42 12
440 Chun-hsien Lien 10 285 53 45 35 22 22
441 James C. Chu 10 278 38 37 35 30 25
442 Tsu-chin Chou 7 277 115 48 45 21 17
443 Biswa PS Sahoo 6 275 135 38 32 25 15
444 I-Hsuan Liu 8 270 59 37 36 34 19
445 Li-yu Daisy Liu 9 266 37 35 31 19 17
446 Kuen-Yu Tsai 9 265 29 20 18 14 13
447 Chih-Pin Lu 5 263 149 149 49 47 10
448 Shang-Shu Shih 9 260 58 55 18 17 16
449 Yi-Hsuan Huang 5 259 104 72 45 17 12
450 Ren-Chung Cheng 10 259 47 35 30 21 20
451 Tzu-Hsiung Yen 4 257 207 27 10 5 4
452 Chun-Chen Hsu 7 256 78 39 25 17 17
453 Charng-Gan Tu 10 254 37 33 27 21 17
454 Chia-Wei Lan 3 253 171 69 12 1 0
455 Jose Eugenio Borao Mateo, 鮑曉鷗 10 249 41 30 24 20 17
456 dipali bagal 7 248 91 41 37 16 16
457 Jyh-Jer Ko (柯志哲) 7 248 76 48 45 20 12
458 Dong-Yo Jheng 9 246 49 39 29 16 15
460 ching-jan chen 8 241 57 27 26 24 20
461 Shao-hsing weng 10 237 37 31 30 24 21
462 Te-Wei Ho 9 237 55 45 30 15 14
463 Ching-Te Kuo 8 233 63 43 39 36 17
465 Yi-Te Lai 9 232 42 36 33 27 21
466 Yuan-Ta Shih 8 231 54 30 25 22 20
467 Dr. Namasivayam Dhenadhayalan 7 229 78 39 37 18 11
469 Luo Shih-Chi 6 227 66 65 37 25 14
471 Lin-Chen Ho 7 224 66 57 44 18 16
472 Hao-Che Ho 8 224 54 35 20 15 11
473 Sue-Ching Jou 8 222 42 39 30 23 21
474 Shin-Ping Lin 7 222 145 14 13 11 9
475 Hung Hung 8 218 63 32 31 20 14
476 Che-Hua Yeh 6 216 99 56 20 10 9
477 Shih-Po Lin 6 216 53 52 40 12 10
478 Sonai Seenithurai 8 215 44 33 26 18 17
479 Huang-Siang Lan 8 214 81 25 22 11 10
480 Yang-Chieh Fu 8 205 36 31 26 23 20
481 Van-Huy Nguyen 8 205 29 28 23 22 19
482 Jen-Jui Yu 6 204 61 61 24 17 14
483 Mengyao Gao 7 204 114 24 17 12 9
484 Po-Tsang Huang 8 203 41 23 21 19 16
485 Yun-Chun Wu 4 203 125 47 16 4 3
487 Hui-Yu Wang 6 196 64 37 32 21 14
488 HY Yang 7 196 42 32 25 23 21
489 Hung-Hsun Huang 5 197 95 45 32 12 7
490 Guy Beauregard 8 194 44 31 18 17 17
491 Ching-Chi Lin 6 193 91 66 12 10 7
492 Chien-Chung Shih 7 189 55 27 24 21 15
494 Keng-Te Lin 7 189 69 33 21 18 14
495 Hsiang-Yuan Lin [林祥源] 8 186 32 28 26 25 20
497 Shih-Hang Lin 9 183 37 22 18 17 15
498 Kuo-Tsang Huang 8 183 28 27 21 19 18
499 Ming-Li Chiang 8 181 54 22 17 16 15
500 Gaber Faisel 8 180 26 18 17 14 14
501 Yen-Yu Chen 4 180 77 43 35 15 3
502 Hen-Hsen Huang 8 178 42 19 15 11 10
503 pradip kumar Roy 5 178 125 16 13 12 6
504 Gyeongha Hwang 6 177 56 26 24 23 22
505 Liang-Chih Chen 5 175 114 16 15 6 5
506 Kuan-Ting Chen 5 175 67 37 30 10 10
507 Sheu Jih-Wen 7 174 42 32 26 24 16
510 Chin-Wu Chen 5 164 44 35 31 18 16
511 Jiun-Hao Wang 7 164 33 24 24 22 11
513 Ling-Chieh Kung 6 159 48 33 24 19 9
514 Ting Ying Chien 6 154 48 32 25 20 11
515 Chen-li Sun 6 153 37 29 22 15 7
517 Chia-Lun Hsu 7 152 40 31 23 17 14
518 Tzu-Chin Tsai 5 151 68 37 21 13 5
519 Ching-I Huang 6 150 48 39 25 13 10
520 Hao-Sen Chiang, Ph.D. 5 150 59 39 24 20 8
521 Adrian Rauchfleisch 5 149 66 25 15 9 7
522 Chang-Ling Huang 7 149 39 20 16 14 11
523 Shen-Chi Chen 7 148 42 16 14 11 10
524 Mahjoor A. Lone 7 146 33 23 21 19 13
525 Dr. Golam Haider 6 145 28 27 24 22 7
526 JEN-HAO, CHENG 5 144 66 14 10 9 7
527 Ching-Feng Yeh 8 143 22 21 20 16 16
528 Yu-Ming Chang 6 141 32 21 18 16 9
529 YIng-Da Luo 6 141 33 22 22 20 16
530 Kao-Hua Chang 6 141 82 16 12 11 7
531 Dick Jen-Wei Chang 5 140 63 44 8 8 6
532 Chang-Hung Chen (陳長鴻) 6 141 60 16 13 7 7
534 I-Chao Shen 5 133 58 31 21 8 7
535 Shao-Chien Chang 6 133 48 36 12 11 10
536 Webber Wei-Po Lai (賴威博) 5 133 63 24 21 11 9
537 Alexander Kunz 6 133 31 25 24 15 10
540 Jiue-in Yang 5 127 33 29 28 21 8
543 Bo Han Chen(陳柏翰) 5 125 38 31 27 12 11
544 Chun-Wei Huang 6 124 59 19 12 8 8
545 Chien-Wei Wu 7 123 38 30 18 10 8
546 Yang-Chun Lee 7 122 40 17 16 14 10
548 Heng-Tsung Danny Huang 7 122 31 15 14 14 9
549 Shun-Li Wang 6 121 38 30 12 9 6
552 I-Chung Chiu 5 119 38 26 15 15 8
555 Roger Yang 6 116 30 18 17 14 10
556 Masaaki Nakamura 6 115 23 21 19 17 12
558 Jau-Jiun Huang 4 112 34 33 17 17 4
559 Sheng-Kai Chang 4 111 37 29 14 12 4
560 Chia-Wei Kuo 6 111 52 15 14 10 10
561 Liang-che Sun 6 109 22 16 16 15 12
562 Ling Chao 6 107 21 18 11 10 8
563 Yu-Han Chen 陳郁涵 4 108 44 22 21 15 4
564 Yu-Jui Fan 7 107 18 17 15 13 10
565 T.Y. Chuang 5 107 45 21 8 6 6
566 Jen-Feng Huang 6 106 41 17 13 13 12
567 Yu Tsung Lo 5 106 36 31 11 10 9
569 Shao-Chou, Hung 5 104 39 22 9 8 7
570 Yu-Hsin Cheng 5 104 41 25 10 10 9
571 Mei-Ju Shih 5 104 31 16 13 10 8
572 kuo-wei chang 5 101 29 26 12 10 8
575 Po-Wen Chi 5 98 22 17 17 14 11
576 Yin-Hung Lin 7 98 20 16 15 8 8
577 Chenhao Chiu 3 98 38 28 12 3 3
578 Yu-Lin Wei 4 98 62 16 7 4 3
581 Yi-Ting Huang 5 97 53 10 6 6 6
584 Yin-Tzu Lin 6 95 21 15 13 10 7
587 Yi-Ching (Janet) Huang 4 94 45 26 6 6 4
589 Elise Chia-Hui Tan 6 93 16 16 11 8 8
591 Chien-Ting Kuo 6 92 22 16 11 7 7
592 Yen-Chen Shih 5 92 48 12 11 10 5
593 Ching-Hsuan Lin 4 90 38 34 7 6 3
595 Jiun-Yun Li 6 88 20 13 7 7 6
597 Rini Ravindranath 5 87 27 25 8 6 6
598 Y. H. Cheng 5 91 30 13 13 8 6
600 Meng-Chieh Hsu 5 85 28 26 10 7 5
602 Tzu-Ming Liu, 劉子明 5 84 32 16 13 9 6
603 Yu-Feng Yin, YF Yin 6 83 22 12 10 10 10
604 Dr. Milind Alai 6 83 36 12 10 9 6
605 Cheng-Tao Chung 6 82 22 19 13 6 6
608 Wei-Chih Tu 3 81 67 5 3 3 1
610 Feng-Cheng Chang 5 80 15 13 11 11 9
615 Chao-Wei Huang (黃晁瑋) 6 77 18 17 10 8 7
616 Yu-Hsiu Chen 5 76 30 19 7 7 5
617 Chiao Chang 6 76 16 13 11 9 7
618 Yi-Ling Chen 3 74 32 29 5 3 2
620 Shih Huan Tseng 4 74 26 16 9 4 4
621 Yi-An Tung (童翊安) 4 73 32 27 8 5 1
623 Po-Sheng Huang 5 71 21 13 9 7 7
627 Hsi-Hsun Chen 4 69 21 17 12 7 4
629 Pin-Ju Tsai 4 69 21 20 12 9 3
630 Hsin-I Chen 4 69 36 9 9 5 4
633 Chan-Hsiang Weng 6 68 15 12 11 10 7
634 Sung Jen-Cheng 4 68 20 15 7 7 4
635 Yu-Ming Liao 6 67 21 10 6 6 6
637 Janet Chen-Lan Kuo 4 68 28 17 12 5 4
638 Pierre-Alexandre Château 4 66 26 15 9 6 4
639 Chih-Kai Yang 4 66 18 7 6 4 4
640 Lu, Hsuan-Lun 4 65 14 13 9 8 4
641 Yien-Tien Chou 5 65 14 9 8 6 6
643 Pei-Ju Liao 3 65 31 23 8 1 1
645 Lihan Chen 5 64 19 13 9 7 6
647 Peng-han Su 4 63 16 16 15 6 4
649 Chao-Hsien Hsieh 5 63 29 9 6 5 5
651 Bor-Yih Yu 5 62 14 13 10 8 5
653 Bala Ganesh 6 61 16 14 11 7 6
655 Cheng-Hong Tsai 2 61 30 25 2 2 1
656 Sutieng HO 4 59 35 11 6 5 2
657 Hungdah Su 4 59 17 6 6 6 4
659 Wan-Hui Yu 5 58 14 11 9 5 5
660 Smritijit Sen 5 58 13 13 9 6 5
663 Tsung-Sheng Tsai 4 57 14 14 9 6 4
666 Y. H. Lin 5 56 14 10 9 7 7
668 He-Ming Ruan 3 56 37 6 5 3 2
669 Yu-Chan Lin 4 56 15 13 9 9 4
673 Chih-Chien Hung 5 54 14 13 8 6 5
675 Lin, Shu-Yen 4 50 24 8 7 6 4
676 Juipi Chien 4 50 19 10 8 4 3
677 Dr. Babasaheb Matsagar 4 50 26 14 6 4 0
678 Yun Hsiao 4 49 6 5 4 4 4
679 Chung-Kuang Chou 4 48 16 9 7 4 3
681 kuo-chun yeh 4 47 11 7 4 4 3
682 Chi-Yen Yin 5 46 10 8 6 6 5
683 Pablo Deza Blanco 4 45 11 10 8 5 4
684 Chen, Guan-Jhou 4 45 14 13 9 5 2
685 Sandeep Chakraborty 4 44 16 10 10 8 0
690 Shih-Yao Lin 4 44 16 10 6 6 4
692 Shin-Fu Tsai 5 41 9 9 7 6 5
694 Hsuan-Yi Wu 3 40 14 10 10 3 2
695 Sheng-Wei Cheng 4 40 14 8 5 4 3
696 Po-Chen Wu 4 40 11 8 6 4 3
699 Yen-Hau Chen 4 39 10 9 6 5 4
702 Chung-Ching Huang 3 37 18 7 3 3 3
706 Hsuan-Yun Kao 4 37 9 7 6 6 4
707 Hung-I Lin 3 37 19 6 4 3 2
708 Shuen-Huei Guan 3 36 16 8 3 3 2
709 Yu-Han Chen 3 36 11 6 6 3 3
714 Chi-Sheng Shih 2 34 11 4 2 2 2
715 Yuting Shih 4 33 12 7 7 4 2
722 Zhong-Yong Chen 2 31 20 8 2 1 0
723 Ping-Hsuan Han 4 31 6 6 5 4 4
728 Hsiang-Ting Lien 3 30 13 11 3 2 1
734 童敏惠 3 28 12 6 5 2 1
735 Wei Chien Benny Chin 3 28 12 7 4 2 2
737 Yung-Lin Huang 3 28 5 5 4 3 3
745 Wenn-Chieh (Joe) Tsai 2 25 12 4 2 2 2
757 Chih-Chen Kao (高至辰) 3 23 5 5 4 3 3
766 Su-En Wu 2 21 15 2 2 1 1
769 Chih-Hsuan Chen 3 20 4 3 3 3 2
771 Jhih-Rong Liao 3 19 5 3 3 2 2
773 Hsin-Ruey Tsai 3 19 5 4 4 3 1
789 Yu-Jung Chen 2 15 5 3 2 2 1
792 LIN, Mu-Xing F. 林木興 3 15 6 5 3 1 0
795 Kai-Ping Huang 3 15 6 4 3 2 0
800 Hungyen CHEN 2 14 4 2 2 2 1
802 Chan, Pei-chen 詹佩臻 2 14 7 4 2 1 0
803 Liching Livy Chiu (邱力璟) 2 13 9 4 0 0 0
811 Chih-Chieh, Yu 3 12 3 3 3 3 0
823 Po-Yu Liu 1 9 9 0 0 0 0
824 She-Ru Kao 2 9 4 3 1 1 0
831 Vincent (Shiou-Chun) Wang 2 8 6 2 0 0 0
833 Dang Tuan Hiep 2 8 4 2 1 1 0
834 Luis Roncero Mayor 2 8 6 2 0 0 0
841 Ying-Han Chang 2 7 4 2 1 0 0
847 Huang-Hsuan Lin 1 6 2 1 1 1 1
850 Chia-Hsuan Hsu (許嘉軒） 2 6 2 2 1 1 0
872 Naihsin Li 1 4 2 1 1 0 0
914 Wen-Ta Li 1 1 1 0 0 0 0
