1 Carlo Croce 216 214173 6412 5576 5046 4473 4008
2 Richard K. Wilson, Ph.D. 150 183224 22520 8443 6442 6028 4589
3 Klaus Honscheid 141 130290 14370 9559 7169 5928 5312
4 Richard E. Petty 134 109820 9114 8899 5430 5429 4990
5 Elaine Mardis 119 88287 6276 6022 4275 3536 2413
6 Albert de la Chapelle 132 84020 3170 2558 2517 2495 2104
7 Clara D. Bloomfield, MD 134 82743 12754 3974 3797 2504 1853
8 William T Abraham 111 80234 6211 5262 4096 3506 2316
9 René Stulz 101 77967 4495 3426 3417 3264 2928
10 Andrew F. Hayes 49 71672 17181 15132 11526 5375 4944
11 Bharat Bhushan 114 64627 2471 1735 1606 1560 1402
12 john C. Byrd 109 62502 9691 1810 1547 1311 1203
13 Michael W. Browne 48 48478 22662 6668 3917 2090 1768
14 Russell H Fazio 84 43431 5151 2871 2549 1983 1781
15 James L Chen 73 42965 4164 2131 1757 1208 963
16 Dan Jones 99 41778 1687 1655 1077 1074 984
17 Yiying Wu 57 39943 10002 8872 3247 3244 1605
18 Timothy M. Pawlik 92 38389 5741 1181 989 719 468
19 Purnima S Kumar 68 37788 4082 2098 2083 1590 1260
20 Brad J. Bushman 79 36335 3758 2544 2181 1580 912
21 Stephen Park 61 34722 1840 1454 568 502 185
22 Jennifer Crocker 71 34565 5962 5939 3164 1729 1658
23 Michael Weisbach 49 33526 5309 3684 2839 2746 2741
24 Julian Thayer 83 30446 1566 1163 1093 1065 1020
25 Bin Gui 82 30412 2130 2112 1645 1645 1489
26 David Woods 85 29141 2153 1120 904 824 795
27 Ulrich Heinz 86 28846 1307 1173 1048 988 880
28 Chandan K Sen 89 28851 2211 1301 853 606 529
29 Douglas M Lambert 48 26180 3856 3844 3643 3502 2639
30 Alex Sparreboom 91 26155 1285 930 613 562 479
31 Richard Fishel 73 24933 3230 2495 2398 828 597
32 Stuart Cooper 81 24840 826 809 624 589 572
33 Raymond A Noe 50 24797 2295 2281 2189 1747 1583
34 Raphael Pollock 82 24534 1621 1105 622 510 508
35 Jeanie (Chun Ning) Lau 52 24164 8567 1397 1107 987 873
36 Paul Stoodley 64 24144 4485 2529 1484 888 827
37 Haikady N Nagaraja 51 23737 7832 2838 2050 922 520
38 Hojjat Adeli 90 23709 906 541 527 454 364
39 Antonio J. Conejo 76 23072 1166 959 775 744 651
40 Yasuko Rikihisa 65 22321 6413 1756 533 414 397
41 Savita Khanna 80 21946 1271 606 529 485 464
42 Michael Stamatikos 78 21663 1218 950 866 642 595
43 Steven K. Clinton 62 21566 2634 1796 1176 682 640
44 James W. Davis 68 20747 2930 860 773 665 548
45 Kevin M Passino 61 20638 3166 2635 1053 719 655
46 Duane Wegener 45 20516 6402 1762 1517 1126 867
47 david bromwich 67 20392 4493 848 609 419 344
48 Ellen Peters 62 20215 2832 2824 978 921 818
49 Roy J Lewicki 44 19658 3451 2975 2098 1520 936
50 Qingqing Wang 51 19543 1129 948 172 145 133
51 john sheridan 74 19291 3486 830 664 542 488
52 Steven J. Spencer 43 18899 3209 1848 1289 1142 717
53 Robert J. Lee, Ph.D. 63 18279 1346 810 720 662 510
54 William S. Marras 72 18279 884 851 631 448 440
55 Mikhail (Misha)  Belkin 31 18276 6118 3307 2826 759 533
56 Krzysztof Mrózek 68 18081 1547 681 646 640 620
57 Sharyn Baker 68 18043 1757 1642 877 720 478
58 Ness Shroff 68 17927 847 775 671 590 590
59 Mohit Randeria 65 17638 1600 1117 858 599 453
60 Jonathan Finlay 70 17447 1013 635 526 344 333
61 Eric Anderman 45 17033 1394 1334 1092 915 839
62 Steven J. Schwartz 75 17008 604 503 400 340 302
63 Jianjie Ma 59 16883 6417 526 501 313 266
64 John H. Kagel 60 16572 2535 1132 839 628 568
65 Guo-Liang Wang 60 16409 2319 757 560 536 528
66 Josh Goldberger 36 16246 2176 1840 1551 1487 1313
67 Steven Reiss 50 16198 2932 1839 1400 1160 1041
68 Bernadette Mazurek Melnyk 51 15975 2665 1889 1658 586 481
69 Norton H Neff 69 15867 882 463 446 389 389
70 Jiyoung Lee 55 15774 1038 615 231 210 200
71 DeLiang Wang 65 15760 1081 455 445 444 443
72 Michael Racke 64 15610 1554 662 571 426 416
73 Paul J Goodfellow 58 15523 1475 1326 1023 631 446
74 Oded Shenkar 51 15383 1981 1726 954 780 663
75 laura justice 71 14879 517 463 421 405 340
76 Randolph Moses 42 14443 2914 2825 1988 639 410
77 Warren Dick 62 14426 521 490 481 454 395
78 John F. Beacom 64 14416 1673 550 379 374 335
79 Orlando Simonetti 44 14381 3040 2480 1357 555 474
80 Rolf F Barth 57 14146 1231 835 449 446 348
81 Dhabaleswar K. Panda 56 13881 420 396 380 257 221
82 W. Berry Lyons 64 13624 762 507 451 354 290
83 Srinivasan Parthasarathy 59 13538 1459 397 341 313 306
84 L.F. DiMauro 53 13535 1120 994 887 597 490
85 Umit Ozguner 51 13489 2139 856 519 406 307
86 Phillip Popovich 58 13290 1266 864 733 659 631
87 Gerald S. Frankel 56 13095 1324 1171 436 370 343
88 Sharyn D. Baker 62 13059 1642 402 352 284 277
89 Barbara L. Andersen, Ph.D. 63 12976 675 633 444 438 436
90 P Sadayappan 58 12916 819 368 258 255 244
91 William Farrar 55 12910 1583 958 608 444 436
92 Hesham El Gamal 46 12795 1401 1288 991 682 618
93 Zhengyu Liu 59 12779 606 473 430 375 289
94 Abhay Satoskar 59 12767 1315 620 368 318 304
95 David Gordon Stroud 59 12491 729 616 515 377 295
96 Hal R Arkes 47 12729 2529 735 683 600 544
97 William Carson 61 12407 1259 1031 436 378 367
98 Michael W. Davis 57 12183 836 733 640 579 561
99 Shang-Tian Yang 63 12099 420 332 221 217 198
100 Daniel Gauthier 57 11945 923 661 618 506 385
101 Zhong-Lin Lu 60 11777 512 460 417 359 314
102 JOHN CHRISTMAN 56 11670 1241 620 599 549 440
103 Veronica J Vieland 43 11606 1563 1317 1108 570 464
104 Xiaodong Zhang 58 11513 552 528 486 382 368
105 Aleix Martinez 35 11462 3933 3156 870 328 208
106 C.K. Shum 50 11431 1642 799 428 337 332
107 Yuji Kodama 51 11356 1763 781 471 463 431
108 Vicki Wysocki 55 11370 974 852 416 342 339
109 Sanjay Krishna 50 11167 308 285 246 226 221
110 WC Benton 42 11160 2690 753 720 708 695
111 Michael Bevis 51 11100 1947 988 546 368 353
112 Kalpana Ghoshal 46 11051 2562 697 642 473 464
113 Jeffrey D. Parvin, MD, PhD 54 11043 593 565 553 529 429
114 Larry S. Schlesinger 56 10931 674 582 452 371 317
115 Dale Shane Smith 14 10924 9174 577 486 179 177
116 Edward J. Malecki 52 10903 2039 363 359 341 325
117 Dongbin Xiu 35 10866 3027 1325 1051 1013 557
118 Jiang Li 25 10854 5855 1764 831 383 156
119 John Howard 45 10821 2129 906 751 528 450
120 Matthew B Sullivan 54 10712 1143 995 462 455 450
121 Leonard Brillson 54 10621 997 416 288 205 152
122 Greg M. Allenby 40 10610 1584 789 730 559 418
123 Peter J Mohler 52 10566 1014 730 688 345 313
124 Russell Lonser 52 10559 1165 499 411 315 307
125 Eric Nelson 48 10503 814 770 583 463 405
126 T. V. (Babu) RajanBabu 60 10473 1016 533 296 294 291
127 David R Cole 55 10419 698 484 445 338 233
128 Michael D. Slater 51 10369 1000 597 508 426 415
129 Tamal K. Dey 50 10362 1438 640 435 327 326
130 George Billman 48 10359 690 664 516 489 409
131 Theodore Beauchaine 50 10315 1131 657 633 538 476
132 Luanne Hall-Stoodley 32 10278 4485 888 802 548 371
133 David Blau 43 10135 817 809 599 528 479
134 Yuri Kovchegov 45 10126 1426 835 481 426 422
135 Todd A. Thompson 56 10081 811 483 395 358 321
136 Guramrit Singh 30 10066 262 189 156 109 102
137 R. H. Wagoner 53 10054 727 414 307 301 249
138 Peixuan Guo 55 9980 433 313 301 254 250
139 Michael J. Mills 58 9937 271 238 231 231 178
140 Alan Randall 45 9930 932 650 600 496 436
141 Howard J klein 39 9756 1559 658 653 643 643
142 Prasun Sinha 43 9698 1165 1000 622 464 406
143 Pearlly Yan 50 9696 1146 532 363 305 248
144 Michael Ibba 51 9652 1139 700 291 264 257
145 Pei-Hui Lin 32 9650 6418 526 266 111 92
146 Thomas M. Best 56 9639 573 558 395 258 257
147 Daniel Wozniak 48 9551 916 500 444 431 387
148 Alper Yilmaz, PhD 26 9392 5304 626 555 516 331
149 Igor B. Zhulin 46 9372 1600 618 441 405 367
150 Umit Ozkan 54 9370 759 249 235 235 189
151 Nicholas Denko 43 9363 1461 1018 470 383 375
152 Sebastian König 19 9714 7759 894 99 96 91
153 a kahraman 53 9327 605 380 357 329 304
154 Morton E. O'Kelly 40 9300 972 935 832 565 465
155 Ahmed Yousef 48 9249 739 600 354 336 293
156 Yunzhi Wang 56 9213 409 297 276 264 188
157 David W. McComb 38 9167 3659 258 220 208 204
158 Christopher Wolters 26 9103 1362 1067 816 784 643
159 John Gunn 50 8983 624 587 583 404 359
160 James E. Bauer 48 8935 569 520 477 392 346
161 Allison Ann Snow 50 8888 616 408 396 385 326
162 Harvey J. Miller 40 8880 1521 676 656 562 478
163 Nicola A. O. Zanesi 35 8872 1526 1189 726 718 549
164 Randy Hodson 50 8800 744 470 440 339 324
165 Christopher Ellison 49 8769 667 342 323 291 291
166 James T. Austin 27 8672 2373 2285 857 573 546
167 Anish Arora 41 8635 1037 767 413 387 353
168 Stephen A. Petrill 51 8614 762 380 364 288 260
169 Jay Kandampully 37 8520 1132 813 535 530 489
170 Philip Schniter 39 8486 1288 1059 960 560 260
171 Dan Levin 36 8473 1132 839 658 568 475
172 Roger Goddard 23 8472 2193 1389 740 590 590
173 Carl Schmidt 43 8414 789 433 404 323 277
174 Christopher M Hadad 52 8405 321 234 206 180 177
175 James Phelan 33 8327 1976 1396 814 417 385
176 Jin-Fa Lee 47 8296 1240 433 428 358 218
177 David E. Somers 40 8287 698 685 580 543 514
178 Rudy Buchheit 45 8284 751 686 515 388 363
179 Daniel A Herms 37 8285 3376 321 293 198 192
180 William Eveland 38 8268 1003 554 407 392 368
181 Alan A. Luo 38 8259 765 754 387 365 302
182 Eylem Ekici 42 8107 948 942 856 336 328
183 Bern Kohler 42 8098 1052 576 427 419 419
184 Kathi Kemper 45 8008 577 337 307 269 241
185 Norman F. Johnson 27 8004 4866 407 248 242 147
186 Zhongtang Yu 45 7999 792 549 279 257 250
187 Claire Verschraegen 49 7957 427 426 293 194 188
188 Mark Partridge 50 7907 741 305 211 209 187
189 Simon M. Lin, MD, MBA 38 7881 1528 752 503 447 346
190 R. J. Furnstahl 51 7858 405 400 357 313 237
191 Robert A. Bornstein 52 7822 296 286 214 212 173
192 Yuri Pekarsky 43 7747 1189 692 397 312 240
193 Philip Binkley 38 7681 735 602 424 412 387
194 Igor Adamovich 49 7559 251 205 181 180 175
195 Nick Basta 42 7550 562 456 424 405 380
196 Roberto C. Myers 35 7526 2115 576 480 469 411
197 Nandini Trivedi 46 7499 599 378 326 319 288
198 Lu Zhang, 张橹 27 7460 1259 1119 737 636 401
199 Stephen Lessnick 40 7441 687 540 497 483 334
200 James Metzger 33 7434 912 800 493 480 458
201 Roland Kawakami 45 7400 555 388 384 294 249
202 Xiaorui Wang 37 7299 1539 658 400 294 230
203 Sheikh Akbar 42 7284 422 405 357 295 266
204 Mitchell Henry 42 7199 597 390 380 328 323
205 Jianhua Yu 44 7165 684 473 378 286 251
206 Paul ML Janssen 47 7137 769 366 199 163 142
207 Bhavik Bakshi 41 7137 795 371 349 282 262
208 Michael Tweedle 48 7132 280 252 236 223 213
209 Irina A. Buhimschi 48 7102 246 246 218 215 199
210 Jeffrey J Chalmers 52 7095 255 233 211 176 165
211 Thomas Santner 32 7097 2655 629 366 272 251
212 Janet Box-Steffensmeier 34 7044 2055 722 499 271 255
213 Vincent Daniel 29 7003 2940 727 384 370 291
214 Jan Schwab 45 6966 910 632 406 296 270
215 Benjamin T. Kopp 11 6936 6413 125 75 41 38
216 Ken Boyer 42 6935 621 440 380 375 344
217 Leonid Polyak 46 6918 1245 361 201 193 181
218 Yebo Li 45 6906 568 502 458 220 207
219 Jonathan Godbout 42 6885 596 420 351 350 335
220 T Bannerman 20 6861 2534 993 651 639 296
221 Ezekiel Johnston-Halperin 27 6856 2176 1144 504 411 222
222 Chia-Hsiang Menq 49 6839 299 266 232 209 205
223 Vincent J. Roscigno 41 6784 743 341 300 295 263
224 P. Chris Hammel 41 6763 798 504 504 434 276
225 Catalin Buhimschi 46 6745 246 199 195 184 171
226 John M. Herbert 36 6684 2221 771 372 233 155
227 Doru Michael Stefanescu 40 6679 602 317 285 215 175
228 Dehua Pei 51 6661 217 194 176 166 148
229 Fernando L. Teixeira 45 6639 254 235 199 199 194
230 Elena Irwin 30 6569 785 711 597 500 353
231 Wolfgang Windl 36 6510 2176 491 283 245 193
232 Marc J. Tassé 30 6506 1835 966 596 335 296
233 Doug Downey 26 6474 1010 932 724 476 475
234 H. Lisle Gibbs 48 6425 403 252 248 213 178
235 Jennifer Cheavens 38 6411 698 390 378 309 303
236 Stephen J. Page 37 6378 433 383 378 282 266
237 David L Tomasko 39 6361 652 636 518 293 260
238 Donald R Haurin 39 6328 567 375 310 297 297
239 Ian Howat 37 6312 463 437 414 395 371
240 Bryan C. Carstens 36 6294 584 466 457 383 364
241 Chack-Yung Yu 48 6163 417 270 200 188 182
242 Emily Patterson 34 6149 500 415 361 277 235
243 Ji-Cheng Zhao (J.-C. Zhao) (JC Zhao) 40 6115 502 288 241 208 205
244 Brian Roe or Brian E. Roe 33 6115 612 534 518 415 318
245 M Sumption 33 6069 676 210 192 163 151
246 Han-Wei Shen 42 6014 383 259 245 234 214
247 Ciriyam Jayaprakash 36 6004 524 396 320 290 273
248 Vincenzo Coppola, MD 27 6001 1358 793 660 556 259
249 Jay Myung 30 5978 1155 628 500 432 382
250 Tracy L. Tylka 40 5930 470 282 277 254 234
251 Donald Chakeres 44 5796 366 185 182 167 157
252 Joel T. Johnson 37 5793 1283 190 149 127 126
253 Daniel R Zeigler 12 5770 3271 1607 306 198 86
254 Dong Xuan 39 5726 639 352 275 223 202
255 Claudia Buchmann 21 5695 812 704 683 444 437
256 Andrea Serrani 36 5676 493 466 426 327 293
257 Heather C. Allen 40 5673 435 399 386 346 228
258 Martin Tusler 25 5669 1290 861 618 431 393
259 Bryan A. Whitson 32 5599 530 364 355 296 290
260 balveen kaur 40 5596 552 348 346 308 286
261 Brian Joseph 34 5579 607 420 407 396 329
262 Dana L. Haynie 30 5574 994 684 572 274 267
263 Marie-Catherine de Marneffe 25 5567 2267 720 582 258 230
264 Nicholas G. Hall 33 5560 826 492 357 314 201
265 Bryan Whitson 32 5555 530 364 355 296 290
266 Daniel Merfeld 37 5538 427 404 288 248 240
267 Jennifer Bogner 36 5524 432 294 281 258 256
268 Esmerina Tili 24 5513 1242 1189 643 275 274
269 David Dean, Ph.D. 37 5512 479 436 264 181 172
270 Deborah S Nichols-Larsen 26 5502 1662 448 366 339 310
271 John Hummel 35 5495 821 565 375 244 231
272 Iris Meier 36 5481 1910 145 143 139 132
273 Christopher R Browning 31 5423 459 437 436 361 298
274 Glenn S. Daehn 38 5359 253 213 198 186 178
275 Audrey Papp 37 5347 496 482 361 278 237
276 Soledad Fernandez 40 5317 416 228 216 175 175
277 Baldwin Way 29 5291 1019 928 408 243 239
278 Stewart Shapiro 34 5288 822 687 454 318 195
279 Sudha Agarwal 42 5271 328 261 195 192 186
280 Thomas J. Goldsby 34 5234 446 443 361 318 288
281 Gerald Kosicki 24 5230 2104 509 500 324 251
282 Christopher Jaroniec 36 5213 520 339 302 294 270
283 Craige Roberts 23 5222 1420 619 564 381 317
284 Bruce A McPheron 34 5203 2306 226 201 121 118
285 Sandra K Kostyk 28 5201 1550 509 508 481 338
286 Jin Wang 29 5191 625 502 415 364 361
287 Li Wu, PhD 35 5184 742 590 394 355 233
288 Kellie J Archer 32 5157 640 388 327 287 265
289 Gil Bohrer 39 5152 447 330 309 207 183
290 Rajiv Shivpuri 42 5142 278 241 210 183 143
291 Silvia Knobloch-Westerwick 41 5135 332 310 183 168 167
292 Alicia L Bertone 43 5101 123 120 111 105 99
293 Elizabeth Davies 43 5086 323 215 193 186 164
294 Luc Lecavalier 34 5075 885 428 375 224 222
295 Dana McTigue 34 5068 733 602 422 370 328
296 Vidu Garg 28 5057 1134 1075 307 260 205
297 Michael A Freitas 38 5048 288 254 229 212 172
298 Steven M Steinberg 37 5039 518 429 245 224 171
299 VM (Bala) Balasubramaniam 35 4986 596 187 178 178 157
300 Taotao Qian 9 4958 1729 1132 571 528 456
301 Siddharth Rajan 41 4946 364 192 182 148 138
302 Ingrid M. Werner 27 4945 1427 613 313 294 223
303 Jacqueline D. Goodway 22 4940 2211 885 294 159 151
304 Jay A. Gupta 21 4932 2176 594 509 328 301
305 Kewei Hou 18 4888 680 622 612 573 419
306 Tim Haab 25 4885 1829 362 292 212 186
307 David Mackey 27 4883 1000 830 720 444 232
308 Eric Fosler-Lussier 32 4862 426 386 321 196 164
309 Michael T. Bailey 34 4843 468 420 338 320 252
310 Reed M. Johnson 24 4841 1474 477 354 333 223
311 Stephen T. Abedon 35 4836 435 332 324 280 271
312 Toshiharu Shinoka 29 4831 538 532 360 358 351
313 Scott Q Harper 24 4774 710 657 575 510 483
314 Ginny Bumgardner 36 4754 957 323 197 164 136
315 Waleed A. Muhanna 22 4729 1887 1003 306 278 153
316 Kentaro Fujita 23 4715 1023 549 372 311 253
317 Sarah E. Anderson 30 4679 503 368 349 325 310
318 Benjamin Coifman 30 4670 699 646 304 270 196
319 Kannan Srinivasan 21 4668 1274 1165 470 318 305
320 Fusun Ozguner 32 4605 856 231 225 208 198
321 Christopher Gelpi 26 4581 464 433 410 402 315
322 John F P Bridges 30 4545 553 425 315 172 168
323 Rumiana Koynova 37 4531 905 905 178 169 135
324 Joshua Dressler 28 4515 1438 230 230 222 202
325 Loren E Wold 34 4507 669 263 240 213 186
326 Caroline S. Wagner 27 4497 847 429 423 392 267
327 Shanna E. Smith Jaggars 32 4486 511 366 323 216 183
328 Thanh T. Le 22 4467 691 647 514 484 472
329 Amy Lehman 38 4447 304 174 155 155 152
330 Andy J. Fischer 36 4435 515 285 225 197 187
331 Moray J. Campbell 37 4406 287 230 201 198 176
332 Chi-Chih Chen 30 4396 341 266 224 197 142
333 Mark Arnold 32 4391 1063 592 253 183 127
334 Jaideep Anand 26 4378 549 505 405 392 342
335 Dr. Elliot Bendoly, Phd 34 4336 439 323 256 237 217
336 Katrina Cornish 37 4333 228 191 152 149 143
337 Takeshi Kurita 34 4316 306 293 253 241 210
338 Fengyuan Yang 33 4297 487 473 307 225 139
339 Donald Cruickshank 31 4297 610 356 224 215 195
340 Tom Darrah 26 4232 678 506 461 413 272
341 Yuan Lou 35 4229 529 269 140 131 105
342 Wondwossen Gebreyes 38 4224 385 224 139 117 117
343 Stephen Povoski 35 4211 397 218 163 162 121
344 Curtis Haugtvedt 26 4211 699 699 587 440 218
345 Philip Grandinetti 36 4206 455 309 270 185 150
346 Ewy Mathe 19 4201 1400 511 399 248 199
347 Jung-Hyun Kim 33 4169 587 321 303 231 168
348 Lee C Potter 30 4158 524 351 338 234 231
349 Hua Zhu 25 4153 1716 434 355 103 82
350 Laura Kubatko 29 4153 648 383 295 287 286
351 R. Keith Slotkin 28 4146 1305 688 358 161 155
352 Daniel Schoenberg 34 4102 744 410 227 193 175
353 Kenneth M Riedl 30 4097 1367 238 129 118 113
354 Phillip Ward 34 4083 902 216 159 123 118
355 John Horack 23 4060 989 653 478 301 202
356 Maria F. Gallo 39 4046 214 167 161 153 147
357 Gayle Gordillo 25 4045 1301 319 285 278 201
358 Farhang Pourboghrat 28 4043 1136 359 182 181 160
359 Christopher M Weghorst 35 4037 425 216 200 146 142
360 William Hayton 34 4032 384 166 157 113 111
361 William Carson III 33 4013 436 367 189 185 146
362 Tom A. Waite 34 4006 315 262 219 167 150
363 mira l  katz 38 3962 204 130 129 121 119
364 Sarah J Schoppe-Sullivan, Ph.D. 35 3962 401 299 295 221 219
365 Elizabeth Marschall 30 3913 1232 261 202 172 166
366 Christine E. Beattie 32 3908 535 401 357 200 166
367 John V. Freudenstein 32 3903 766 429 235 186 154
368 Ramteen Sioshansi 32 3888 385 266 237 229 194
369 Jason C. Slot 19 3884 1429 793 498 243 173
370 David M Francis (TomatoLab) 40 3876 179 158 134 129 126
371 Anne Dorrance 33 3857 869 145 132 106 101
372 Stanley Gehrt 34 3850 282 266 233 228 214
373 David B Greenberger 25 3845 406 364 348 304 266
374 Costantino Benedetti, M.D. 28 3836 530 319 219 215 206
375 michael j boehm 28 3833 941 266 249 193 185
376 Sherman D. Hanna 30 3831 337 277 182 159 152
377 Douglass Schumacher 25 3818 789 583 379 230 206
378 Angelo A Alonzo 22 3805 828 564 360 258 202
379 Raghu Machiraju 33 3788 373 183 154 134 114
380 Thomas J. Hund 33 3778 323 179 155 147 135
381 Georgia Bishop 32 3769 314 306 237 201 190
382 Zachary M. Weil 32 3763 408 386 187 163 157
383 Ralf Bundschuh 31 3761 725 209 182 111 107
384 Ronald Pelletier 33 3758 307 288 197 164 119
385 Matthew Saltzman 33 3760 230 216 201 191 152
386 Sue Ferguson 27 3737 851 631 201 198 181
387 Hongping Zhao 29 3734 487 282 190 178 160
388 Kaiguang Zhao 27 3728 506 413 328 286 281
389 KAZIMIERZ M. SLOMCZYNSKI 30 3725 433 396 268 141 118
390 Vinay Puduvalli 31 3700 426 340 247 151 150
391 Lisa Yee 31 3691 416 270 216 209 196
392 Huiyun Xiang 35 3691 288 130 117 111 105
393 Ajit M.W. Chaudhari 28 3678 626 279 263 163 161
394 Maria Manta Conroy 12 3676 2288 748 206 121 71
395 Trisha Van Zandt 25 3672 644 546 302 227 181
396 Sameek Roychowdhury 25 3665 499 486 345 342 333
397 Brian M. M. Ahmer 28 3661 337 279 238 229 225
398 Atilla Eryilmaz 29 3644 512 358 357 217 153
399 Emanuele Cocucci 19 3636 1290 465 315 221 216
400 Ruth M. Barrientos 30 3630 294 281 238 226 220
401 Lara E Sucheston-Campbell 30 3620 339 254 209 177 173
402 Peter M Anderson 30 3593 409 320 278 236 166
403 Nancy A. Neef 33 3589 211 188 181 172 156
404 Joan Herbers 36 3585 451 213 203 141 136
405 R. Kelly Garrett 24 3581 815 435 387 262 167
406 Kristi Williams 21 3577 546 502 460 382 246
407 (Andrea Grottoli) AND (A G Grottoli) AND (Andrea G Grottoli) AND (Andrea G Grottoli-Everett) AND 31 3573 462 192 183 174 152
408 Charles Toth 27 3568 647 123 119 92 80
409 Marcelo Dapino 31 3562 240 163 125 113 106
410 Ruth Colker 33 3562 490 432 268 168 126
411 Mitch A. Phelps 28 3527 401 235 210 184 170
412 Darwin Lewis Conwell 36 3521 338 178 143 136 106
413 Nicholas Funderburg 30 3516 300 221 212 197 197
414 Joanne Turner 30 3512 352 285 253 179 152
415 Andrea G. Grottoli 31 3508 462 192 183 174 152
416 Kathleen Sandman 32 3501 244 216 209 199 175
417 Susan Olesik 34 3464 328 99 98 95 87
418 Peter V. Paul 30 3464 416 391 326 145 140
419 James Rocco 27 3460 594 379 166 149 143
420 FC Michel Jr 29 3456 283 222 192 179 161
421 Xue-Feng Bai 36 3453 152 140 124 120 119
422 Robert A. Magnussen 30 3448 248 238 225 206 204
423 Prosper Boyaka 32 3430 427 363 146 142 132
424 Dave Farson 31 3434 628 518 169 86 84
425 Elmahdi Elkhammas 28 3416 323 249 197 186 164
426 Bryan Mark 30 3407 545 190 188 176 170
427 Mark Galantowicz 28 3385 334 291 249 169 168
428 Scott Sweetland 19 3331 537 437 435 386 359
429 Derek J. Hansford 29 3295 400 213 201 187 172
430 Paul L. Reiter 31 3290 302 183 160 140 114
431 Jesse Fox 25 3290 409 398 330 211 201
432 Richard S Bruno 37 3289 178 130 115 113 98
433 Keely Croxton 15 3285 817 470 453 278 200
434 Stuart A. Ludsin 32 3273 314 278 211 197 127
435 Jialin Lin 24 3269 672 439 250 224 219
436 Thomas J. Magliery 29 3268 393 299 227 215 183
437 John D. Clapp 31 3246 196 157 147 142 116
438 Erik Porfeli 27 3242 678 454 206 176 151
439 Deborah Merritt 25 3236 606 241 228 187 167
440 Louise Rodino-Klapac 27 3233 405 372 217 165 159
441 David C. Flanigan 31 3219 295 219 218 209 169
442 Emre Ertin 26 3202 524 387 222 167 161
443 John Opfer 24 3193 866 271 208 184 148
444 Roger Crawfis 29 3178 322 290 261 148 146
445 Lai-Chu Wu 30 3172 684 220 182 127 127
446 Robert P Hoffman 26 3171 1161 213 154 123 117
447 Robert Burkholder 31 3133 246 191 156 142 114
448 Trevor L Brown 22 3119 510 442 351 325 221
449 Vadim Fedorov 28 3111 299 275 274 132 123
450 Barbara Keyfitz 30 3111 496 342 151 146 124
451 Barbara Wyslouzil 33 3114 253 167 136 106 104
452 Andrzej Kloczkowski 32 3098 165 164 94 78 77
453 Andrea Doseff 31 3068 519 239 169 164 149
454 Wu Lu, Professor 27 3059 256 233 166 138 130
455 Shili Lin 27 3038 367 269 119 91 87
456 Christopher w  Bartlett 17 2983 1317 264 188 181 151
457 Mikhail Gavrilin 26 2966 400 239 205 179 158
458 Marcos Sotomayor 21 2968 511 477 264 208 188
459 Alexey Palamarchuk 21 2962 692 240 200 191 190
460 Ana Morales 27 2962 295 190 184 169 148
461 Keith J. Gooch 28 2952 300 255 246 202 155
462 Matthew Penny 25 2950 868 290 220 95 68
463 Darla Munroe 27 2952 396 380 202 146 144
464 MAHMOOD KHAN, M.Pharm, PhD, FAHA. 33 2948 163 149 147 145 134
465 Carroll Glynn 27 2938 362 357 153 149 132
466 Darcy Haag Granello 31 2937 662 157 123 114 95
467 Ann Scheck McAlearney 30 2935 219 219 177 137 119
468 Zucai Suo 31 2928 370 133 123 109 105
469 Rob Siston 29 2913 295 259 219 163 147
470 Jolynn Pek 15 2907 1933 394 98 86 64
471 E. Douglas Lewandowski 31 2906 427 131 128 126 120
472 Kelly Wrighton 22 2902 410 335 321 220 159
473 Itzhak (Zahi) Ben-David 21 2902 879 320 167 151 149
474 Zheng (Joyce) Wang 27 2894 417 263 165 155 152
475 Santiago Partida-Sanchez 24 2887 470 403 291 203 200
476 Henri Moscovici 23 2882 495 378 367 125 117
477 Derek Houston 24 2872 807 284 125 122 117
478 Linda K. Weavers 30 2863 264 244 194 165 149
479 Frederick A. Villamena 32 2853 172 147 115 83 77
480 Shahid Nimjee 21 2851 909 306 188 128 128
481 Yuhong Yang 22 2843 379 251 235 174 162
482 Ritu Salani 26 2842 370 243 159 131 127
483 Pierluigi (Enrico) Bonello 30 2841 169 164 127 125 115
484 Mark P Foster 28 2821 277 199 146 140 127
485 Samuel Clark 24 2820 223 220 217 203 180
486 Ulysses Magalang 23 2813 507 194 193 175 171
487 Matthew J. Mayhew 28 2811 333 236 173 146 136
488 Becky Mansfield 30 2802 366 256 222 203 125
489 Karen Goodell 14 2802 1709 256 172 100 88
490 Mitchell H. Grayson 22 2798 453 403 210 177 172
491 Clara Lee 21 2798 1533 180 106 88 62
492 Kichoon Lee 21 2786 841 417 266 143 65
493 Kubilay Sertel 28 2785 160 135 113 89 85
494 Neal Hooker 25 2777 362 269 153 144 134
495 John Lenhart 19 2764 346 287 228 224 211
496 Shayne Piasta 26 2739 279 233 203 193 184
497 Terri D Fisher 24 2718 318 181 180 164 158
498 Anthony Brown 27 2712 313 246 153 151 137
499 Michael Wilkins 26 2688 335 321 189 159 119
500 Marvin Batte or Marvin T. Batte 22 2683 518 362 173 133 109
501 Woodbridge A. Foster 28 2667 409 146 119 100 96
502 Feng Qin 19 2642 413 396 391 190 187
503 Rebecca Walker Reczek 17 2640 680 518 395 168 112
504 Steffanie Wilk 13 2635 831 325 279 225 213
505 Antonio J. Ramirez 26 2630 209 139 130 109 101
506 Terry Niblack 30 2625 284 137 126 101 98
507 Bridget Freisthler 27 2620 288 243 171 144 134
508 Saravana Kumar 21 2618 532 90 88 83 80
509 Cameron Rink, PhD, MBA 26 2598 606 216 171 139 99
510 Clifford Beall 21 2594 386 231 220 171 171
511 Halil Sezen, Professor 27 2588 277 262 170 104 102
512 Boris Mityagin 28 2583 332 124 111 98 87
513 Jeffrey H. Cohen 22 2579 388 339 193 180 151
514 W. A. T. Clark 25 2576 307 225 209 181 166
515 lai wei 21 2573 538 497 335 143 112
516 Stephen J Kolb 27 2558 256 219 182 155 153
517 Jeffrey Jay Walline 28 2560 309 223 181 166 129
518 Cosmin Blaga 18 2549 349 348 331 215 195
519 rachel Stanley 24 2549 853 170 123 116 88
520 Mohamed M Ali 22 2574 620 190 164 148 101
521 Facundo Memoli 23 2544 274 265 201 146 140
522 Thomas E. Nygren 16 2545 653 568 345 336 79
523 David Johnson 23 2527 207 139 115 114 107
524 Brenda Lilly 25 2513 503 254 232 189 116
525 Murugesan Rajaram 23 2513 647 245 193 172 115
526 mehmet caner 20 2512 817 425 225 191 108
527 Can Emre Koksal 21 2501 366 303 301 194 165
528 E. J. Behrman 28 2488 188 147 108 84 76
529 Jeffrey E. Froyd 21 2486 299 280 271 204 133
530 Michael L. DeKay 24 2484 441 269 167 157 122
531 Kim L McBride 26 2475 417 188 183 170 147
532 qianzheng Zhu 27 2452 234 152 149 145 119
533 Francis. L. Fluharty 31 2449 135 127 108 106 94
534 Bradley J. Needleman 27 2444 201 139 136 134 125
535 Isil Erel 15 2443 652 486 455 168 124
536 Patrick McConnell 20 2435 544 314 190 183 140
537 Ian Krajbich 14 2433 531 312 302 222 195
538 Debra  Goff 27 2422 267 146 104 102 101
539 Qi-En Wang 30 2419 234 152 145 111 99
540 Tanya Menon 14 2419 607 420 414 245 200
541 Jonathan P Pelz 31 2412 228 111 104 97 93
542 Marcus Kurtz 21 2402 564 217 174 141 127
543 Dennis Bong 20 2395 1106 197 84 83 81
544 David W. Wood 24 2390 254 223 175 153 145
545 W Gary Allread 14 2378 847 630 273 156 90
546 Annika Peter 27 2378 413 276 234 103 76
547 Richard Christensen 25 2376 181 133 95 93 74
548 Qiuhong Wang 27 2372 262 172 125 105 98
549 Aravind Asthagiri 28 2374 267 196 110 109 96
550 Li Zuo, PhD 29 2358 167 149 136 113 103
551 Carolyn M. Sommerich 21 2340 276 263 200 182 151
552 Rebecca Andridge 20 2340 546 213 161 147 137
553 Pil Jung Kang 18 2329 721 263 193 189 135
554 Sandip Mazumder 22 2317 392 331 232 114 101
555 Somashekar Krishna 15 2292 751 723 77 62 57
556 Andriy E. Belevych 22 2283 453 257 253 139 123
557 Bear Braumoeller 16 2275 768 290 228 205 119
558 Paolo Gabrielli 25 2274 411 221 132 131 73
559 Lei R. Cao 15 2273 1457 157 51 50 48
560 Roman Skoracki 29 2261 127 123 119 106 94
561 Zhiqiang Lin 23 2258 259 219 175 166 158
562 Mark A Merrick 19 2255 245 227 180 179 147
563 Mark T Ziolo 30 2250 142 102 100 95 91
564 Carlos Miranda 22 2247 462 204 187 155 152
565 Doreen Agnese 22 2245 666 218 151 121 119
566 Navjotsingh Pabla 19 2241 942 226 151 138 83
567 Shari R. Speer 22 2240 394 303 232 199 183
568 joseph h haritonidis 20 2233 355 340 257 183 125
569 Saleh Tanveer 27 2233 154 122 113 109 108
570 Joerg R. Jinschek 24 2229 237 214 150 109 95
571 Stephen Thung 26 2231 184 180 148 137 136
572 Ronald X. Xu 25 2224 94 82 80 78 76
573 Yusu Wang 25 2215 193 149 137 127 112
574 James M. Hood 17 2211 595 284 213 198 192
575 Farrukh T Awan 25 2209 264 220 155 104 80
576 Joshua A. Englert, MD 14 2203 1399 204 151 75 73
577 Hai-Jun Su 28 2206 150 128 92 82 72
578 debbie guatelli-steinberg 26 2202 225 178 131 122 119
579 Douglas E. Crews 26 2196 226 182 103 102 84
580 Jeffrey Lakritz 27 2186 177 132 88 84 78
581 James Peck 22 2184 294 226 212 175 143
582 Pierce Anderson Paul 25 2168 160 148 104 101 94
583 Gunjan Agarwal 19 2156 1026 159 112 104 82
584 Jia (Jasmine) Hu 14 2156 886 335 186 105 97
585 Christopher Oakes 24 2151 171 165 136 133 108
586 Steven K. Lower 19 2139 525 421 134 113 107
587 Brian C. Keller 13 2125 308 290 287 287 228
588 Xiaolin Cheng 26 2124 141 140 124 118 116
589 Claire M. Kamp Dush, Ph.D. 21 2119 431 272 227 151 117
590 Michael White 24 2114 329 157 127 116 90
591 Jeffrey Hazey 25 2110 342 201 110 104 102
592 Susan Moffatt-Bruce 21 2111 351 269 201 165 147
593 Kramer Akli 26 2108 192 135 109 94 84
594 Jihun Hamm 18 2109 534 407 258 235 122
595 Courtney Denning-Johnson Lynch 27 2103 179 118 112 104 92
596 Jos C.N. Raadschelders 23 2100 336 161 128 111 96
597 Theodore T Allen 19 2095 468 265 236 229 108
598 Kaifeng Jiang 13 2099 886 261 259 197 186
599 Philipp Rehm 21 2094 384 342 188 166 111
600 Li-Chiang Lin 25 2076 314 186 139 117 92
601 Dan Shu 23 2075 254 180 157 142 128
602 patrick roblin 23 2073 153 113 107 106 101
603 Jay Martin 24 2069 180 171 151 128 110
604 Scott Schwenter 23 2064 172 143 125 121 117
605 Chad Rappleye 22 2056 291 243 216 125 116
606 Ian Sheldon 24 2054 196 177 121 81 76
607 Erik Nisbet 19 2054 390 341 194 138 137
608 Steven M. Quiring 24 2048 277 176 155 93 88
609 Kyle Porter 24 2037 224 110 107 102 101
610 Levent Guvenc 24 2035 333 121 95 94 78
611 Bhagwan Satiani 27 2033 165 124 87 71 69
612 Larry M Jones 19 2032 440 229 156 154 128
613 Guido Mislin 22 2031 512 118 76 76 71
614 Brian Rotman 16 2029 644 246 209 203 191
615 Peter M. Shane 27 2025 165 138 112 99 82
616 Dan Burghelea 24 2024 173 148 111 106 96
617 Deliang Guo 20 2012 206 200 190 174 172
618 Daniel R. Strunk 19 2022 545 189 173 139 119
619 Brian L. Foster 29 2020 105 105 97 82 80
620 Siddharth Singh 19 1996 124 70 59 52 41
621 Yizhou Dong 22 1991 262 258 188 171 167
622 William Cirocco 18 1987 553 285 176 166 108
623 Hatice Gulcin Ozer 15 1979 726 503 110 79 65
624 Jos CN Raadschelders 22 1981 336 161 128 111 96
625 Jeff Sharp 20 1967 386 128 127 122 117
626 Fuhai Li 22 1967 599 117 104 103 85
627 Dean R Lillard 22 1966 212 180 174 163 96
628 GW Allison 13 1957 991 233 184 117 111
629 Christopher D. Taylor 19 1959 333 283 170 109 79
630 Xueliang Pan, Ph.D. 23 1956 295 162 117 101 82
631 Michael Guy Poirier 24 1956 129 127 127 119 105
632 Vicky Doan-Nguyen 15 1955 494 449 232 120 78
633 Anand Desai 16 1953 409 367 294 205 83
634 G. Thomas Watters 20 1950 231 209 141 133 107
635 Dustin G. Mixon 23 1946 154 132 130 120 106
636 Jessica Winter 22 1944 420 242 134 125 85
637 Stephen N.  Matthews 19 1939 484 238 121 116 101
638 Syed Husain 16 1934 502 342 176 158 141
639 Andrew Leber 14 1928 417 357 254 137 127
640 Linda Michel 12 1926 402 304 233 217 210
641 Lakshmi Prasad Dasi 22 1920 192 141 132 101 79
642 Robyn Warhol 19 1920 439 277 158 154 126
643 David Nagib 6 1906 739 714 312 56 48
644 Michael Durand 26 1905 162 147 108 101 90
645 Edward W. Hill 20 1904 416 237 121 99 94
646 Sudarshan Jadcherla 26 1904 92 90 86 81 79
647 Yuan-Ming Lu 21 1896 494 273 109 108 95
648 Casey R. Wade 18 1897 665 225 124 112 110
649 Stacy Ardoin 18 1868 592 180 113 104 102
650 Christopher Hans 11 1866 439 322 268 241 196
651 En-Ju D. Lin 22 1860 246 221 208 145 132
652 A Ameri 21 1859 236 210 161 114 114
653 Steven W Culman 19 1857 396 262 161 152 124
654 Ryan King 22 1849 331 255 114 110 91
655 Lisa Christian 20 1849 281 258 207 119 110
656 Ronald M. Reano 21 1846 596 129 112 77 74
657 Vicki L. McGovern 18 1846 514 217 190 175 156
658 Sandip Bapat 9 1841 1037 387 222 68 26
659 richard samuels 21 1836 248 173 146 146 122
660 Nilendu Gupta 22 1827 207 178 140 135 130
661 Hosam El Sayed 20 1825 386 225 218 76 65
662 James W. Gregory 24 1818 214 103 102 98 73
663 Catherine A . Calder 21 1803 395 178 154 107 100
664 Erin Talbert 14 1800 312 285 214 177 153
665 Yvonne Goddard 15 1799 740 558 75 69 58
666 Paul J. Healy 13 1794 1215 100 95 72 67
667 Rajendar deora 21 1789 171 146 143 141 112
668 Julien P. Nicolas 14 1784 848 224 189 81 79
669 Michael Neblo 21 1774 315 279 165 136 136
670 Wei Zhang 22 1767 194 141 111 94 92
671 Dario Palmieri 24 1765 204 158 114 113 100
672 Lei Bao 20 1766 215 169 142 129 114
673 Jesse J. Kwiek 23 1761 380 240 137 75 70
674 Marymegan Daly 21 1761 345 134 82 79 70
675 Joseph K. Goodman 9 1759 1126 338 110 42 36
676 Enhua Tan 13 1755 528 206 202 174 142
677 Robert Bond 7 1759 1399 146 83 73 16
678 S. R. Thompson 21 1753 473 259 80 53 49
679 andrea tedeschi 17 1748 554 282 151 130 119
680 Jacob S Yount 22 1736 237 228 227 99 97
681 Michael Glassman 19 1733 405 163 117 85 70
682 Rami Khayat 24 1728 137 104 102 101 96
683 Helen Cannella-Malone 21 1725 220 202 169 113 85
684 Suzanne  Bartle-Haring 26 1718 150 110 92 90 88
685 Nrusingh Mohapatra 17 1713 647 131 130 108 94
686 Ian Hamilton 23 1714 212 94 91 84 79
687 Brian Mittendorf 23 1712 145 115 100 93 81
688 Dylan Wagner 15 1711 662 111 110 89 86
689 Hassan Aly 17 1710 813 327 82 57 52
690 Vimal Narula 21 1707 342 201 114 110 99
691 Wei Zhang 21 1699 199 149 131 124 111
692 Kyle Perry 21 1696 201 197 121 98 89
693 Kris Gremillion 21 1696 196 181 153 101 84
694 Alicia Bunger 12 1687 859 301 187 49 48
695 Jiang Wang 21 1686 174 173 107 102 79
696 Sizolwenkosi Mlotshwa 14 1667 398 313 148 127 117
697 CM Jaworski 13 1666 576 225 167 147 134
698 Aaron Arehart 25 1663 150 128 89 67 64
699 Deanna L. Wilkinson, Ph.D. 18 1661 279 152 148 148 141
700 Michael A. Arnold, M.D., Ph.D. 17 1661 316 316 150 118 99
701 Renzhi Han 19 1656 274 184 160 138 103
702 R. Thomas  Boyd 21 1652 561 133 102 97 92
703 Yulong Xing 19 1644 242 186 179 177 105
704 Yinqian Zhang 14 1646 553 280 160 158 119
705 RI CUI 22 1641 204 142 131 99 93
706 Angela Pedroza MPH 19 1638 224 169 151 135 121
707 John Buford 21 1636 221 174 130 105 84
708 Alvaro Montenegro 18 1632 504 250 138 103 91
709 Joel Wainwright 20 1630 253 205 124 83 78
710 Robert Merritt 17 1633 718 203 93 76 66
711 Wuyang Hu 19 1624 188 137 133 129 86
712 Rajiv Ramnath 17 1621 387 222 126 57 50
713 Luciano M Prevedello, MD, MPH 19 1620 738 168 46 45 42
714 Virginia Richardson 24 1619 233 78 73 67 64
715 Mingqun Lin 18 1618 414 218 171 95 80
716 Keith Redmill 21 1618 209 149 103 96 80
717 Sarah Brooks 18 1616 315 160 143 136 120
718 Jonathan Davis 25 1608 97 73 72 70 68
719 Ana-Paula Correia 19 1608 298 155 138 104 85
720 Ovidiu Costin 20 1603 207 124 119 73 56
721 Kudryashova Elena 20 1596 200 183 170 137 94
722 Svetlana Tikunova 22 1585 283 210 104 97 73
723 Joel Mayerson 23 1579 148 125 99 79 68
724 Eric C. Bourekas 21 1573 127 104 103 103 101
725 Christopher A. Taylor 19 1566 368 160 141 132 79
726 Anne E Carey 23 1560 213 181 107 76 71
727 Radu Teodorescu 16 1557 381 325 152 118 83
728 Leah McHale 16 1556 616 122 97 73 62
729 Corinne Reczek 15 1551 535 315 100 69 66
730 Richard McClead 23 1549 129 126 113 101 82
731 Jeffrey B. Jacquet 17 1527 293 151 147 133 94
732 Graeme E. Smith 19 1527 340 127 58 54 53
734 Jackie M. Blount 14 1527 531 199 144 131 85
735 Taewan Kim 19 1524 403 116 99 97 93
736 Comert Kural 13 1521 591 276 132 119 96
737 Nicholas A. Brunelli 20 1516 245 137 108 103 90
738 Dawn Kitchen 18 1514 237 193 190 162 100
739 Yong Gyu LEE 26 1512 96 83 79 63 61
740 Carlos Ernesto Castro 17 1504 455 191 128 115 62
741 Marcello Canova 18 1483 179 85 84 68 60
742 Dan Christie 18 1480 268 167 143 108 77
743 Juan Crestanello 22 1480 150 85 70 66 58
744 Min Zhou 23 1478 152 137 112 88 80
745 Jonathan W. Song 10 1471 278 222 215 194 173
746 Tzachi Zach 15 1469 321 161 154 139 113
747 Kate Karelina 19 1469 255 137 89 87 87
748 Judith Tonhauser 17 1474 317 211 120 84 80
749 Julie Golomb 16 1465 595 149 111 93 62
750 Benjamin Campbell 12 1461 413 335 192 133 60
751 Jack McNamara 23 1461 147 116 108 71 65
752 Carlos E. Alvarez 19 1451 195 192 148 132 103
753 Jian Chen 17 1448 159 151 144 122 117
754 Abigail Norris Turner 22 1448 198 78 76 69 69
755 Jennifer Schwartz 17 1446 335 166 134 91 75
756 Jun Liu 17 1436 653 117 82 54 40
757 Christopher Daddis 13 1436 437 232 125 124 116
758 David Ussiri 14 1435 214 180 165 128 118
759 Mark Hubbe 18 1422 164 143 80 76 73
760 Amanda Bird 21 1411 233 106 97 89 88
761 Udo Will 15 1407 505 183 86 72 69
762 Brian Hilligoss 13 1406 433 328 186 96 65
763 Marcel Yotebieng 17 1403 578 101 91 58 48
764 Vijay Pancholi 19 1397 261 111 109 96 94
765 Michael D. Bond 19 1395 205 144 132 106 86
766 Brian Lower 20 1390 203 186 111 107 92
767 Rolando Valdés Aguilar 17 1385 215 195 158 139 127
768 Stephen R. Niezgoda 19 1377 207 145 83 83 82
769 Mohan Wali 21 1373 169 105 73 65 60
770 Seppo A. Korpela 18 1360 221 136 102 87 72
771 Matthew E. Brock 16 1361 632 96 62 61 51
772 Andrea D. Sims 7 1357 1200 40 36 18 11
773 Xuan V. Nguyen 15 1354 346 198 138 119 107
774 Manoj Srinivasan 13 1353 486 351 114 48 46
775 Sarah Rudolph Cole 17 1353 304 167 122 100 93
776 Jeffrey M. Bielicki 18 1354 202 202 103 68 63
777 Katherine Meyer 17 1348 336 148 139 111 54
778 James Wirth 16 1340 243 171 136 100 80
779 Zichen Xu 19 1336 154 104 82 71 47
780 Andrew Van Buskirk 8 1331 328 243 238 198 197
781 Ji Young Yoo 22 1328 131 116 91 62 62
782 Susan E Cole 16 1328 521 147 119 65 62
783 Samir Ghadiali 23 1322 84 84 78 74 64
784 Albert M. Lai 15 1321 260 164 142 102 56
785 David C DeAndrea 16 1321 330 190 176 106 99
786 Osei Appiah 17 1318 217 157 136 118 89
787 David Fuhry 10 1316 722 191 150 49 48
788 Ryan L. Harne 16 1316 627 64 46 32 31
789 Kathryn Campbell-Kibler 16 1313 248 146 137 119 82
790 Ronaldo Casimiro da Costa 19 1312 195 93 80 72 70
791 Praveen Kumar Gopala 7 1305 991 115 78 73 17
792 John P. Fulton 22 1303 86 78 56 55 45
793 Richard Yerkes 23 1303 169 70 55 45 40
794 Hari Subramoni 20 1298 133 125 78 65 63
795 Seung Hyun Kim 20 1293 104 101 100 94 94
796 Eric Seiber 19 1294 117 98 95 79 75
797 Paolo Fadda 12 1285 726 102 99 79 53
798 Robert Lount 18 1282 184 128 94 93 87
799 Mahesh Illindala 20 1272 161 114 109 61 57
800 Alistair Harrison 17 1264 173 141 123 109 78
801 Jennifer Mitzen 8 1267 738 172 169 77 55
802 Rachel Garshick Kleit 18 1259 175 155 150 96 80
803 Mohit Bhatia 19 1257 163 151 144 103 87
804 Yijun Zhu 19 1256 190 105 99 91 60
805 Christopher Stewart 18 1253 230 201 145 57 56
806 Qing Lou 20 1244 275 123 110 62 60
807 David C. Evans, MD, FACS 20 1466 223 93 89 70 53
808 Mark Beadles 11 1238 693 148 82 79 49
809 Ann D. Christy 12 1237 464 211 109 65 44
810 Asimina Kiourti 18 1236 192 150 72 72 58
811 David Lindsey 21 1235 93 69 59 55 53
812 Jeremy T. Bruskotter 21 1232 96 82 81 69 68
813 Maryam Lustberg 18 1226 485 90 81 51 49
814 Dmitri Kudryashov 20 1218 183 136 79 74 55
815 Grant L. Jones 17 1217 122 110 95 82 80
816 Huamin Wang 19 1216 169 118 113 83 79
817 Reena Oza-Frank 16 1212 145 135 82 79 76
818 Patricia Enciso 20 1212 106 105 82 69 61
819 Thomas F. Mauger 12 1198 566 134 107 78 43
820 Lixin Ye 15 1193 364 128 119 80 71
821 Elizabeth G. Klein 21 1191 204 87 45 43 40
822 Sarah MacEwan 16 1190 269 169 89 83 68
823 Bradley M. Okdie 13 1186 366 159 116 104 103
824 Zongdi Feng 16 1186 252 147 122 84 76
825 Jayajit Das 16 1186 306 135 98 94 60
826 John V. Gray 14 1185 403 215 96 94 64
827 Weidong Li 19 1177 117 111 60 59 57
828 Selin A Malkoc 10 1175 465 140 125 120 110
829 Xin Feng 16 1174 193 149 118 110 91
830 Rob Scharff 11 1166 593 218 77 49 48
831 Hans Klompen 17 1164 241 105 96 85 72
832 shivraman giri 11 1159 396 242 182 64 44
833 Peter Lee 18 1160 120 100 85 74 73
834 Roselyn J. Lee-Won 13 1159 555 118 96 67 67
835 Ming Yin 21 1154 138 99 64 58 56
836 sabrena noria 13 1153 227 198 141 86 86
837 Fuqing Xu 14 1144 458 117 81 66 63
838 Judith Tate 20 1145 130 118 76 73 67
839 Lin Ding 14 1144 344 215 134 114 41
840 Jennifer Thomas-Ahner 19 1142 152 120 89 71 71
841 Sarah Hayford 19 1141 170 117 98 78 59
842 Scottye J. Cash 17 1140 335 103 85 72 62
843 Daniel Albert Mendelsohn 12 1139 320 178 107 98 86
844 Laura Wagner 20 1137 133 102 101 86 65
845 Heidi Wagner 14 1137 416 178 107 63 60
846 Spyros Blanas 10 1135 488 190 167 127 50
847 David Renton 14 1128 342 125 110 70 67
848 Heather L Chandler 19 1129 115 105 66 63 61
849 Ningchuan Xiao 19 1121 116 94 73 72 69
850 Minghua Li 17 1118 153 115 110 84 75
851 Skyler Cranmer 17 1114 280 99 75 66 61
852 Thomas L. Sporleder 14 1114 193 92 86 62 60
853 Kou-San Ju 16 1112 325 197 122 67 42
854 jyoti katoch 10 1111 678 136 89 48 31
855 Jill M Bystydzienski 16 1110 199 108 108 107 98
856 Kevin Mason 15 1108 290 123 93 83 73
857 Suzanne Gray 16 1103 415 107 75 75 52
858 Shibi B Likhite 10 1102 462 155 106 90 87
859 Elisabeth Dowling Root 14 1103 278 138 130 116 95
860 Manjula Karpurapu 20 1095 109 87 66 64 63
861 Barry Shank 11 1093 580 133 128 45 36
862 Sree Harsha Srikantaiah 16 1081 307 148 93 86 61
863 Christopher Andersen 10 1082 550 129 92 86 54
864 Zachary D. Schultz 20 1077 68 64 62 58 54
865 Waleed Khalil 18 1071 116 63 49 48 47
866 Seyed Hashem Mousavi Avval 14 1069 230 131 100 92 82
867 Mahmoud Abdel-Rasoul 18 1068 228 74 62 59 58
868 Justin D Chaffin 12 1068 570 81 70 66 65
869 Mary Dillhoff 10 1067 440 312 55 35 35
870 Bo Guan 19 1061 122 95 95 64 61
871 Karen Patricia Williams 18 1058 179 141 93 60 53
872 Lawrence Andrew Shirley 14 1054 189 147 125 91 90
873 Anuradha  Kalyanasundaram 15 1048 365 132 71 60 50
874 Brian Slater 16 1046 276 132 129 77 50
875 Stephanie Di Stasi, PT, PhD 14 1046 228 117 112 98 95
876 Yiming Zhong 12 1046 304 193 169 79 64
877 Raj K. Shrestha, Ph.D. 16 1046 158 120 105 91 54
878 Ann Cook 18 1044 113 91 91 74 70
879 Daniel Chow 18 1045 99 85 73 72 67
880 Parvez Alam, Ph.D 22 1037 122 68 62 48 41
881 Sarah A. Keim 18 1032 90 89 75 74 57
882 Leah Pyter 20 1030 91 88 66 64 55
883 Timothy Huerta 18 1030 156 80 60 52 43
884 Naduparambil Jacob 13 1027 342 93 78 68 64
885 David M. Hix 16 1025 103 102 71 59 57
886 Karla Strieb 16 1024 197 180 180 123 123
887 Robert Joseph Davis 14 1021 297 127 113 106 57
888 Daniel G. Stover 15 1018 164 143 117 101 93
889 Hiroshi Nakanishi 13 1018 336 99 77 76 66
890 Patrick Vaccaro 14 1018 537 49 29 29 29
891 Brandon Turner 16 1015 116 90 86 71 64
892 Hamdy Awad 15 1014 253 175 65 56 55
893 Daniel Gallego-Perez 20 1010 69 58 50 47 47
895 Rachelle M.M. Adams 15 998 263 105 91 72 72
896 Ramiro Berardo 14 997 272 201 102 71 65
897 Kotaro Nakanishi 12 991 219 213 126 72 62
898 Seuli Bose-Brill 6 989 831 56 54 21 6
899 Ross C Larue 15 985 217 193 117 86 62
900 George A. Kyriazis 13 984 180 133 130 99 97
901 Changcheng Jiang 4 985 490 330 84 75 4
902 Wendy R. Panero 19 983 116 80 71 62 45
903 Glenn Martinez 16 981 137 104 89 81 55
904 Sebastian Kurtek 15 977 101 71 71 70 70
905 Andrew S. Hanks 14 977 219 143 97 90 72
906 Nicoleta Roman 10 975 444 134 100 61 59
907 Stéphane Lavertu 16 976 323 124 108 40 32
908 Nimish Shah 17 973 110 103 92 85 85
909 Michael Barton 17 967 103 98 79 74 73
910 Xiaoyi Lu 16 965 78 57 50 49 49
911 Mohamed H. Abdel-Rahman 16 962 254 85 63 61 49
912 Cäzilia Loibl 16 959 83 80 72 64 56
913 Theresa Early 15 959 301 109 87 84 53
914 Cynthia Colen 11 956 187 129 125 111 93
915 Erica Hlavin Bell 15 951 229 229 213 79 61
916 William E. Peterman 18 950 114 95 66 54 44
917 Alok Sutradhar 15 948 203 137 134 105 54
918 Joshua B. Daniels DVM, PhD, DACVM 18 941 131 80 56 55 52
919 Kui Xie 15 939 182 152 93 91 72
920 Shaurya Prakash 14 937 135 98 90 80 69
921 Enam Chowdhury 16 934 200 59 58 48 47
922 Jian Zhu 15 932 154 100 96 94 74
923 Hiroyuki Hirai 16 930 148 146 120 90 70
924 Peter Craigmile 17 929 133 89 70 63 53
925 Mark Moritz 19 926 67 54 46 45 43
926 Franco Barchiesi 15 923 228 80 52 41 35
927 Kai Zhao 14 920 255 143 74 61 46
928 Michelle Johnson-Motoyama 17 910 140 86 58 56 51
929 Brian A. Turner 15 909 192 126 73 63 31
930 Anne Kloos, PT, PhD, NCS 16 911 164 163 142 115 74
931 Helena G 15 909 108 46 45 33 31
932 Neelam Soundarajan 16 905 101 98 60 55 44
933 Andrew A May 16 904 173 97 79 75 67
934 xiujie xie 16 904 95 94 86 71 57
935 zhaogang yang 20 898 70 50 47 44 40
936 Elizabeth Allen 16 900 240 112 74 68 45
937 Jeffrey Sutton 20 898 84 61 48 47 43
938 Kannan Srikanth 9 891 330 217 84 67 53
939 Ani Katchova 17 889 160 73 49 39 39
940 Nicole A Young 17 888 170 158 53 49 48
941 Motomu Ibaraki 16 889 141 119 87 74 50
942 Alice Gaughan 17 889 153 84 71 68 55
943 David S Lee 7 888 659 145 28 28 9
944 Rafael A. Corredoira 10 885 240 236 128 104 49
945 David Barker 15 883 193 102 85 80 51
946 Qirui Zhang 15 881 159 112 99 91 51
947 Elizabeth Kirby 11 880 245 119 97 95 67
948 John G. Oas, MD 14 878 186 110 102 82 68
949 Eric Toman 14 876 160 115 97 68 50
950 Robert Gates 18 874 134 57 47 43 36
951 Jennifer Leight 9 872 254 242 105 76 55
952 Timothy Landers 14 872 316 98 76 60 41
953 Julie K. Bower, PhD, MPH, FAHA 12 869 321 119 85 60 49
954 Liang Guo 13 868 316 102 80 65 46
955 Jean Starr 8 867 590 59 45 44 31
956 Lauren Pintor 12 866 342 102 68 57 53
957 dave farson 15 864 91 89 86 84 57
958 Jerome A Johnson, PhD 14 863 139 124 83 64 58
959 W. David Arnold, MD 18 859 106 83 66 61 61
960 Jingbo Zhao 12 860 164 149 117 90 73
961 Guzin Bayraksan 12 863 155 131 96 91 82
962 Sreeram Potluri 16 857 118 70 55 53 46
963 Amy Darragh 16 855 120 67 62 59 58
964 Anirban Banerji 8 855 719 38 22 14 14
965 Ola Ahlqvist 14 854 118 96 90 90 78
966 Erick Blomberg 11 852 258 258 218 86 86
967 Maryanna Klatt 12 852 334 108 55 50 45
968 Emma Wu Dowd 7 848 447 174 152 20 19
969 Tyler Grassman 16 847 117 76 72 45 43
970 Jessica Logan 16 842 67 56 44 41 39
971 Laurence Robert Gore 7 842 421 258 55 44 39
972 Devina Purmessur 15 842 141 113 93 82 57
973 Holly M. Brothers 14 836 157 106 75 66 62
974 Rebecca A. Daly 9 836 292 278 97 40 38
975 Sabine Jeschonnek 17 834 118 118 79 60 56
976 Jose Otero 13 833 235 206 56 47 37
977 Ning Li 17 834 133 132 51 36 34
978 Lisa M. Hall 14 833 121 119 76 70 68
979 Evelyn Guirado 15 834 135 114 92 77 55
980 Ming-Feng Hsieh 17 832 88 74 66 64 51
981 Audrey H. Sawyer 17 827 101 97 68 67 55
982 SRIRAM SATAGOPAN 12 817 226 180 106 81 42
983 Agustí Muñoz-Garcia 14 816 255 96 48 46 44
984 Ric Simmons 13 814 186 130 89 86 60
985 Jinwoo Hwang 17 813 99 66 58 53 50
986 Julie S. Field 16 812 129 98 95 46 45
987 Hea-Jin Lee 10 813 430 155 30 30 29
988 Deborah M Grzybowski 12 801 317 95 73 65 49
989 Jennifer Anne Sinnott 12 800 270 100 53 43 42
990 Alicia Terando 10 802 155 122 104 101 80
991 L. Robert Baker 15 800 121 108 64 63 47
992 Mingzhe Yu 14 799 113 86 74 70 69
993 Melissa T Buelow 13 798 363 45 41 39 32
994 Mingzhai Sun 13 797 165 141 110 95 34
995 Micha Elsner 15 795 83 68 66 63 61
996 H. Allen Klaiber 14 795 143 114 78 46 46
997 G. Matt Davies 16 793 132 64 62 57 55
998 elizabeth a  dayton 12 793 119 99 99 95 69
999 Abraham Badu-Tawiah 17 788 84 75 68 54 52
1000 Joel D. Barker 10 786 343 112 82 62 44
1001 Rachel Kopec 13 785 150 118 83 81 59
1002 Russell S. Hassan 14 787 189 132 92 46 41
1003 Daniel Pradel 11 784 189 150 108 75 64
1004 Tondi M Harrison 9 779 392 221 30 25 14
1005 Hillary Shulman 10 778 423 70 69 39 38
1006 Zakee L Sabree 15 778 192 162 67 48 38
1007 Ayman Fayed 15 774 175 73 47 41 36
1008 John H Bolte IV 15 775 94 78 47 47 45
1009 Hui Zhang 14 773 166 157 68 52 48
1010 Chan Ho Park 9 771 184 132 96 81 61
1011 Keith Warren 12 770 267 150 58 53 42
1012 Kristin L Mercer 13 769 112 89 74 67 62
1013 Tiantian Cui 14 768 278 64 62 45 40
1014 Kathryn Lenz 13 764 177 160 101 81 62
1015 Lucia Casadei 13 760 160 125 107 93 55
1016 Frederick Aldama 13 759 70 65 45 41 37
1017 Stephanie Moulton 13 754 152 98 78 45 41
1018 Alexandar L Hansen 14 753 95 94 77 72 55
1019 Bernadette Hanlon 12 753 105 104 92 85 84
1020 Nikole Patson 9 751 408 89 83 37 25
1021 marcel J casavant 16 748 97 47 43 35 35
1022 Barbara Piperata 15 746 80 80 58 56 55
1023 Arunark Kolipaka 15 743 77 76 64 52 41
1024 Donald W. Rucker 8 742 348 103 82 59 52
1025 Mike Vuolo 14 741 96 90 90 54 53
1026 Hannah Shafaat 15 738 124 123 72 45 43
1027 Jason M. Zimmerer 14 737 128 108 67 50 49
1028 Samer El-Dika 11 737 190 186 54 35 33
1029 Matthew Kahle 14 736 104 97 74 70 68
1030 Choong Hee Lee 12 727 133 131 87 73 69
1031 Jan Lang 13 726 175 75 63 57 40
1032 Daniel Spakowicz 12 725 199 113 88 73 53
1033 Chris Robinson 12 723 218 91 73 71 41
1034 Christopher C Coss 12 723 170 152 59 50 31
1035 Karthikeyan Krishnamurthy 11 722 175 146 103 66 58
1036 Zeynep M Saygin 10 721 159 155 116 77 66
1037 Shuting ZHAO 14 719 90 87 76 74 49
1038 DINESH AHIRWAR 18 717 55 54 51 42 41
1039 Debra Barnette 11 716 165 152 105 76 57
1040 Wei Xu "Coco" 16 715 92 64 62 62 52
1041 Harpreet Singh 13 710 90 87 72 67 58
1042 Caglar Yardim 14 709 105 76 56 55 53
1043 gautam shalini 11 709 108 104 99 94 92
1044 Matthew C. Roberts 13 709 129 68 60 52 36
1045 Gabriella Modan 8 708 250 169 99 68 29
1046 Junxin Shi 14 708 101 51 49 37 30
1047 Aravind Chandrasekaran 14 706 243 98 52 41 29
1048 Declan Smithies 13 705 107 85 79 78 78
1049 Matthias S. Klein 14 703 113 107 81 77 51
1050 Zhenghua Luo 11 698 165 99 93 69 66
1051 Junliang Xu 10 697 331 81 52 43 43
1052 William MacDonald 11 697 172 78 71 71 60
1053 Yaogang Zhong 14 697 185 93 40 39 38
1054 Nathalie Maitre 15 694 68 68 58 48 47
1055 Janet Weisenberger 14 694 96 76 47 39 39
1056 Seongsu Jeong 8 690 290 116 96 78 45
1057 Tansel Yilmazer 13 687 103 76 69 65 64
1058 Sanjay K Chugh 13 687 93 92 82 73 65
1059 Rachel Cianciolo 14 682 202 50 38 34 30
1060 Don Hubin 14 681 111 83 61 54 52
1061 Ziqing Qian 15 679 67 67 62 59 52
1062 Alexandra Tsvetkova 7 679 579 24 17 13 12
1063 J. Marshall Unger 13 675 110 97 74 73 37
1064 Joachim Moortgat 16 673 83 44 40 38 36
1065 Francesca Cottini 13 672 117 110 82 67 47
1066 Maiko Suzuki 13 669 77 71 66 65 56
1067 Sanggu Kim 10 666 253 124 72 50 41
1068 Qingning Zeng 8 663 150 107 82 78 72
1069 Ajay Shah 12 662 221 60 57 41 35
1070 Raef Bassily 11 662 154 95 73 54 47
1071 Kevin David Evans 14 660 86 71 49 34 30
1072 Baofeng Ma 12 659 224 88 69 55 45
1073 Julie A Reynolds 11 659 251 72 64 48 40
1074 ye xia 11 658 193 113 77 74 45
1075 Pinak Tulpule 14 657 147 114 78 39 35
1076 Jan Pierskalla 12 657 194 154 63 46 34
1077 Dominic Papandria 14 654 115 112 99 39 38
1078 William Cantara 7 652 438 70 37 37 26
1079 Youwei Wang 11 652 104 94 82 69 59
1081 Michael Go 11 642 114 61 60 56 53
1082 Karen Irving 15 642 87 81 65 48 37
1083 Xiaolan Luo 13 644 131 67 65 63 55
1084 S. Mazeika P. Sullivan 15 638 78 52 50 38 35
1085 Kai Ma 8 635 192 123 88 69 68
1086 W Ashley Griffith 14 635 83 68 64 62 46
1087 Daniel S Eiferman 13 634 83 56 53 45 42
1088 Tara A Pelletier 5 629 466 54 48 37 19
1089 Tuguldur Sukhbold 10 626 202 121 112 39 30
1090 Mary E. Thomas 13 624 109 96 76 62 60
1091 Ayaz Hyder 7 623 209 169 108 67 21
1092 Amer Rajab 13 617 197 72 40 26 25
1093 Yongyang Cai 15 616 166 69 43 35 33
1094 Paul Rose 12 616 177 90 39 38 38
1095 Jeremy Brooks 11 616 211 113 86 37 29
1096 Bonnie K Harrington 10 615 264 98 79 39 30
1097 Jessica K Lerch 11 614 155 137 97 49 40
1098 Kasturi Ganesh 13 615 115 67 62 43 40
1099 Chuan Xue 13 605 98 89 59 45 41
1100 Ayse Selen Yilmaz 6 604 503 35 20 17 14
1101 Zahida Qamri 9 604 136 116 90 89 63
1102 Fatih Akyol 15 603 104 92 63 51 48
1103 linda mizejewski 11 602 150 109 75 47 35
1104 Richard A Bradley 17 598 59 58 37 36 36
1105 Shamsul Arafin 14 594 60 47 45 43 42
1106 Kahwash, Samir 12 594 135 64 46 28 25
1107 Huanxing Yang 13 590 119 78 60 44 43
1108 Gulsah Akar 10 589 189 123 60 28 28
1109 Dhvanit Shah, Ph.D. 15 587 70 65 54 48 38
1110 Macdonald Wick 15 587 79 47 34 33 27
1111 Lori Dalton 14 586 69 55 53 50 37
1112 Rebecca B. Dupaix 12 584 124 100 79 41 38
1113 Joseph B. Bayer 10 584 147 147 98 34 32
1114 Elizabeth M. Griffith 10 582 158 132 70 45 39
1115 Wenjing Sun 14 581 81 71 69 64 47
1116 Asela Wijeratne 12 581 94 85 84 59 51
1117 Laura Kenyon 6 579 197 166 93 87 21
1118 Robert W. Smith 6 579 414 94 27 16 15
1119 Philip Mazzocco 9 577 154 130 96 50 25
1120 Tara Borlawsky 10 576 154 85 43 39 22
1121 Chris Pincock 12 574 138 110 43 35 25
1122 Jun Zhang 11 574 112 51 46 41 40
1123 HOBIN JANG 14 573 58 50 49 45 34
1124 Derek E. Sawyer 10 571 102 86 85 68 68
1125 Austin G. Meyer 12 566 135 80 55 44 31
1126 Soheil Soghrati 15 564 69 46 42 40 33
1127 Ching-Shan Chou 15 562 90 87 42 34 33
1128 Ryan Winston 15 562 77 46 41 39 34
1129 Carolyn Gunther 9 561 189 73 62 57 31
1130 Tom Zhang 15 560 62 61 53 48 42
1131 Congcong Lu 7 561 164 149 117 80 25
1132 Christopher J. Walker 15 560 80 50 38 33 31
1133 Joshua D. Hawley 11 558 184 81 44 26 26
1134 Alison Norris 9 556 173 147 59 18 14
1135 Andrew Gledhill 9 555 113 100 98 72 68
1136 Kandamurugu Manickam 10 555 170 71 62 54 36
1137 Angelika Poesel 13 554 139 64 52 44 30
1139 Megan E. Roberts 11 550 107 97 68 52 32
1141 Samuel C. Wordeman 11 548 106 72 68 59 35
1142 Patricia M Dennis 14 548 104 44 43 36 36
1143 Katy Proudfoot 11 544 117 73 61 61 50
1144 Anthony Parker 8 543 200 72 61 59 51
1145 Seidt Jeremy 12 542 111 50 49 42 27
1146 Peter Sayer 11 541 119 74 66 63 54
1147 Mithun Sinha 12 541 124 67 62 56 55
1148 Marat Khafizov 13 538 124 54 43 37 30
1149 James S Blachly 12 539 92 47 43 40 34
1150 Rebecca Dore 8 537 423 22 17 16 16
1152 Amit Sharma, PhD 11 535 117 90 62 51 50
1153 Fan Yang 14 536 82 72 58 48 43
1154 Arielle H. Sheftall (nee Weldon), PhD 12 533 104 88 71 59 51
1155 Maciej Pietrzak 12 530 87 78 67 63 45
1157 Michele Patak-Pietrafesa 6 529 162 132 75 61 50
1158 Deepika Singh 11 527 71 54 54 48 47
1159 Ronald Charles Inglehart 9 524 209 83 49 32 27
1160 Ashleigh Maxcey 7 520 197 81 58 55 50
1161 Daniela A. Miteva 10 519 218 81 47 43 42
1162 James R. Borchers 10 517 151 99 56 45 41
1164 Jill K. Clark 12 515 112 52 38 27 25
1165 Craig McElroy 10 514 123 86 70 64 36
1166 Cynthia Burack 11 512 83 62 59 41 40
1167 Xue Tao Bai 14 511 73 73 50 42 30
1168 Youngjoo Yi 11 510 78 75 73 52 35
1169 Scott L. Graves Jr. 12 509 59 52 51 43 38
1170 Sherif Abdel-Misih 9 509 197 98 31 30 24
1171 Emily martini 9 507 94 85 85 72 48
1172 Santino Carnevale 11 507 94 86 59 43 32
1173 David Hoelzle 12 506 61 55 54 52 38
1174 Bin Ni 6 506 193 117 65 63 50
1175 Yanan Zhao 7 504 125 89 76 62 62
1176 Mandar Kathe 11 504 110 80 69 64 49
1177 Cameron Best 12 504 126 74 39 33 30
1178 Eric M. Shaeffer 6 499 193 148 96 32 10
1179 Daniel McKim 10 500 113 102 68 43 33
1180 Bryan Warnick 11 497 70 57 55 48 47
1181 Zhaobin Xu 7 499 163 122 89 46 40
1182 Jason R.Cowan 9 498 190 69 48 43 39
1183 Eric Katz 14 496 67 50 37 35 32
1184 Natalie Solonenko 8 495 126 102 100 100 65
1185 Yuanmei Ma 11 492 93 74 68 59 49
1186 Sankar Renu 10 491 169 89 60 38 28
1187 Rohan Adur 8 491 225 73 68 31 20
1188 Hannah Mathers 11 491 70 53 45 35 29
1189 David E Osher 7 491 159 116 77 66 37
1190 Steve Ting-Yuan Yeh 11 489 91 74 52 49 44
1191 Ludmila Isurin 10 487 108 69 58 52 48
1192 Micah Berman 12 483 73 45 37 25 25
1193 Hoi Nguyen 13 481 62 57 49 38 33
1194 Deb Kegelmeyer 10 482 164 45 43 42 37
1195 Kelly McNamara 11 479 79 75 40 40 39
1196 Elise Bui 7 479 103 101 91 69 47
1197 Carmen P. DiGiovine 13 478 65 55 54 32 31
1198 Gregory G. Knapik 11 477 86 84 50 40 33
1199 Bo Zhang 12 477 97 60 47 44 37
1200 Boon Ching Tee 12 477 125 60 46 32 31
1201 Nima Ghalichechian 11 477 87 56 42 37 33
1202 Song He 9 476 151 81 52 36 35
1203 Cynthia K. Buettner 12 475 83 56 37 36 31
1204 Stephen R. Boona 9 474 172 90 64 35 20
1205 Kelly M. Purtell 13 476 85 74 31 29 25
1206 Subhadip Ghatak 10 473 121 119 99 23 19
1207 Brian J Hansen 13 471 132 60 30 28 24
1208 Jeff Melvin 9 470 134 116 98 28 17
1209 Derek R. Miller 5 467 426 12 10 6 6
1210 David E Frankhouser 11 466 92 85 68 41 38
1211 Boian Alexandrov 13 465 54 41 29 27 27
1212 Bernadette Chen 12 465 80 72 51 44 43
1213 Jennifer McCallister 11 463 128 59 47 41 31
1214 Maryam Ghazisaeidi 12 463 63 58 47 45 37
1215 Sumithira Vasu 11 462 97 42 40 22 15
1216 Hongtao Yi 10 460 70 63 47 46 40
1217 Anne M Noonan 12 459 121 37 31 30 29
1218 Jonathan L Slaughter, MD, MPH 11 457 121 57 46 44 26
1219 Iyore James 11 457 102 69 53 25 23
1221 Weiyu Zhao 7 455 114 98 70 56 48
1222 Theresa M. Ferrari 11 454 137 48 34 28 26
1223 Chi Song 10 453 116 91 49 31 30
1224 Fabio Chiara 11 453 91 84 33 30 23
1225 Lingling Wang 11 453 63 62 58 48 38
1226 Hicham Labazi 7 452 200 103 61 22 21
1227 Fan Yang 8 451 140 87 69 40 37
1228 Lauren Squires 11 449 128 115 33 28 22
1229 Yang Wang 8 447 171 99 36 33 33
1230 Chi-Ling Chiang 13 446 50 43 39 37 36
1231 Hyung Rae Kim 5 447 146 80 69 64 63
1232 Kisha Radliff 9 444 154 116 52 23 23
1233 tzu-fei wang 10 445 96 86 54 50 48
1234 Chi-Yueh Kao 11 442 113 71 65 50 23
1235 Lawrence C Jenkins 10 440 149 79 33 30 28
1236 Adam C. Champion 11 439 129 60 58 24 21
1238 Amitava Das 10 440 124 115 40 31 29
1239 Kathryn Maguire-Jack 11 438 67 41 33 32 31
1240 Vincent Q. Vu 8 437 86 82 76 73 41
1241 Benjamin D Canan 10 436 90 86 52 50 33
1242 han jianfeng 10 435 87 59 56 41 30
1243 Appaso Jadhav 8 435 129 89 72 64 28
1244 ANTONIO CABRERA 8 431 87 77 71 52 48
1245 Michele Nielsen 8 431 206 61 46 39 37
1246 Richard Moore 11 434 94 54 27 27 23
1247 Gina M. Sizemore 7 430 146 108 81 23 17
1248 Steve Romig 6 428 213 137 16 12 8
1249 Christopher Jones 10 425 113 71 57 35 31
1250 Mahdi R. Yousefi 10 424 202 42 20 20 20
1251 Yaron Azrieli 12 422 100 42 37 35 33
1252 Przemysław Radwański 10 420 94 88 39 38 26
1253 Atsuko Uchida 11 419 107 57 43 37 30
1254 A.J. Londo 10 418 124 60 42 16 14
1255 Stephen M. Hovick 10 416 67 58 50 42 42
1256 Christopher Neese 11 416 69 48 36 31 30
1257 Sylvester Black 12 417 28 22 19 18 18
1258 Samir V. Parikh 13 416 65 37 35 29 26
1259 Ben Kaffenberger 12 417 79 30 30 23 23
1260 Michael Brooker 4 413 188 175 30 17 2
1261 Ibrahim Khansa 12 412 93 40 34 28 20
1262 Anna Willow 10 412 94 67 39 31 26
1263 saranga wijeratne 9 411 179 84 33 28 25
1264 Wendy Smooth 10 411 112 57 35 35 33
1265 Vibhor Krishna 13 405 30 29 26 25 23
1266 Wei-Ching Liao 10 409 166 50 33 32 25
1267 Lucia Helena Costigan 7 410 279 20 15 12 12
1268 Dmitry Tumin 10 412 91 27 21 16 15
1269 Sathya Gopalakrishnan 9 406 123 114 30 27 26
1270 Virginia Tompkins 9 405 128 77 61 29 21
1271 Peter Stanich 10 404 95 56 52 37 26
1272 Zhang Pu 12 404 59 46 41 35 32
1273 Anupam Vivek 10 403 60 52 33 30 26
1274 Dilip Singh 6 401 280 34 23 21 8
1275 Nicole Theodoropoulos 11 399 109 44 30 27 25
1276 Josquin Daron 5 398 261 45 32 28 26
1277 Milos Bujisic 9 397 98 56 51 44 29
1278 Jing Xu 8 397 155 103 52 19 18
1279 Randall Mathison 12 395 49 42 40 20 20
1280 Vishnu-Baba Sundaresan 12 394 36 32 29 22 20
1281 Rengasayee Veeraraghavan 11 394 54 50 49 48 35
1282 Yanan Huang 8 393 107 75 73 29 28
1283 David D. Tran 5 393 302 32 23 17 13
1284 John Brion 11 392 62 45 35 34 33
1285 Huan Sun 11 392 102 49 46 42 24
1286 Francesca Peduto Hand 10 387 88 52 49 36 27
1287 Robert Agunga 11 386 84 62 32 28 16
1288 Nicole Sintov 10 386 69 69 40 39 21
1289 Kartik Ramasubramanian 9 385 89 69 62 42 31
1290 Linlin Yang 12 383 64 45 40 38 33
1291 Jiwei Huang 7 381 94 80 67 67 25
1293 Mark H. Weir 10 381 105 53 27 23 21
1294 Jiashi Miao 7 381 169 87 28 28 18
1296 Rachel L. Neo 8 379 185 57 34 27 26
1297 Karen Dannemiller 13 379 63 48 45 37 33
1298 Marc P. Johnston-Guerrero 10 378 106 41 36 32 29
1300 Rizwan Ahmad 12 376 89 24 22 21 20
1301 Dan Mecklenburg 10 374 77 52 43 29 28
1302 Benjamin H. Friedman 13 374 54 28 25 25 23
1303 Benjamin Bolduc 10 372 79 76 62 31 26
1304 Hoda Hatoum 3 372 354 7 6 2 1
1305 Jared Coffin Talbot 9 371 84 80 59 43 30
1306 Katerina Vrablikova 8 368 87 49 46 42 32
1307 Samuel Bonsall 8 367 113 47 45 29 28
1308 Natalia Higuita-Castro 11 364 58 45 38 35 34
1310 Basavaraj Binjawadagi 11 363 75 41 30 29 27
1311 P. Cristian Gugiu, Ph.D. 10 365 71 64 56 39 35
1312 Smitha sasindran 10 363 124 36 33 30 30
1313 Michael Fraker 10 363 118 58 29 29 24
1314 Mounir Haurani 7 363 123 77 43 30 20
1315 Yungui Huang 10 362 71 45 42 40 23
1316 Richard Spinney 12 362 45 42 31 30 29
1317 Saima Shahid 9 362 210 29 27 25 18
1318 jiaming Hu 8 360 103 67 46 33 33
1319 Zahn Bozanic 11 359 46 45 44 38 31
1320 David E. Wallin 9 359 56 52 50 47 41
1321 Carlos Malvestutto 6 358 170 97 29 25 17
1322 Dawei Wang 9 350 80 69 64 26 16
1323 Priyankar Dey, MS, PhD 11 347 33 23 22 20 18
1324 Yakun Zhu 11 347 54 38 31 27 18
1325 Jennifer Harkness 7 347 100 81 68 26 24
1326 Damoun Ahmadi 8 346 135 85 35 25 20
1327 Fangfei Lou 8 346 88 77 66 33 23
1328 Huanyu Wang 10 346 59 53 48 33 31
1329 Fábio P. Leite, MBA, Ph.D. 8 345 80 76 68 26 22
1331 Aaron Moberly 9 344 64 27 23 23 23
1332 Byron Hamann 9 343 76 53 47 27 23
1333 René D Olate 10 342 44 41 30 26 25
1334 David J Young 7 342 158 71 39 25 19
1335 Karen Stansberry Beard 6 341 169 61 32 31 22
1336 Xun Liu 9 341 102 41 35 34 27
1337 Joshua J Joseph, MD 9 342 91 83 35 31 28
1338 Jon Erickson 10 338 59 42 32 24 20
1339 Riley Splittstoesser 10 337 53 40 33 31 30
1340 creagh boulger 10 336 100 42 33 33 20
1341 Jennifer J. Moreland 6 338 190 62 17 17 16
1342 Jinshan He 12 336 54 51 41 26 26
1343 Barbaros S Erdal 10 336 62 54 52 32 26
1344 Landon William Locke 9 335 64 64 56 26 26
1345 Nancy O'Hanlon 10 333 83 50 36 26 25
1346 Chen Kang 12 331 36 29 27 25 24
1347 Sue L Sutherland 11 332 36 24 23 19 18
1348 Abdollah Shafieezadeh 10 331 41 32 30 28 26
1349 Vishesh Karwa 10 331 103 31 29 28 21
1351 Alexander E. Marras 8 330 128 62 51 28 19
1352 Vladimir Kogan 10 332 41 40 37 31 26
1353 Swapna Priya Rajarapu 6 327 131 89 33 29 23
1354 Lise Worthen-Chaudhari 6 327 211 53 23 8 8
1355 Ajay D. Yadav, Ph.D. 5 325 128 84 83 17 5
1356 Shireen A. Woodiga 7 325 85 55 53 49 21
1357 Amanda Girth 6 325 127 81 49 32 14
1358 Lin Zhao 8 325 78 47 46 45 36
1359 King-Yeung Lam (Adrian) 11 325 41 41 39 35 27
1360 Amy C Gross 6 324 208 46 28 13 10
1361 Maria-Soledad Benitez 8 323 74 64 40 30 30
1362 Lu Zhang 9 321 69 67 49 30 23
1363 Giovanni Nigita 9 319 131 131 30 26 25
1364 Amanda Agnew 9 319 54 33 23 23 20
1365 William McCulloch 11 319 58 48 38 29 27
1366 M. Roxana Sierra-Hernandez 6 319 111 95 53 25 17
1367 Elizabeth L. Black 8 317 105 50 43 34 21
1368 Shannon Winnubst 8 313 94 54 41 35 23
1369 Nan Hu 8 312 100 34 34 26 18
1370 Graham Dixon 8 312 94 38 37 35 29
1371 Christopher Tonra 9 312 107 41 34 30 23
1372 Rongjun Qin 11 312 53 32 32 21 19
1373 Jodie Hall 9 312 91 43 41 34 29
1374 Lifeng Zhou 6 310 128 62 51 28 12
1376 Zhenhua Chen 10 309 34 27 24 21 19
1377 Jessica Krok-Schoen 10 309 31 23 22 17 17
1379 Vasudha Chaurey Shukla 7 307 67 67 42 42 39
1380 Vinayak Vishnu  Pagar 7 307 129 64 44 28 16
1381 Bethany Boettner 10 306 87 32 29 29 27
1382 Meng Wei (孟威) 7 304 77 69 58 38 27
1383 Amanda Lea Robinson 8 305 87 49 35 33 21
1384 Hanna Cho 9 303 52 49 42 29 27
1385 Roger Allen Williams 11 303 46 33 25 24 23
1386 Matthew Reilly 10 302 38 26 25 22 21
1387 Shameema Oottikkal 9 302 85 68 67 15 13
1388 Yunqiu (Kelly) Luo 5 302 196 39 31 17 10
1389 Kristin M Stanford 8 302 124 49 33 21 20
1390 Niru K Nahar 10 302 38 36 20 16 13
1391 Wu Ge, PhD 10 301 68 41 32 29 23
1392 Sarah Moore 11 299 27 27 25 20 19
1393 xiang cheng 9 293 56 53 52 26 20
1394 Jessica L Irons 9 297 71 65 42 27 20
1396 David A. Liebner, MD 12 297 35 33 33 25 23
1397 Gary Kennedy 9 296 106 29 29 24 18
1398 Michael Essandoh 8 296 109 70 13 11 10
1400 Changjin Hong 7 295 77 61 46 36 19
1401 David Melamed 10 294 77 18 17 16 16
1402 Shelly Hovick 10 294 29 27 23 22 22
1404 Letitia E. Kotila 8 294 70 53 51 40 18
1405 Tasleem Padamsee 6 294 120 104 25 19 9
1406 Chenhu Sun 8 292 98 31 30 26 23
1407 Jing Han 5 292 215 28 15 14 9
1408 Abhishek Gupta 8 291 125 34 23 21 16
1409 Yun-Seok Kang 9 292 47 45 23 20 19
1410 J.K. (Jiankang) Wang 7 291 141 77 17 11 10
1411 Sasigarn Bowden 7 290 97 90 23 16 14
1412 Christopher B Gardner 8 290 65 59 37 30 25
1413 Zichen Xu 9 290 104 32 29 23 21
1414 Ozeas S. Costa Jr 6 290 121 68 43 28 16
1416 Amanda Kay Montoya 4 288 120 75 50 32 4
1417 Yunzhang Zhu 8 288 124 37 32 26 22
1418 Derick Lindquist 11 288 76 29 24 22 17
1419 Renato Prata de Moraes Frasson 9 288 62 48 35 24 22
1420 Jiaquan Liu 8 290 83 53 37 31 26
1421 Christin A. McDonald  (McDonald-Fix) 9 287 72 37 25 23 20
1422 Zhi-Quan Lei 6 287 100 85 38 32 16
1423 Juan F. González Paredes 8 286 75 53 33 30 28
1424 Mauricio Galizia 11 285 35 28 26 22 19
1425 Richard Schlanger 5 287 107 105 31 18 10
1426 Qian Shen 7 285 109 55 54 21 8
1427 Steven W Cotten PhD 9 280 48 32 31 26 24
1428 Matthew Goodus 7 283 123 72 37 16 15
1429 Yousef Hannawi 5 282 176 57 11 9 7
1430 Lei Wang 8 282 77 55 31 29 19
1431 Andrew D. Pucker, OD, PhD, FAAO 10 280 54 54 30 22 21
1432 Qingming Xiong 9 279 84 40 37 29 25
1433 Hyunwoo Park 9 276 67 44 28 24 23
1434 Amanda J. Quisenberry 9 276 45 41 32 26 20
1435 Jeffrey Woollard 7 275 78 67 19 16 15
1436 QW Tang 7 275 73 59 33 24 23
1437 Haifeng Shi 9 274 68 35 32 29 28
1438 Yufeng Zheng 10 274 56 41 32 27 27
1439 Karen Hutzel 9 273 67 48 23 21 20
1440 matthew stratton 10 273 63 60 32 16 16
1441 Katelyn E. Swindle-Reilly, Ph.D. 8 271 68 55 43 33 27
1442 L. Camille Hebert 10 271 49 40 36 27 18
1443 Randy Patton 8 271 47 46 37 35 30
1444 Zihao Yang 5 271 131 64 56 9 8
1445 Eduardo Reátegui 8 270 81 35 32 32 24
1446 Sanjay Varikuti 10 269 30 30 29 28 14
1447 Lawrence Shirley 8 267 63 53 39 33 20
1448 Magda El-Sherbini 9 264 38 36 24 23 20
1449 Jingjing Li 10 263 49 41 33 32 23
1450 Marie M Lockhart, PhD 6 263 120 93 15 14 12
1451 Stephen J Murphy 6 262 177 26 19 11 7
1452 Ashley Carpenter 9 262 67 46 33 26 23
1453 Mengqing Guo 6 262 187 21 17 12 11
1454 Emily J. Dunn 4 261 208 38 7 4 4
1456 Jamie Yoder 9 261 52 26 25 17 16
1457 Gokulakrishnan Balasubramanian 8 260 62 60 31 27 16
1458 Mat Coleman 7 260 109 68 21 13 10
1459 Bijay Kumar Jha 10 260 45 31 30 23 22
1460 Dario Veneziano 10 259 30 26 25 25 23
1461 Eliza Beal 8 260 16 12 11 10 10
1462 mollenkopf.12 8 259 55 38 31 26 24
1463 Helong Zhao 9 257 51 41 39 35 26
1464 CHRIS O. IGODAN 7 257 83 76 32 15 10
1465 Sanja Ilic, PhD 7 256 50 46 41 40 37
1466 Elizabeth Renker 7 256 67 42 42 22 16
1467 Lin Qi 7 256 90 65 28 21 16
1468 Tawfiq Musah 9 254 44 37 33 25 17
1469 Tzu-Jung Lin 10 253 41 33 28 17 17
1470 Lang Qin 9 253 51 49 24 22 17
1471 Rahul Srivastava 6 253 77 75 56 19 13
1472 Marlena Ryba 6 252 135 40 25 17 8
1473 Soumendrakrishna Karmahapatra 10 252 37 32 30 27 26
1474 Xiang(Sean) Wan 7 251 81 49 29 25 15
1475 Namal P.M. Liyanage 9 251 58 48 38 16 14
1476 David Penneys 9 250 44 32 29 20 17
1477 Yune S. Lee 6 249 71 67 50 24 12
1478 Chunlin Yang 8 248 55 46 36 27 24
1479 Ryan W Norris 9 248 77 48 25 21 21
1480 Nicholas Zorko 8 247 53 44 30 26 23
1481 Siddharth Gautam 10 247 28 23 22 18 16
1482 Joyce J. Chen 7 246 83 79 19 17 15
1484 Santosh K. Mahto 6 246 131 49 26 11 11
1485 Carol Pitts Diedrichs 8 246 57 45 41 22 14
1486 Danielle Chirdon 10 246 40 35 31 25 22
1487 In Hun Kim 9 245 66 37 31 17 15
1488 Yuanlong Shao 6 244 114 58 19 15 14
1489 Florian Diekmann 10 243 55 36 26 18 18
1490 Jaclyn M. Dynia 7 243 52 33 28 28 27
1491 Robert P. Griffiths 8 243 114 45 26 14 13
1492 Sushmitha Durgam 9 242 72 47 22 19 18
1493 John Maharry 7 241 67 50 30 27 21
1494 J Kevin Bailey 10 242 29 27 26 20 20
1495 Jill Leonard-Pingel 6 241 124 60 17 11 10
1496 Nancy Courtney 7 239 105 46 37 19 10
1497 William Minozzi 8 238 53 36 28 28 22
1501 Shankaran Kothandaraman 10 238 43 32 29 25 14
1502 Shaoqing Cui 7 237 78 44 43 16 14
1503 Keeley Pratt 9 236 31 27 26 24 14
1504 Pooja Joshi 5 236 83 61 52 35 5
1505 Sarah Anne Murphy 10 236 31 24 23 21 19
1506 Bradley E. Dougherty 6 237 98 58 19 17 16
1507 Kevin Andrew Click 7 239 70 55 36 25 16
1508 Sanyam Bajaj 7 234 118 25 23 18 15
1509 Juan L Rendon 7 234 63 59 46 11 10
1510 Liubov Gushchina 9 233 57 31 24 22 17
1511 Shareef Dabdoub 7 231 79 55 30 22 12
1512 Nathan Doogan 9 231 51 24 24 22 17
1513 Paloma Martinez-Cruz 3 231 196 22 9 2 1
1514 Jason Seligman 8 230 44 28 20 19 12
1516 Deepak Gulati 6 230 122 25 23 17 15
1517 Justin Birru 7 231 83 45 34 22 18
1518 Dr. DeWayne P. Williams 7 229 99 18 17 16 11
1519 Edwin W. Lee II 6 229 131 29 28 17 11
1520 Wenbin Qi 9 228 56 39 27 23 21
1521 Jinyang zhu 7 228 124 22 17 10 10
1522 Xin Yue 6 227 83 71 20 18 10
1523 John M. Sosa 8 227 51 41 32 27 19
1524 Shomita Mathew 8 226 46 36 33 30 30
1525 Hollie Nyseth Brehm 7 226 93 36 18 10 9
1526 Yeh Siang Lau 9 226 42 33 23 22 20
1527 Laura Pomeroy 8 225 80 30 28 24 13
1529 Ioannis A. Mergos 9 225 40 32 31 28 19
1530 Anirban Bhattacharyya 7 224 50 42 37 37 31
1531 Duchao Lv 7 225 95 43 29 13 9
1532 Erica M. Brownstein 6 224 90 74 15 8 8
1533 marshleen yadav 8 223 70 43 33 28 14
1534 Aishwarya Devaraj 9 222 53 31 29 26 22
1535 Matthew C. Swearingen 6 222 69 65 35 26 9
1536 Arthur F. Greenbaum 9 222 59 28 28 24 23
1537 KALPANA DEEPA PRIYA DORAYAPPAN 9 222 85 29 24 17 17
1538 Ruogu Qin 5 221 94 82 18 11 8
1539 Norman W. Jones 4 221 154 22 20 20 2
1541 Kanhaiya Singh 9 220 34 30 29 17 16
1542 Birce Onal 8 220 46 46 43 35 26
1543 Adriane Lynn Baylis 8 220 35 32 25 24 20
1544 Meng Zhang 5 220 129 38 25 12 10
1546 ni shi 6 217 55 36 35 30 19
1548 Francis John Troyan 9 216 42 33 19 18 16
1549 Monique Pairis-Garcia 7 216 94 30 18 16 14
1550 Tunsisa Taffe Hurisso 7 216 108 24 19 16 13
1551 TINGYANG ZHOU 5 215 89 61 40 10 5
1552 Bhavana Bhatnagar 8 216 34 29 22 21 16
1553 Çağlar Şenaras 5 214 90 45 36 10 7
1554 Sreekanth Viswanathan 6 214 73 60 34 13 8
1555 Kay C. Stefanik 6 214 132 27 20 10 10
1556 Jianhui (Tony) WU 6 214 54 44 39 31 18
1560 Abigail T. Evans 9 212 53 52 27 23 12
1561 Maria Angelica Cueto 10 212 49 34 31 18 14
1562 Ida A. Mirzaie 8 211 55 50 18 16 14
1564 Aline Paixão Becker 11 211 27 23 20 19 17
1565 Aline Sartori Guidolin 5 211 117 37 19 19 10
1566 Chiran Ghimire 7 211 53 51 25 24 22
1567 BYUNGHA LEE 6 211 97 47 18 14 7
1568 Vivian Bernau 7 210 86 31 23 21 19
1569 Sope Omowale Olugbile 9 210 45 36 28 22 21
1570 Gabriel Tinoco 4 210 106 52 37 6 2
1571 Dukagjin M. Blakaj 7 209 52 28 27 22 22
1572 Xijun Piao 6 210 104 39 22 18 10
1573 Irina Castellanos 7 209 54 32 31 20 16
1574 Tenneti Srinivasarao 9 209 45 25 15 15 15
1575 Amber Traugott 7 207 57 54 26 25 19
1576 Jason R. Blevins 7 206 75 30 26 13 12
1577 Andrew Grossbach 7 206 62 44 31 18 10
1578 Xin Huo 7 206 96 24 19 18 13
1579 Douglas Thornton 7 206 96 30 12 12 10
1580 Nima Milani-Nejad 6 206 98 34 22 15 11
1581 Leili Shahriyari 7 206 75 28 24 17 15
1582 Elliot Paquette 9 206 30 24 24 23 15
1583 Thien T. Nguyen 5 204 83 48 42 19 9
1586 Matthew S. Briggs 6 203 87 40 17 13 13
1587 Jason B Navarro 6 204 130 34 11 10 8
1588 Eric England 7 203 38 34 30 20 18
1589 Arturo Vera Ponce de León. 6 203 73 55 25 20 11
1590 HoJun Ji, PhD, CPA 8 203 33 24 11 11 11
1591 Francesco Sammartino,MD 8 201 30 26 23 15 14
1592 Jessica Cooperstone 7 201 54 36 32 20 14
1595 Brock DeLong 2 201 166 30 2 2 1
1596 Mioara Larion, Ph.D 8 200 36 36 27 21 19
1597 Amy Rushing 6 200 73 59 24 23 11
1598 Rongfang Jia 5 200 83 53 40 11 6
1600 Kuldeep Mamtani 6 199 71 47 30 25 9
1601 Kerry Ard 6 198 117 30 18 8 8
1602 Graham R. Cochran 7 198 48 38 28 23 14
1603 Xiaoyin Ge 5 198 66 53 30 26 11
1605 Luis Moraes 7 198 77 25 15 14 14
1606 Meredith Lind 8 198 39 28 27 26 22
1607 Michael R. Betz 7 198 56 34 27 19 15
1608 Lisa K. Militello 7 197 114 19 14 13 11
1609 Xinyu Zhou 8 196 39 34 26 26 19
1611 Andrew R. Plummer 8 195 32 28 23 18 15
1612 Kenneth Madsen 8 194 60 30 24 17 11
1613 Dmitry Lyalin 8 193 45 41 27 25 17
1614 Anthony C Fries 7 193 52 44 22 20 16
1615 Mohammad Amin Amooie 8 193 50 36 32 13 13
1616 Vanessa L. Hale 7 193 88 33 23 11 10
1618 naleef fareed 7 192 86 24 23 16 15
1619 Patrick Walz 8 193 39 27 27 19 18
1621 Pardis Khayyer 7 191 46 36 24 23 15
1622 Zhichao Yang 6 191 53 38 25 24 11
1623 Jia Li. 8 190 38 35 32 23 18
1624 Ankita Majumder 6 190 64 49 28 22 15
1625 Xu Zhang 8 190 40 39 22 18 14
1626 Yuri V. Sebastião 5 188 58 44 32 29 15
1627 Yosra A. Helmy 5 189 89 33 29 14 5
1628 Yuanxin Chen 6 188 37 35 33 26 25
1629 Philip C. Brown 7 188 56 23 20 10 10
1630 Simranjeet Singh 8 187 32 26 22 21 20
1631 Nagatsuka Takehiro 7 187 62 36 24 18 12
1632 Motaz Abas 4 188 124 31 17 16 0
1633 Lynn Trinko 4 186 111 46 17 5 3
1634 Marsha J. Hamilton 5 187 80 79 59 19 5
1636 YA-MEI HU 8 186 63 20 20 19 18
1637 Katherine E (Lintner) Miller, PhD 5 186 63 51 36 14 12
1638 Allison Bean Ellawadi 6 185 60 32 26 24 17
1639 Kenneth L Brockman 5 185 84 44 33 10 5
1640 Bashirah Ibrahim 5 184 57 49 33 14 13
1641 Sanjay Mishra 7 184 41 37 33 25 19
1642 Jennifer Kue 8 182 39 36 28 15 13
1643 Hyunwook Park 7 182 39 29 26 16 13
1644 Chunli Dai 8 182 77 19 17 11 10
1645 Alan Harzman 7 181 32 27 22 19 15
1646 Scott Lloyd DeWitt 7 181 41 29 25 21 20
1648 Fengyun Ma 8 180 54 47 18 15 9
1650 Jenifer Locke 5 179 86 39 17 15 10
1651 Gerald Gourdin 8 179 46 43 20 19 16
1652 Adam C. ElNaggar 8 178 43 32 22 18 13
1653 Nader Makki 7 179 53 25 20 17 13
1655 Meris Mandernach Longmeier 5 177 108 18 15 9 8
1656 Mehdi Mortazavi 7 176 42 32 30 22 19
1657 Xiaoqin Ke 7 175 30 29 24 20 18
1659 Jennifer Kline 5 175 59 30 26 24 18
1660 Ruchi Mishra 8 176 46 22 22 16 16
1661 Pauline Bernardo 7 175 42 37 19 17 16
1662 Andrew "Dewey" Mann 3 174 134 21 13 2 2
1664 Molly McDermott 9 173 25 23 18 16 15
1665 Bappaditya Roy 4 173 62 40 35 22 4
1667 Michael P. McNally 7 172 58 42 15 13 12
1668 Nathan LaFayette 5 172 55 54 35 12 11
1669 Nicholas C. Kawa 7 170 41 35 21 14 13
1670 Susan E Thrane 6 173 52 35 23 22 18
1671 Sharvari Karandikar 6 170 74 25 17 11 9
1673 Bryan Esser 7 169 28 27 26 25 14
1674 Lauren Jones 6 168 79 22 21 15 10
1675 Rachel Gabor 7 168 37 28 21 15 14
1676 Niranjan Kamat 5 168 64 55 16 10 8
1677 Njeri Kagotho 7 167 43 23 22 19 13
1678 John E. Harper 6 167 45 34 34 25 10
1679 Johanna Devaney 8 166 24 22 22 18 17
1681 John Jones 6 165 87 31 10 8 8
1682 Lauren E. Altenburger, Ph.D. 6 165 55 34 31 20 9
1683 Andrew (Jong-Ki) Lee 8 164 70 16 10 10 9
1684 Ben McCorkle 6 164 49 36 25 16 7
1686 Tania Von Visger, APRN, PhD (c), CNS, CCNS, PCCN 3 164 137 20 7 0 0
1687 Stephanie Hoffer 8 164 26 24 21 18 17
1689 Mohammed Ghonime 6 163 90 26 13 12 11
1690 Qiang Zhou 8 162 50 19 17 16 13
1691 James S Bates 6 162 55 22 21 19 12
1692 Santosh Dhakal 8 160 16 12 12 11 11
1693 Andrei Rajkovic 6 161 46 37 25 18 11
1694 Tendy Chiang 6 161 57 27 18 17 14
1695 Soumya Dutta 7 161 50 44 22 14 10
1696 Golrokh Mirzaei 7 160 68 11 11 11 9
1697 Stephanie J. Schulte 5 161 51 38 30 23 5
1698 Pamela Pallett 5 159 95 21 11 9 9
1699 Vagulejan Balasanthiran 7 159 43 23 23 18 15
1700 Valerie A. Ray 7 159 58 24 22 15 14
1701 Ulises Zevallos-Aguilar 7 159 55 25 15 13 12
1702 Dr. Gary Gao 5 159 44 27 22 11 6
1703 Sami Khanal 7 158 32 28 22 20 15
1704 Dong Li 7 158 24 21 19 19 19
1705 Likai Li 8 158 33 26 18 17 13
1706 David W P Manning 5 159 81 23 22 13 12
1707 Pranav Jani 6 158 57 30 28 10 9
1708 Marty Meyer 6 157 37 34 24 18 9
1709 Benjamin D. Roewer 6 156 98 24 9 6 6
1710 Jennifer Suchland 5 156 58 50 29 6 5
1711 Vineeta Tanwar 6 156 41 35 28 27 13
1712 Ning Zhang (张宁) 6 156 43 27 25 17 8
1713 Christa Teston 8 156 35 30 27 14 13
1714 Priyamvada Singh 6 155 105 15 9 6 6
1715 Mytheli Sreenivas 5 155 70 32 32 29 10
1716 Jen D. Wong 5 156 48 48 28 14 10
1717 Sunny Munn 7 154 64 22 11 9 8
1718 Asim Rizvi 7 154 18 16 14 11 11
1720 Macarius Donneyong 7 154 40 28 17 12 11
1721 Abu Zayed Mohammad Saliqur Rahman, Ph.D. 8 154 23 16 15 13 12
1723 Daniel M. Walker 6 154 30 21 14 13 11
1724 Kristina Slagle 6 153 50 48 23 13 11
1725 Jason Reece 7 153 34 13 9 8 8
1726 Gayeon won 6 152 33 26 16 16 14
1727 kewei lu 6 152 50 38 28 16 9
1728 Xinwei Cheng 8 151 53 24 18 15 12
1730 Shuai Dong 4 150 64 59 12 11 4
1731 Mario Vieweger 6 151 81 19 11 9 9
1733 Susan Yoon 6 150 31 31 23 18 12
1734 Benjamin R. Garrett 5 154 70 36 16 13 10
1735 Jack T Brangham 7 150 32 27 26 21 14
1736 Tanya M. Nocera 5 150 81 28 26 7 7
1737 Lauren T. Southerland 7 149 37 27 25 12 10
1738 Madhav karthik Kodigepalli 6 149 37 35 25 21 18
1739 Zhen Yu 6 148 43 38 24 13 7
1740 Anice Sabag-Daigle 7 147 35 28 26 12 9
1741 Yana Hashamova 7 147 42 28 13 10 10
1742 Michelle C. Nguyen 7 147 34 16 14 10 9
1743 Richard Fletcher 7 147 37 18 16 13 12
1744 Sarah Gallo 7 147 31 21 20 17 12
1745 MANJUNATH MANUBOLU 8 146 22 18 15 12 11
1746 Christine M. Jackson 5 146 49 33 32 13 10
1747 Daniya Zamalieva 8 145 31 26 17 16 16
1748 Paul Edgar Stillman 4 145 102 14 10 5 4
1749 Santiago de la Peña 7 145 39 35 17 17 15
1750 Crystal Dunlevy 6 145 52 37 17 11 11
1751 Jeremy Figgins 5 144 68 26 26 21 20
1752 Shuai Shao 7 144 29 22 16 12 12
1753 Wesley Joo-Chen Thio 4 144 62 38 25 13 3
1755 Douglas G Cheung 3 145 114 20 9 2 0
1756 Arijit Ghosh 3 144 116 13 11 1 1
1758 John M Ngunjiri, Bsc., Msc., Ph.D. 6 143 53 22 20 15 11
1759 Qian Wang 8 143 29 22 16 14 12
1760 Tapasvi Lolla 5 143 58 54 9 7 5
1761 Efthimios Parasidis 6 143 35 34 11 11 10
1762 Junfeng Shi 7 143 37 23 19 18 13
1763 Colleen Spees 5 142 45 19 13 7 5
1764 Jie Zhang 8 142 16 15 13 12 9
1765 Keng-Lou James Hung 4 142 68 36 19 11 3
1766 Nathaniel Swigger 5 142 60 37 20 10 8
1767 Rupam Kundu 6 141 42 32 30 11 7
1768 Tiancong Zhu 6 141 39 26 25 22 6
1772 Jinfen Kang 7 140 77 13 13 10 7
1773 Alexander Morison 7 141 56 15 12 11 10
1774 Timothy San Pedro 6 140 65 24 12 9 8
1776 Prasath Mageswaran 8 139 29 27 15 13 12
1777 Sara Childers 6 139 37 25 25 22 14
1778 Steven E. Justiniano 7 138 36 33 15 13 12
1779 Piya Das Ghatak 5 138 36 31 29 17 16
1780 Carolynn Thomas Jones 7 137 32 15 12 10 8
1782 Elizabeth Stofko Barrie 6 137 46 38 17 13 10
1783 Christopher Pierce 4 137 46 43 38 7 3
1784 C. Fabian Benitez-Quiroz 6 137 58 15 14 13 13
1786 Shawn Pruchnicki 5 135 44 37 20 11 5
1787 Uddalak Majumdar 7 135 32 20 20 19 10
1789 Khemraj Budachetri 7 135 51 18 13 11 11
1790 Cady Block 6 135 45 22 15 11 9
1791 Siyuan Ma 5 136 59 31 14 14 6
1792 Shiyu Zhang 4 134 84 15 15 9 4
1793 Terry Reese 6 133 27 23 16 14 9
1794 Shanying Gui 5 133 37 32 24 19 19
1795 Rohit Aggarwal 5 132 48 30 29 10 9
1796 Kristyn Gumpper 6 132 34 29 26 14 12
1799 Edward D. Herderick 5 132 43 30 22 19 7
1800 Peng Cheng 6 131 34 25 21 16 15
1801 Frances Sheller Sivakoff 6 131 33 31 23 20 11
1802 Ernest Duah 7 131 32 27 21 14 13
1803 Arash Salemi 7 131 21 14 13 10 10
1804 Mohamad elbaz 6 131 51 35 13 11 11
1805 Nicholas D. Cultrara 7 130 47 15 14 11 9
1807 Georgianna Sergakis, PhD, RRT, TTS, FAARC 4 129 103 11 5 4 3
1808 Rauf Abdul 7 128 36 30 19 12 11
1810 Anna M. Babel 6 127 44 19 12 10 9
1813 Haedong Jang 6 127 28 21 13 12 10
1814 Michael Meara 7 125 47 21 18 12 10
1815 Mike Rayo 6 125 30 27 24 11 9
1816 Xiao Luo 6 125 30 30 23 17 7
1818 Chun-Ming Chen 7 124 26 23 14 13 12
1820 Aimee R. Zisner 6 123 39 25 18 17 14
1821 Daniel Vazquez 6 123 53 20 15 11 9
1822 Yuanhua Zheng 6 123 35 33 28 12 8
1823 Kuangyu Zheng 4 123 72 14 10 6 4
1825 Lo-Bin Chang 5 122 63 18 10 6 6
1826 Esmat Farzana 5 122 40 39 16 11 6
1827 Kathryn E. Lancaster 6 122 26 19 15 13 10
1828 Justin J. Scheidler 7 122 17 11 11 9 8
1829 Yi Zhou 7 122 47 13 11 9 7
1830 Adam Wolfe 8 122 26 20 17 14 14
1833 Olivier Zablocki 5 121 52 26 18 10 5
1834 Ali Nassiri 6 121 30 27 11 10 9
1836 Brittany Brakenhoff 6 121 24 20 19 15 13
1837 Nathaniel J. Blanco 6 122 34 27 19 13 12
1838 Emilie Beaudon 7 121 21 20 16 15 15
1840 Haiwei Cai 4 120 75 15 13 5 4
1841 Jojo Joseph 5 119 75 12 11 8 6
1844 Piers Norris Turner 5 121 69 69 19 8 7
1845 Sarah Lang 5 118 40 20 18 14 7
1846 Justin T Huntington 5 118 55 23 12 11 8
1848 Sijin Wu 5 118 29 25 23 13 11
1849 Breann Erford 7 117 32 30 15 10 10
1850 Weisen Pan 4 117 48 38 14 10 3
1851 Alison I. Beach 5 117 56 15 14 11 7
1852 Dikai Xu 4 116 49 24 17 15 4
1853 Minjae Kim 6 116 26 24 21 16 9
1855 Li Li 4 116 72 23 7 7 4
1856 Elizabeth Weiser (M. Elizabeth Weiser) 6 117 43 19 11 10 9
1857 Yu She 6 116 33 14 12 11 8
1858 Zhong-Qiu Wang 7 114 23 23 12 10 8
1860 Niels Chr. Hansen 6 113 37 32 9 7 7
1861 Katie Vinopal 3 113 66 23 16 2 2
1862 Christopher R. Lucas 6 113 46 17 16 15 8
1864 Omid Teymournejad 7 112 20 13 13 12 9
1865 Lifu Xiao 6 112 22 20 17 17 7
1867 Scott Seyfarth 5 112 53 22 11 7 5
1868 E. Hance Ellington 6 112 30 16 16 14 11
1869 Jing Zhang, Ph.D. 5 112 54 20 14 8 6
1870 Zhen Zheng 6 112 34 18 17 13 12
1871 Sinong Wang 5 111 35 30 13 11 9
1873 Jackie L Buell 4 111 67 20 6 5 4
1878 Madhumita Basu, Ph.D. 5 110 37 20 20 13 5
1880 Jonathan R. Brown 6 108 33 19 11 10 8
1881 Tantan Liu 7 109 29 14 13 10 8
1882 Pengyang Zhao 5 108 40 26 21 5 5
1883 Muhammad Erfan Uddin 7 108 17 16 13 12 8
1884 Veena Devi Ganeshan 3 108 51 50 3 2 2
1885 Hyeyoung Kim 6 108 31 14 11 9 8
1886 Ariadna Morales 5 108 48 20 13 13 6
1887 Susan Delagrange 6 107 32 25 15 14 13
1888 Jiangong Wei 5 107 43 23 23 14 14
1889 Xiangyu Yin 6 107 26 22 17 13 10
1890 Dana Renga 6 107 19 13 12 12 8
1891 Michelle Kaiser 6 107 31 14 6 6 6
1892 Chi-Ta Yang 5 107 40 25 18 10 6
1893 Hongyu Wang 6 107 14 8 8 7 6
1894 Ming Chen 5 106 56 8 7 7 6
1895 Andrew C Persch 7 105 32 15 12 10 8
1898 Kunal Chatterjee 6 103 27 23 20 11 6
1899 Kara Christensen 5 103 28 23 18 17 10
1903 Amna A. Akbar 4 103 38 27 26 7 4
1906 Benjamin Bennett 4 102 50 35 6 4 2
1907 Ky Hoang 6 102 23 19 18 11 11
1908 Bert Liu 4 102 52 26 9 6 3
1910 Besma Abbaoui 4 102 53 30 12 5 1
1911 Tzung-Huei Lai 5 102 56 18 9 9 6
1912 Lusaka Bhattacharya 6 102 23 20 15 11 8
1913 Rachel C. Kearney 6 102 22 20 19 10 8
1914 Lynda Hartel 5 102 53 16 10 6 5
1915 Ammar Ahmad Awan 5 101 32 21 8 8 5
1916 Vidhya Kumar 4 101 72 9 7 5 4
1917 Guy Rub 6 101 27 27 22 8 7
1918 Fengyang Xiong 6 101 21 20 13 11 11
1919 Deanna N. Grimstead 6 101 31 14 13 11 6
1920 A. Camilo Rey-Sanchez 5 101 53 15 10 9 8
1921 Kevin J. Little 4 100 34 28 15 8 4
1923 Anirudh  K Singh 5 99 34 21 18 7 7
1924 Anthony Mansour 6 99 25 15 12 10 10
1925 Ashtekar Amruta 4 99 60 15 10 8 3
1926 Chidozie Victor Agu, PhD 6 98 24 17 11 10 10
1927 Kehinde Emeka Ogunronbi 5 98 24 23 23 16 12
1930 Gloria Yeomans-Maldonado 5 97 49 12 12 9 6
1933 Sara Crosby 4 95 51 22 14 5 2
1934 LINGNA HE 4 95 38 37 10 4 3
1935 Dakota S. Rudesill 6 95 20 16 13 11 9
1940 Katherine Hartmann 5 94 43 14 10 7 7
1941 Kyusung Hwang 6 93 20 16 11 10 10
1942 Fan Yang 4 93 48 21 8 5 4
1943 Timothy D. Scarborough 5 93 35 22 17 9 6
1946 Rick Dehner 5 93 21 18 16 16 6
1948 Jinsong Xu 4 92 39 22 15 9 4
1950 Venmugil Elango 6 91 17 16 15 15 11
1951 Ayyoub Rezaeian 5 91 28 16 13 13 6
1953 Colin Whyte 4 91 40 26 10 6 4
1955 Matthew McCrink 5 91 23 17 16 14 6
1956 Sajedur Akanda 5 90 18 17 17 13 10
1957 Scott A Reinemann 5 90 34 19 16 6 5
1958 Oksana A. Chkrebtii 4 90 71 8 5 5 1
1959 Eden Lin 7 90 14 13 12 12 10
1960 Ish Gulati 3 90 67 13 6 3 1
1961 Paula Dalcin Martins 5 90 32 18 12 9 5
1962 vivek yenamandra 5 89 22 21 20 11 5
1963 Dr.Rajni Kant Shukla,PHD 5 89 27 23 20 10 8
1964 Avirup Guha 5 89 22 18 12 11 8
1965 Balaji Ponnu 5 89 35 13 10 9 6
1966 Burak Ozbey 5 89 34 19 14 11 7
1967 Ruoyu Chen 5 89 26 25 10 9 7
1968 Lihong Huang 6 89 13 13 11 11 8
1969 Heng-Yi Wu 6 90 28 9 8 7 7
1972 Daniel Boulter 5 88 19 17 14 8 7
1973 Guoxing Chen 4 88 28 21 19 7 4
1974 Kevin R Volz 5 88 34 16 6 6 6
1975 Xiaochen Zhang 5 88 30 23 9 8 5
1976 Abhishek Mohapatra 4 88 35 16 14 11 4
1977 Stephanie Q. Liu 4 88 41 23 13 4 3
1980 Changdong Wei 4 87 46 15 10 7 4
1981 Laurie Rinehart-Thompson 6 87 24 21 13 8 6
1982 Hui Li 5 86 17 14 14 11 8
1983 Hiroko Mori 5 86 48 18 18 7 5
1984 Asmita Murumkar 4 86 49 12 11 9 3
1985 Michelle Wibbelsman 5 86 39 14 10 8 6
1986 Niles Johnson 6 85 21 14 10 9 8
1987 Laurel A. Slaughter, MD 5 85 44 14 11 8 8
1989 Kai Lu 4 85 32 21 12 11 3
1991 Harmony Bench 5 84 18 11 8 7 5
1992 Lindsey Solden 5 84 37 15 13 8 7
1996 Lanier Frush Holt 3 84 33 32 10 3 3
1997 Daniel R Rovenpor 4 84 36 30 6 5 4
1999 Vanessa Hung-Chu Chen 3 83 44 44 31 7 1
2004 Keng-Yuan Meng 5 83 27 26 14 8 5
2005 Yu Hang Lai 4 83 43 14 11 5 4
2007 Rachel May Smith 2 82 64 13 2 2 1
2008 Megha Kalsi 5 82 34 20 12 5 5
2014 Nirupam Biswas, PhD 6 82 20 17 15 11 8
2017 Elizabeth J. Reverri 5 80 26 24 11 9 5
2018 Ekene Onwuka 6 81 17 14 13 10 9
2019 Sarah Watzman 5 80 35 11 10 8 6
2020 Xingyu Zhou 5 82 17 16 14 13 5
2021 Uttara Samarakoon 6 79 28 9 7 6 6
2022 Safa Salman 3 79 34 24 9 3 2
2024 Vinal Menon, PhD 4 79 27 20 15 9 3
2026 Dara Albert 5 79 23 17 9 9 6
2027 Zhanbo Xia 3 79 25 24 23 3 2
2028 Kurt Lavetti 5 78 25 19 16 8 5
2029 Golnazalsadat Mirfenderesgi 5 78 35 18 10 8 5
2031 Julia Deitz 4 78 28 21 15 4 4
2032 Leeann Lower 5 78 24 10 8 8 7
2034 vinayak shedekar 5 77 26 20 13 9 8
2035 Brandon L Giles 2 77 56 20 1 0 0
2037 You Han 6 77 13 12 11 11 7
2038 Shannon Gillespie 5 77 33 13 8 8 5
2040 Wilson Figueroa 4 76 37 10 9 5 4
2042 Marjorie Kelley 5 76 22 16 15 9 9
2043 Hailong Zhang 5 77 33 11 10 8 7
2044 Samuel Alexander 5 75 15 8 8 6 6
2045 Damon E. Jaggars 5 75 18 16 11 7 6
2046 Ching-Hsiang Chu 4 75 19 11 7 7 4
2047 Joseph Drews 5 75 20 14 13 13 12
2049 Kevin M George 4 74 29 26 11 7 1
2050 Xiaoyu Liu 5 74 26 18 9 8 7
2052 Zhiguo Xie 5 73 13 12 10 7 6
2054 Max D. Woodworth 5 73 25 19 5 5 5
2056 Giovanni Nattino 4 73 30 17 10 7 3
2058 Dr. Victor Multanen 4 72 23 16 7 5 4
2059 Emre Sezgin 4 71 28 18 8 4 4
2061 Mohsen Mohseni Moghadam 5 71 37 11 8 6 5
2062 Lara Jane Hadlocon 4 71 18 16 14 5 4
2063 Kathleen Schieffer 5 71 28 9 9 8 5
2064 Dongwei Li 4 71 28 17 13 5 2
2065 Adam Ahmed 5 71 22 17 7 6 5
2066 Elizabeth Moran Fitzgerald 3 71 39 24 4 2 1
2067 Young-Nam Kim 5 71 12 12 10 7 6
2068 Jonathan Dufour 5 70 22 9 9 8 6
2069 TJ Ronningen 4 70 43 12 5 4 2
2070 Vanja Bogicevic 3 70 56 5 3 2 2
2071 Sheng Dong 4 70 33 13 10 4 3
2072 Joseph Stanek 6 70 12 11 9 8 6
2073 Yukun Li 5 76 24 12 10 8 7
2074 Rachel Kajfez 5 70 19 7 6 5 5
2075 Hisham Hussan 4 70 26 16 10 7 2
2076 Jefferson S. McCutcheon 5 69 14 12 10 6 6
2080 Luv Sharma 4 69 31 25 6 5 1
2081 Steven Whitaker 6 69 13 10 9 9 9
2082 Tyler Growden 4 69 19 18 11 5 4
2083 Sujatha P Bhandary 4 69 17 14 9 5 4
2085 Stephanie K. Fabbro, MD 5 68 23 8 8 6 5
2086 Mackie O'Hara 3 68 49 9 3 2 1
2087 Saba Navabzadeh Esmaeely 4 68 19 19 9 7 7
2088 Erik Lahti 5 68 27 12 9 5 5
2091 John Rehbeck 4 69 31 11 10 6 4
2092 Carolina Gill 4 67 24 10 4 4 4
2093 Richard Huskey 4 67 25 21 11 4 3
2096 Mohamed Shebl AbdelBaki 5 67 15 11 11 9 6
2097 Aravind Sukumaran Rajam 6 67 18 10 10 8 6
2100 Roby Sebastian 4 66 39 6 6 5 3
2102 Jonathan Calede 5 65 15 15 9 7 7
2103 Liwen Lin 4 65 32 11 8 6 4
2104 Teresa Lynch 4 65 25 20 7 5 4
2105 Youngmi Seo 4 64 19 13 10 6 4
2108 Rudra N. Purusottam 6 63 10 9 8 7 7
2110 Zhenyu Wang 6 63 12 10 9 7 6
2112 Michael Hagenberger 3 63 38 11 5 3 2
2113 James Reinhardt 5 63 22 13 13 8 6
2114 Pala Arunkumar (P Arunkumar) 5 62 23 12 10 8 7
2117 Omar El-Khoury 3 61 41 8 7 3 2
2118 Alexander M. Swift 5 61 19 18 8 5 5
2121 Hamed Rahimian 2 61 52 7 2 0 0
2122 Erik D. Olson 5 60 26 8 5 5 5
2125 Dubraska Diaz-Campos 5 59 24 11 9 6 5
2126 James P McMillan 4 59 23 10 9 8 4
2129 Andrei Manilchuk 4 59 36 11 6 4 2
2130 Michael Hinton 4 58 18 16 14 5 2
2132 varun vakharia 4 58 18 15 12 4 3
2133 Daniel R Clifton 3 58 23 17 12 3 1
2134 David Kline 4 58 18 10 9 8 4
2135 Javier Donna 5 57 18 10 8 7 6
2136 Yasmine Marie Cisse 4 57 19 15 7 4 4
2137 Lilong Jiang 4 57 27 17 7 4 1
2138 Sathiya Manivannan 4 57 19 14 9 5 4
2139 Gang Li 4 57 17 13 7 5 4
2142 Aparna Lakshmanan 5 56 16 9 9 9 8
2143 Sihao Ding 5 57 13 8 8 7 5
2144 Aruna Ravi 4 56 21 8 8 6 4
2146 Raymond D. Irwin 4 56 27 10 4 4 3
2147 Chuangchuang Sun 5 56 11 11 6 6 6
2149 Jialong Jie 3 56 19 19 13 3 1
2152 Nichole L Hodges, PhD 4 55 20 10 7 6 3
2153 YUANYUAN JIA 4 55 25 13 4 4 3
2157 David Strosberg 5 54 10 8 7 7 5
2160 Ashutosh Kumar 3 53 18 15 15 2 1
2165 Kaushik Rangharajan 4 53 19 14 8 8 4
2166 Ria Mazumder 4 53 15 9 6 5 4
2168 Jeffrey Skidmore 4 53 12 11 9 8 3
2169 HAOYANG YOU 4 52 18 12 8 4 3
2171 Anna L. Testen 3 51 13 9 9 3 2
2172 Sourav Chakraborty 5 51 16 9 7 6 5
2173 S M Faisal 5 51 12 9 8 5 5
2177 Syed Ashraf Ali 3 51 22 15 8 3 1
2178 Laura Matrka 4 51 17 15 6 4 3
2180 Shashank Gugnani 4 50 13 10 6 6 4
2181 Frank Robledo-Avila 5 51 11 9 6 6 5
2183 Ling Wang 4 50 17 10 6 5 3
2184 Daniel Weber 5 51 18 11 6 6 5
2185 Qiang Lyu 4 50 24 11 7 5 2
2187 Lu Lin 4 49 15 10 6 4 3
2188 Peng Liu 4 49 18 10 6 4 4
2190 Samir Chowdhury 5 49 10 9 7 5 5
2191 Fei Wu 4 49 16 8 5 4 3
2192 Markus Novak 3 50 27 6 4 3 3
2194 Oliver Nina 2 49 33 5 2 2 2
2196 Huimin Wang 4 49 10 9 5 5 4
2197 Matilde D'Arpino 4 49 15 11 4 4 3
2198 Kayla I Perry 4 49 12 11 9 9 3
2199 Florence Becot 4 49 13 8 7 4 3
2203 Jiyu Zhang 4 48 9 9 7 6 4
2208 Kenneth Ray Moran 5 48 7 7 7 6 6
2209 Jessica R. Page 4 47 18 8 8 6 3
2210 Cory Shain 3 47 22 11 9 2 1
2211 Minkyu Kim 4 47 27 6 5 4 2
2213 Omkar Lele 5 46 10 10 7 6 6
2216 David Chen 4 45 12 8 8 5 3
2218 Omer Anil Turkkan 5 45 11 10 7 6 5
2221 Manoj V Ramachandran 2 44 28 16 16 0 0
2222 Huyen Thanh Nguyen 3 44 26 10 3 2 1
2223 Kyungmin Lee 3 44 25 9 5 2 2
2224 Sara L. Mastellar 4 44 12 5 4 4 4
2226 Tzu-Hsuan Wei 4 44 14 9 7 6 3
2227 Mina Makary, MD 4 44 24 5 4 4 2
2230 Jesus J. Lara, PhD 4 43 12 11 8 7 2
2231 I Valdez 4 43 11 8 7 7 3
2232 David A. Delaine 4 43 13 7 4 4 3
2238 Daniel Dotson 4 43 16 13 4 4 2
2239 Anna Conrad 3 43 13 12 10 3 2
2242 Alan Green 3 42 24 10 4 2 1
2245 Nicholas A. Pike 4 42 14 10 7 4 4
2246 Yue Jin 3 42 21 10 5 3 2
2249 Jennifer P. Lundine 3 42 20 12 4 1 1
2250 Dong-Yeop Na 4 42 12 7 6 4 3
2254 Mohammad Arif Hossain 4 41 13 6 5 5 4
2256 Amanda Rinehart 3 41 21 8 6 3 2
2257 Noah Dunham 4 41 9 8 5 4 4
2261 Domenic Belgiovane 5 40 8 7 7 6 5
2262 Brittany Hand, PhD, OTR/L 3 40 19 17 3 1 0
2263 Felipe Dalla Lana 3 40 25 12 3 0 0
2267 Jenna Merandi 3 40 17 9 7 3 2
2270 Christine A Fortney 4 40 8 7 4 4 3
2271 Shravan Bharadwaj 4 40 11 10 6 6 2
2272 Seungjun Lee 4 41 15 7 7 4 4
2276 Alexander Fotis 3 40 26 7 4 3 0
2280 Behzad Abounia Omran 3 40 19 12 5 2 1
2282 Laurianne Paravisini, PhD 4 40 13 13 8 4 1
2285 Camille R. Quinn 5 39 8 7 7 6 6
2289 Jennifer Schwartz 2 39 21 15 2 1 0
2291 Prashant Singh Rawat 4 41 20 8 5 5 3
2292 Witopo Salim 3 39 18 12 3 2 2
2293 chetan mutha 3 38 17 11 4 3 2
2295 Arati Maleku 4 38 12 12 5 4 2
2297 Abbas Rizvi 2 38 29 7 1 1 0
2298 Wei Wang 4 37 16 4 4 4 3
2300 Yiska Loewenberg Weisband 3 37 23 4 3 2 2
2302 Peng Jin 4 37 10 5 5 5 4
2303 Jefferson Barlew 5 37 11 8 6 5 5
2304 Ginevra E. Cochran 3 37 15 8 5 3 3
2305 Myles Moore 3 37 26 6 3 1 1
2307 TaeKyu Kwon 3 37 26 3 3 2 2
2308 Michael Crawley 4 37 8 6 4 4 4
2311 William K Eymold 4 37 16 8 6 5 1
2312 Mina Alizadeh 3 37 22 3 3 3 2
2314 Jie Liu 2 37 22 14 1 0 0
2316 Rohit Deshmukh 4 36 19 5 4 4 1
2320 Cecilia Mengo 3 36 19 7 4 2 1
2322 Quanqi Dai 3 36 13 12 7 2 1
2328 Shimeng Li 3 35 18 5 4 3 3
2329 Lisa Burris 4 35 7 7 5 5 3
2330 Soheil Moosavinasab 3 35 12 10 7 3 1
2331 Gene R Springs 3 35 24 3 3 3 1
2335 Lynn Itagaki 3 35 19 7 3 3 2
2338 Jinsung Kim 4 34 13 7 7 4 2
2339 Julia Jorati 4 34 8 8 8 4 3
2341 Colby Long 4 34 8 6 5 4 3
2343 Rebecca L. Morley 4 34 8 6 5 5 3
2347 Gaofeng Sha 2 34 18 10 2 1 1
2348 Patrick Bray 4 33 12 10 4 4 1
2351 Kent Curtis 4 33 11 8 7 6 1
2352 William H. Walker II 3 33 20 4 4 3 1
2353 Anthony Fulford 4 33 10 8 5 4 3
2354 Eugenia Romero 3 32 12 10 5 2 1
2356 Mostafa Elsaadany 4 32 9 5 5 4 3
2358 Megan Ferriby 4 32 13 6 5 4 3
2359 Yuanyuan Wang 3 32 16 9 3 1 1
2360 Anshuman Pandey 3 33 12 8 7 3 2
2363 Carolin Fink 4 32 16 8 4 4 0
2364 Jordan Clark 3 32 13 3 3 3 2
2366 Zakari Eckert 2 31 21 5 2 1 1
2367 Ozgur Dalkilic 4 31 12 12 6 5 4
2370 Xiao Fang 4 32 14 7 5 5 1
2371 Hsiu-Chen Chang 3 31 10 6 3 3 2
2373 Rosario Distefano 4 30 9 7 6 4 3
2374 Pengfei He 3 30 11 8 4 3 2
2375 Shoshanah Goldberg-Miller 4 30 8 7 5 4 3
2376 Brian Raison 3 30 18 6 3 2 1
2377 Heather Tanksley Peters 3 30 12 7 3 3 2
2383 Daniel W. Noonan 3 29 15 7 7 0 0
2385 Gregg Gascon 3 29 12 9 5 3 0
2388 xuezhe tian 3 29 11 7 5 3 2
2389 Kuntal De 2 29 24 2 1 1 1
2392 J. Craig Jenkins 3 28 18 5 3 1 1
2394 Ashraf El-Hinnawi 3 28 10 9 4 1 1
2395 manjuan duan 3 28 5 5 4 3 3
2396 Sui Chian Phang 3 28 10 8 6 3 1
2398 Xiaofeng "Denver" Tang 3 28 8 5 4 3 3
2399 Pengfei LYU 3 28 9 3 3 2 2
2400 Madhumita Dutta 2 28 13 8 2 2 1
2402 Shanshui Yuan 2 27 19 5 1 1 1
2404 Sameh Hosny 3 27 11 7 3 3 2
2408 Stephen Glass 4 27 10 4 4 4 3
2410 Dimitria Mathys, VMD 2 27 21 3 1 1 1
2411 Monica Hagan Vetter 3 27 11 4 3 3 3
2412 Theodore Chao 2 26 12 3 2 2 2
2422 Emmanuel Amoakwah 4 26 7 5 5 4 2
2423 Mustafa Kuloglu 3 26 7 6 6 3 2
2435 Yaxian Wang 3 25 10 5 4 2 2
2441 Morag Boyd 3 24 12 7 3 1 1
2442 Tingting Liu 3 24 10 6 4 3 1
2444 Varsha Gopalakrishnan 2 24 15 7 1 1 0
2446 Jakub Husek 3 24 11 6 5 2 0
2450 Corey D. Wallace 2 24 11 8 2 1 1
2453 Justin R Young 3 23 14 6 3 0 0
2456 Dennis Cleary 2 23 14 3 2 1 1
2457 Mohammad Hejase 3 24 7 3 3 3 2
2458 Neil Tennant 2 23 7 2 2 2 2
2466 David Phinney 3 22 10 5 3 2 1
2468 Emily Dringenberg 3 22 6 5 4 3 2
2473 Nena Couch 3 22 10 5 4 1 1
2475 Nathaniel Condit-Schultz 3 22 9 5 4 1 1
2477 Nima Niassati 3 21 8 4 3 2 1
2480 punit tulpule 3 21 5 4 3 2 2
2484 Andrew D. Klarner 2 21 13 3 2 2 1
2488 Ashley N. Edes 3 21 7 6 5 1 1
2493 S. Unnikrishnan 3 27 7 5 4 3 2
2495 Rajesh Ranjan 2 20 8 6 2 2 1
2498 Jessica Pempek 2 20 8 7 2 2 1
2511 Ingrid Mattson 2 19 13 5 1 0 0
2512 Benjamin Wenner 2 19 7 4 2 2 2
2513 Dong Soo Kim 3 19 10 5 3 1 0
2515 Ehsan Fereshtehnejad 3 19 5 5 4 2 2
2521 Taras Pyatkovskyy / Тарас П’ятковський 2 18 9 6 2 1 0
2522 Steven Tjung 2 18 9 8 1 0 0
2524 nithin sugavanam 3 18 5 4 4 2 1
2525 Karun Arjun Potty 3 19 5 5 4 3 1
2534 Karl Whittington 2 17 9 3 2 1 1
2538 Arvind T. Mohan 3 17 6 4 4 2 1
2543 Chaitanya Krishna Prasad Vallabh 3 17 5 4 3 2 1
2544 Mohammad Wahidur Rahman 3 17 5 3 3 2 1
2548 Zane Raudenbush 2 17 6 3 2 2 1
2552 Amanda L. Folk 2 16 7 5 2 1 1
2554 Thai-Hoang Pham 3 16 4 4 3 2 1
2555 Feiran Lei 2 16 4 4 2 2 2
2561 Kevin M Huang 1 16 13 1 1 1 0
2564 Andrea Cardona, MD, PhD, Cardiologist 2 15 8 3 1 1 1
2567 Hanbaek Lyu 2 15 7 3 2 1 1
2568 Elizabeth Palmer Kelly 2 15 6 3 2 2 1
2577 Demián Gómez 2 14 3 3 2 2 1
2578 Lifeng Jin 2 14 4 4 1 1 1
2579 Matthew D Teegarden 2 14 8 3 2 1 0
2588 Claire D Monroy 2 14 6 5 1 1 1
2594 Simone Drake 2 13 5 3 2 1 1
2597 Jonathan Eisenmann 2 13 4 2 2 2 2
2598 Michael Sharpnack 2 13 9 2 1 1 0
2602 D. B. Ruderman 2 13 6 4 2 1 0
2608 Abolfazl Zolfaghari 2 13 3 2 2 2 1
2609 Hannah Kosstrin 2 13 6 5 1 1 0
2621 Sara Sampson 1 12 11 1 0 0 0
2622 Wesley R. Barnhart 2 12 4 3 2 2 1
2628 Claire E Bollinger 2 12 4 4 2 2 0
2633 Navni Verma 2 12 9 2 1 0 0
2636 Qinyu Chen 2 12 3 2 2 2 1
2661 Anastasia Manesis 1 10 10 0 0 0 0
2683 Laura Boucher 2 9 4 3 1 1 0
2739 Gagan Jodhani 1 7 4 1 1 1 0
2744 Ingrid K. Richards Adams 2 7 4 2 1 0 0
2750 Rakshit Ramachandra 2 6 4 2 0 0 0
2760 Dominder Kaur 1 6 2 1 1 1 1
2774 Scott A. Martin 1 6 3 1 1 1 0
2777 Maureen Donovan 1 5 2 1 1 1 0
2796 Qianlin Wang 1 5 3 1 1 0 0
2804 Qiong Wu 1 5 3 1 1 0 0
2805 Christopher D. Cook 2 4 2 2 0 0 0
2821 Ann Marie L. Davis 1 4 2 1 1 0 0
2832 James J. Palestro 2 4 2 2 0 0 0
2863 Shahadat Hasan Sohel 1 3 2 1 0 0 0
2894 Kelly Yotebieng 1 2 2 0 0 0 0
2910 Rachel L Tatarski 1 1 1 0 0 0 0
2919 Jordan V. Pino 1 1 1 0 0 0 0
2928 Thuc T. Mai 1 1 1 0 0 0 0
