1 Shizuo Akira 261 322399 9410 9326 7860 6630 6457
2 Shigekazu Nagata 128 89041 5918 5175 3792 3293 3276
3 Nakamura Haruki 77 56649 25848 1539 823 628 569
4 Hiromi Yamashita 102 55078 1131 870 656 569 566
5 Takeshi Noda 54 33200 6457 5258 4869 1443 1379
6 Masaru Okabe 91 31100 2975 2540 689 633 614
7 Masayuki Miyasaka 84 25320 784 668 435 428 403
8 Kazutaka Katoh 28 22492 6981 6066 3426 2625 832
9 Hiroshi Ishiguro 71 19834 739 454 453 429 351
10 Isao Tanihata 65 19467 2175 977 862 711 584
11 Hiromi YAMASHITA 70 19283 566 447 421 409 354
12 Masahito Ikawa 69 19173 2540 728 689 668 633
13 Yuji Goto 76 18279 624 610 463 441 439
14 Katsuya Shimizu 56 18338 530 383 297 279 271
15 Yoshishige Suzuki 55 16370 2819 970 865 820 669
16 Hiroshi Motoda 42 16111 3925 2051 1226 953 938
17 Tsuyoshi Sekitani, Ph.D, Professor 51 15869 1446 1087 1062 1041 1015
18 M Asada 48 14557 1020 840 453 445 429
19 Hiroshi Toki 62 13610 823 675 463 299 228
20 Michio Murata 56 13098 961 691 570 499 442
21 Kensuke Harada 51 12670 1831 1194 449 241 226
22 Hiroaki Nishimura 53 12412 580 424 384 361 229
23 Akira Shinohara 45 11245 1259 1240 824 688 551
24 Ryota Hashimoto 53 10804 407 394 359 336 289
25 Masanori OZAKI 49 10791 409 323 237 207 191
26 Daron M Standley 30 10752 6981 684 363 184 173
27 Fumio Miyazaki 35 10475 3305 1513 369 336 319
28 masayoshi tonouchi 38 9972 4074 210 185 180 173
29 Tadao Nagatsuma 49 9511 546 518 390 384 303
30 Yoshiaki Tomiyama 51 9436 1578 374 323 246 232
31 Masashi Narazaki 38 9278 1455 1434 646 435 401
32 HIROSHI SASAKI 36 9196 691 653 647 630 545
33 Hideo Matsuda 23 9176 2891 1625 1218 759 446
34 Tomoo Mizugaki 57 9087 804 443 386 235 208
35 Mitsutaka Okumura 46 8839 604 513 351 246 242
36 Tomoaki Matsuura 48 8794 351 292 252 249 203
37 Tatsuo Fukagawa 52 8718 521 500 393 342 292
38 Masayoshi NAKANO 48 8524 291 247 233 222 220
39 Y. Sentoku 50 8493 501 332 280 226 225
40 Izumi Ohzawa 40 8484 703 535 498 490 449
41 Nobuyuki Imoto 47 8435 873 658 591 244 231
42 Eiichiro Fukusaki 50 8430 240 170 164 155 147
43 Hisashi Arase 47 8361 1140 420 374 302 295
44 Katsuro Inoue 42 8174 1499 196 156 155 138
45 Kazuaki Yoshikawa　吉川 和明 50 7853 560 511 441 207 200
46 Atsushi Nakagawa 44 7770 501 468 295 292 250
47 Kazuyoshi Itoh 43 7718 582 332 269 257 239
48 猿倉信彦 44 7598 630 345 218 217 217
49 Yasuyuki Matsushita 43 7246 538 446 446 250 204
50 Tamio Oguchi 41 6979 649 431 299 215 191
51 Yoshitada Morikawa 44 6969 1082 302 260 185 177
52 Yasushi Yagi 38 6932 349 320 293 254 253
53 Shoji Tajima 44 6777 875 415 369 221 210
54 Hiroshi Miyasaka 46 6662 813 199 145 129 128
55 Akira  Oiwa 30 6304 2576 738 209 197 187
56 Hiroyuki Nakayama 31 6166 2055 578 378 351 246
57 Haruo Takemura 32 6159 1875 167 155 154 142
58 Fumio Matsuda 41 6087 886 470 291 272 221
59 Mikito Koshino 36 6067 719 682 439 302 254
60 Kazuhiko Nakatani 41 5965 532 398 228 160 145
61 Diego Miranda-Saavedra 33 5890 891 710 595 574 419
62 Shusuke Yamanaka 36 5848 247 217 173 145 145
63 Koh Hosoda 38 5843 453 406 344 200 200
64 Takashi KUBO 44 5809 325 247 222 220 215
65 Kaori Hirahara 29 5574 748 566 499 329 329
66 Akira Sakai 31 5542 1096 503 276 248 217
67 Toshimichi Fujiwara 31 5512 220 181 107 93 93
68 Hiroki Nishida 43 5480 514 222 181 179 164
69 Takahiro Hara 34 5481 495 302 252 189 160
70 Satoshi Hamaguchi 39 5376 452 322 189 162 152
71 Shota Nakamura 34 5352 218 192 160 109 106
72 Yasushi Sakata 39 5250 260 234 207 147 143
73 Yutaka Fujita 31 4237 623 505 396 178 152
74 Masahiro Inuiguchi 33 5052 703 238 219 217 201
75 Keisuke Shigemori 33 5006 1040 580 223 169 168
76 Akihito Hashidzume 35 4890 664 475 281 272 215
77 Hiroshi Shimizu 41 4828 196 188 176 102 101
78 Yasushi Umeda 31 4774 560 420 282 205 172
79 Kunihiko Nishino 34 4579 546 284 241 200 191
80 Shinsuke FUJIOKA 33 4567 533 169 159 152 125
81 Ichiro Fujita 32 4534 765 422 162 157 138
82 Susumu Uchiyama 39 4516 160 123 116 109 104
83 Yasutaka Kitagawa 32 4514 533 181 154 145 140
84 Tatsuki Sugiyama 17 4441 1653 680 496 322 291
85 Shin-ichi Kimura 30 4256 427 188 114 108 106
86 Akira Sekiyama 33 4247 289 280 214 197 167
87 Junqiu Wang 28 4201 1096 502 198 157 136
88 Tetsuya Tsuda 34 4151 695 210 198 191 175
89 Masayuki Abe 29 4096 603 325 228 188 136
90 SHIGENOBU OGATA 29 4079 562 380 286 246 209
91 Hiroshi Ajiki 21 4027 1138 741 488 294 197
92 Shigeru Kitazawa 30 4019 352 346 273 265 175
93 Norihito Shintani / 新谷 紀人 36 3907 304 277 179 123 108
94 Katsumasa Fujita 35 3606 190 181 169 157 157
95 Toshiya Muranaka 36 3668 236 207 151 141 139
96 Takafumi Kato 27 3657 460 458 259 250 223
97 Hidetomo Usui 19 3651 1616 663 293 174 101
98 Atsushi MINE 29 3616 539 269 223 197 195
99 Tsuyoshi Nishi 27 3607 1125 281 179 162 150
100 Satoshi Fujimoto 29 3580 602 427 232 206 159
101 Naomi Kato 27 3474 943 257 194 158 88
102 Masayuki Fujita 25 3453 785 477 200 191 176
103 Ryohei Kishi 31 3449 247 222 220 123 123
104 Genji Kurisu 28 3421 675 286 207 174 174
105 Takashi Nakagawa 33 3347 245 98 92 78 74
106 Prabhat Verma 28 3287 571 207 179 126 123
107 Tadashi Nakano 27 3212 323 280 280 209 186
108 Shigeto Seno 10 3149 2887 63 24 21 19
109 Akihiro Shimizu 31 3147 236 222 215 175 140
110 Youichi Sakawa 27 3125 535 157 119 116 106
111 Ryouhei Ishii 30 3113 398 390 131 105 95
112 So-ichiro Fukada 25 3095 532 279 227 160 151
113 Takayuki Hamano 29 3079 244 223 135 125 113
114 Yasuhisa Mizutani 30 2932 249 235 168 111 105
115 Kazunori Komatani 29 2931 155 131 92 84 74
116 Nobuya Mori 24 2927 784 173 138 101 80
117 Shinji Sakai 32 2922 172 115 108 107 87
118 Kei Hirai 30 2891 203 159 157 141 113
119 Teruo Higashino 27 2871 287 118 92 90 77
120 Yasuyuki Suzuki 29 2850 201 182 126 111 106
121 Yukio Ago 31 2795 141 122 93 77 74
122 Fumio Ohtake 23 2789 151 144 135 115 86
123 Mamoru Suzuki （鈴木　守） 30 2778 224 210 154 132 124
124 Mitsunori Fukuda (福田光順) 24 2764 288 284 206 202 121
125 Atsuhiro Saito 26 2745 270 226 167 151 129
126 Tetsuya Takine 28 2741 129 127 110 88 86
127 山田雅司 30 2739 230 192 187 133 131
129 Akihiro Maruta 31 2679 147 108 93 89 82
130 Kentaro Nagamine 32 2672 162 147 119 106 104
131 Hidesato Ogawa 15 2667 703 614 295 273 183
132 Takayoshi Sano 24 2652 370 237 181 179 154
133 Zhe Zhang 17 2648 1339 169 155 93 50
134 Takeshi Omasa 29 2571 150 146 128 104 73
135 Hiroki Akutsu 28 2555 174 84 78 76 75
136 Yoshihiro Omori 22 2553 807 185 173 138 122
137 zhaoke zheng 19 2543 392 341 283 197 161
138 Yoshihiro Kamada 25 2496 554 171 137 124 80
139 Masae Kuboniwa 31 2490 157 154 112 106 103
140 Koji Hashimoto 28 2386 152 114 104 96 82
141 Yosuke Kawahito 25 2352 206 130 118 112 87
142 Yasuo Nozue 25 2336 191 181 108 103 96
143 Ikutaro Hamada 27 2275 207 171 106 104 88
144 Jun Tatebayashi 27 2249 316 125 95 81 75
145 Naoki Wakamiya 25 2230 186 118 111 86 81
146 Takatoshi Hikida 21 2229 398 334 207 156 153
147 Alexei Zhidkov 25 2215 212 175 117 102 89
148 Takashi Yamamoto 22 2213 231 221 206 144 122
149 Takafumi Uemura 26 2176 236 218 139 117 107
150 Koji NAGAO 20 2171 506 286 147 144 132
151 Nicholas Smith 24 2166 217 190 181 152 89
152 Shin-ichiro Yoshimura 20 2160 375 288 205 193 171
153 Yohsuke Imai 27 2148 164 113 103 91 90
154 Takeshi Sugahara 26 2143 136 135 127 116 95
155 Taishin Nomura 24 2130 187 165 111 101 79
156 Hirotaka Koga 28 2122 145 140 132 109 106
157 Noboru Babaguchi 20 2121 270 127 73 72 71
158 Yasushi Mae 21 2120 108 87 85 71 64
159 Yasushi Makihara 25 2103 253 134 123 118 89
160 Shima Tatsushi 24 2077 182 115 98 87 83
161 Keith Slevin 24 2049 289 172 141 107 93
162 Kunio Awazu 22 2030 217 147 69 60 48
163 Hidenori Terasaki 28 2000 132 125 102 86 79
164 Yasutaka Kuwahara 26 1999 138 87 80 78 71
165 Yoshiyasu Ono 23 1972 327 152 116 103 81
166 Hirohiko Shibayama 23 1973 154 152 132 120 115
167 Shigeki Tokita 23 1965 261 183 133 100 90
168 Ayako Isotani 19 1886 600 175 137 121 106
169 Masanori Hashimoto 25 1873 64 51 49 45 45
170 Mori Kohji 　森 康治 13 1875 617 216 202 169 131
171 Yuichi Koga 25 1869 113 86 70 67 58
172 Masato YOSHIYA 25 1864 107 107 104 101 100
173 Takao Onoye 23 1846 102 71 51 45 44
174 Iwao Kawayama 21 1834 210 173 125 105 81
175 Kohsuke Honda 22 1806 297 156 73 71 61
176 Ken Terao 23 1755 160 128 90 88 70
177 Shinpei Yamaguchi 14 1756 347 296 287 173 131
178 Takeshi Mizushima 23 1746 183 128 119 111 96
179 Shijo Nagao 21 1730 109 87 81 78 59
180 Hiroshi Tamura 20 1695 422 136 130 126 117
181 Kiyoko Makimoto 24 1693 157 139 109 94 69
182 Ryoichi HORISAKI 18 1691 364 164 125 119 94
183 Kazuhisa Sato 23 1652 88 87 83 64 61
184 Takuro Nakagawa 23 1649 182 130 125 123 101
185 Keisuke Morishima 19 1645 192 163 83 80 69
186 Kin-ya Oda 21 1641 230 141 110 101 89
187 Hiroufmi Suzuki 20 1629 130 130 130 125 111
188 Shuichi Suzuki 20 1622 290 143 132 128 67
189 Noriaki Matsushima 21 1614 177 141 93 92 86
190 Yoshiki Higo 21 1611 155 87 86 73 65
191 Toshimitsu Masuzawa 22 1611 66 62 55 53 51
192 shinji shimojo 17 1569 57 56 49 38 29
193 Jobu Matsuno 22 1551 122 107 95 88 72
194 Go Hasegawa 19 1549 165 103 78 45 43
195 Kanoh J 18 1546 259 190 177 147 130
196 Satoshi Yukawa 20 1523 393 127 95 91 80
197 Osamu Urakawa 24 1527 87 79 61 58 56
198 Nicolas Pavillon 16 1518 283 283 242 116 101
199 Tetsuro Hirono 23 1515 99 79 70 70 67
200 Koichi Kawamoto 21 1508 111 61 57 56 52
201 Yukio Takahashi 18 1502 240 207 137 74 61
202 Kenji Matsushita 20 1510 132 121 105 98 94
203 Hajime Yoshino 23 1470 108 85 71 66 60
204 Hironaru Murakami 20 1465 105 60 59 55 43
205 Kunihiko Yamauchi 17 1461 262 105 101 93 92
206 Praveen K Dubey 16 1442 192 158 151 145 137
207 Teruo Kanki 20 1433 210 108 76 69 54
208 Hideyuki Nakanishi 17 1409 188 181 126 69 68
209 Yusuke Sugano 19 1379 156 111 101 98 92
210 Suzuki Joe 12 1377 297 206 138 123 100
211 Hajime Nagahara 19 1369 149 89 85 71 55
212 Keisuke UENISHI 20 1364 212 169 80 55 45
213 Tatsuhiro Tsuchiya 20 1360 258 81 75 69 67
214 Keisuke Nimura 17 1358 250 156 149 114 103
215 Takeshi Nagase 21 1351 55 48 47 44 35
216 Masakazu TANE 20 1347 130 76 74 70 63
217 Koji Tsubakimoto 21 1340 113 78 76 75 67
218 Kazuya Kabayama 14 1332 324 272 170 87 55
219 Hiroshi Kinoshita 21 1325 166 138 99 87 78
220 Shuji Tachibanaki 18 1307 242 137 125 112 92
221 Tatsushi Nishi 18 1300 70 55 53 52 51
222 Yuhkoh Satouh 17 1300 269 175 96 82 82
223 Hisashi Serizawa 17 1301 87 82 74 64 61
224 Takanori Iwasaki 20 1301 219 125 80 75 55
225 Yasutaka Yamaguchi 16 1297 202 138 106 105 90
226 Shigemasa Takai 18 1293 65 61 55 48 43
227 Akihiro Nakatani 18 1291 106 101 81 80 60
228 Yasuhiro Kuramitsu 18 1288 116 106 103 83 81
229 Kozaki Kouji 19 1284 138 133 93 92 86
230 Thorsten Henrich 19 1217 126 120 103 98 96
231 Yukie Nagai 19 1216 200 87 69 63 51
232 James Badger Wing 13 1217 300 204 172 139 91
233 Yuichi Itoh 16 1215 155 107 102 90 84
234 Haruto ISHIKAWA 15 1215 177 140 130 95 84
235 Yasushi Kobayashi 17 1211 153 104 100 91 89
236 Kazuko Kaneda-Nakashima 19 1205 160 99 85 82 82
237 Shuhei Nakamura 17 1201 159 146 142 88 84
238 Ken Kiyono 19 1181 123 112 103 100 54
239 Yamanaka Toshio 18 1179 188 75 69 48 47
240 Masakatsu Watanabe 17 1158 167 125 91 90 83
241 Yo Kobayashi 17 1110 44 39 39 38 31
242 Megumi Akai-Kasaya 19 1105 139 83 62 56 55
243 Masahito Mihara 14 1095 176 114 113 113 111
244 Katsunori Yoshikawa 16 1068 196 188 82 75 60
245 Meicheng WEN 16 1048 263 110 95 65 57
246 Akira R. Kinjo 18 1031 169 102 72 43 42
247 Kang Kim 17 1024 111 106 94 77 66
248 Takufumi Yanagisawa 15 1000 145 132 89 63 59
249 Dr. Naresh Kumar 17 999 206 159 103 66 61
250 Satoshi X. Nakamura 18 996 168 155 122 55 54
251 Toshimasa Matsuoka 15 989 129 65 47 41 39
252 Yuichiro Fujiwara 16 975 112 103 94 82 79
253 Hirozumi Yamaguchi 17 973 174 92 58 55 42
254 Takeshi Hatanaka 16 967 131 69 66 59 52
255 Tatsuo Nishitani 16 974 81 56 46 45 30
256 peng zhang 16 965 344 75 67 49 48
257 Yoshitaka Fujihara 18 924 175 121 60 59 57
258 HIROSHI MORITA 16 917 93 80 78 72 70
259 Yoshiaki Uchida 16 908 71 71 58 54 53
260 Yoichi Otsuka 13 909 239 118 81 72 48
261 Fumihiko Ino 16 904 99 92 91 52 44
262 Kazuhiko Hasegawa 16 901 86 50 36 32 27
263 Diego Diez 17 891 98 97 97 83 63
264 Daisuke Iwai 16 890 150 81 46 37 35
265 Mahito Yamamoto 13 879 146 127 126 69 68
266 Shinji Deguchi 15 878 215 117 67 45 43
267 Daisuke Furihata 10 842 183 155 124 103 92
268 Tomoki Yoshihisa 16 830 61 50 41 28 27
269 Hasegawa Toru 12 819 185 31 21 21 20
270 Kojiro Matsushita 12 813 227 145 46 43 37
271 Hajime Kimizuka 17 813 112 65 63 52 45
272 Hideki Kobayashi 13 810 164 104 72 27 20
273 Hui-Wang Cui 15 799 38 34 34 33 30
274 Shinsuke Ikeda 15 798 135 63 55 51 33
275 Kohei Ueda 13 783 288 106 57 55 46
276 Norikazu Ichihashi 15 777 127 95 76 65 40
277 Naoto Yamauchi 11 770 208 130 81 54 51
278 Hisamichi Naito 14 754 147 94 87 67 43
279 Andree Hubber 9 751 343 144 52 49 46
280 Yasuko Osakada 16 735 96 85 64 56 50
281 Naohiro Matsumura 15 727 96 43 31 28 28
282 Shigehiro Serizawa 14 727 86 59 57 56 51
283 Tatsuro Iwaisako 9 716 159 116 110 92 67
284 Yutaka Nakamura 14 706 105 79 47 35 35
285 Masamitsu Konno 14 701 111 65 61 61 31
286 Yohei Yamaguchi 13 696 117 74 70 58 37
287 Masaya Yamaguchi 12 694 130 98 66 64 60
288 akihito konishi 10 680 175 123 95 91 56
289 Naoko Nitta 13 675 72 71 70 51 37
290 Koichi Fujimoto 10 668 216 164 76 53 30
291 Jiachen Yang 15 664 49 40 39 36 31
292 Yoshiyuki Ohtsubo 14 660 151 86 55 50 35
293 Kohei Takeshita 13 654 123 94 65 64 62
294 Shunsuke Saruwatari 12 641 79 48 44 37 33
295 Keita Kobayashi 12 637 166 117 60 44 32
296 Zhan Jin 11 630 183 67 64 56 36
297 Susumu Date 13 630 47 36 27 24 23
298 Hiroaki Sandoh 13 629 53 46 43 36 27
299 Takashi Fujii 11 631 304 63 57 50 29
300 Daisuke Motooka 12 623 97 63 55 46 44
301 Joji Mima 13 621 135 88 56 49 45
302 Hisashi Kotani 13 598 48 34 29 23 20
303 Rajiv Kumar Verma 14 592 110 60 53 52 47
304 Kazufumi Hosoda 13 593 127 73 47 46 34
305 Yukihiko Sugita 6 586 302 110 100 31 20
306 Noriko Uosaki 13 578 110 50 40 35 31
307 Yuki Arase 12 573 136 71 57 51 35
308 Heun Tae Lee 12 562 103 80 56 33 33
309 Akinori Kawachi 11 539 93 84 63 44 41
310 Hideo Sato-Akaba 14 540 65 51 44 31 30
311 Ryo Matsumoto 13 537 41 39 35 33 29
312 Kunichika Tsumoto 12 524 156 47 37 34 32
313 Toshiharu Hatanaka 12 508 54 22 19 18 18
314 Koji Oohora 12 504 80 67 55 49 41
316 Hideharu SUGIHARA 11 500 108 46 42 40 29
317 Tatsuhiko Ohto 14 493 71 56 39 38 28
318 Christoph Gerle 8 489 169 102 80 37 31
319 Daiji Kiyozumi 11 487 91 79 60 54 41
320 Kentaro Doi 12 486 52 42 39 34 20
321 Jaehun Cho 10 488 116 101 52 37 34
322 Masaru Sasaki 10 477 112 60 40 36 34
323 Chih-Yao Chen 12 476 67 62 52 47 44
324 Yumi Yakiyama 12 476 109 96 53 21 20
325 Michinori Uwasu 13 474 79 36 31 22 22
326 Yukinao Akamatsu 10 474 111 111 58 27 26
327 Ery Fukushima 9 473 141 139 62 29 19
328 Haruki nagae 10 470 182 61 42 38 28
329 Sastia Prama Putri 10 469 147 109 50 35 15
330 Junichiro Ishida 12 452 77 58 38 30 29
331 Kentaro Kajiwara 7 447 151 77 72 68 32
332 Tomoyuki Naito 10 438 126 54 49 42 35
333 Akinori Irizawa 10 438 138 55 25 25 14
334 Rikizo Ikuta 11 436 122 44 35 26 18
335 Motoaki Bamba 11 435 161 41 29 27 21
336 Nobuto Yoshinari 12 434 38 31 22 20 19
337 Masayuki Ochi 8 432 180 85 25 21 15
338 Hiroyuki Nakagawa 11 432 86 32 23 21 20
339 Brendan F.D. Barrett 9 420 108 67 50 44 29
340 Yusuke Doi 11 414 80 60 38 38 33
341 Masatomo So 9 408 165 47 35 25 25
342 Shuhei Ikemoto 10 407 120 72 24 19 18
343 Kentaro Mase 11 397 58 50 46 35 33
344 Yuuichi Teranishi 11 395 42 19 18 15 14
345 Kaname Harumoto 11 393 49 23 19 18 16
346 Yu KITAGO 11 391 73 64 51 42 36
347 Yuichi Ohsita 9 389 87 61 29 15 14
348 Akira Uchiyama 9 389 92 58 42 33 28
350 Ken Mishina 7 381 108 93 82 49 25
351 Kenichiro Koshiyama 9 377 90 86 34 28 27
352 Ryuji Nishi 11 376 55 39 26 19 15
353 Takehiko Yasuda 9 368 75 75 44 26 20
354 Hiromichi Akimoto 11 368 47 31 26 26 26
355 Kohei Miyanishi 10 361 62 52 46 27 19
356 Tomohiro Fukuda 10 361 45 30 16 14 13
357 Kiyokazu Yasuda 11 358 46 46 46 33 33
359 Michi Nishihara 12 354 41 36 26 24 22
360 Masamichi J. Hayashi 8 356 80 65 58 40 38
361 Yoshihiro Kuroda 9 353 58 30 18 13 12
362 Yuji Kado 8 353 98 82 43 33 25
364 Shunji Umetani 8 331 122 55 36 35 15
365 Kazunori Nozaki 10 327 57 26 20 17 16
366 Takanori Kida 7 325 83 62 28 20 14
367 Atsuro Morita 13 319 66 38 31 30 18
368 Katsuki Okuno 6 317 199 38 31 28 9
369 Mitsuru AKAKI 9 315 46 36 35 33 21
370 Takuya Katashima 9 300 80 68 37 28 24
371 Satoshi Yamaguchi 9 300 45 39 37 21 15
372 Taiga Yurino 8 297 123 39 34 25 22
373 Trung Ngo Thanh 9 295 89 30 29 23 19
374 Takayuki Tsuruga 8 283 54 50 45 33 23
375 Constantin Siriteanu 10 275 30 29 19 18 18
376 Takahiro Kozawa 10 272 32 27 27 25 18
378 Hirohiko Niioka 9 268 51 37 23 22 22
379 Sadaoki Kojima 8 262 55 26 25 21 18
380 Kensuke Kiyokawa 10 262 42 40 33 20 19
381 Jason Orlosky 10 259 29 27 23 22 19
382 Masaki Shimizu 7 258 134 42 27 13 12
383 Asahina Yuya 11 254 49 41 22 21 21
384 Yuya Sasaki 9 253 32 31 30 28 27
385 Atsushi SEKIMOTO 6 249 100 83 23 10 9
386 Shosuke Sasaki 9 245 17 15 13 13 13
387 Pierre-Yves Donzé 9 242 25 21 20 20 15
389 Tomohiro Mashita 8 237 51 24 22 17 11
390 Kota Kadoi 10 235 29 27 21 18 15
391 Junjun Li 9 229 57 30 26 25 17
392 Takeshi Murooka 7 212 106 26 19 16 15
393 Keiji Tatsumi 8 209 23 17 14 13 12
394 Giovanni Sala 9 204 33 27 27 21 17
395 Kayoko HAYASHIHARA 7 203 109 31 18 12 12
396 Gideon I. Livshits 5 201 122 45 12 10 6
397 Kentaro Kawai 6 200 37 32 15 15 12
398 Kaori Nozawa 7 200 54 43 35 19 14
399 Shreyam Chatterjee 8 195 47 28 23 22 21
400 Daichi Kominami 7 194 38 22 21 20 14
401 Atthawut Chanthaphan 7 193 90 34 13 12 9
402 Chizu Kato 6 192 110 36 11 10 9
403 Akihiro Kawamoto 7 190 84 35 24 15 10
404 Liu Xiaochao 7 185 40 35 31 19 17
405 Takeshi Yamada 4 183 99 35 26 11 4
406 Kenji Setoura 7 183 49 28 27 21 20
407 Ryo Tsunashima 7 178 36 31 21 18 17
408 Tien Quang Nguyen 9 176 31 22 19 17 17
409 Masaki Samejima 7 175 24 15 14 8 8
410 Chenhui Chu 9 174 26 17 15 13 13
411 Katsuyoshi Matsushita 7 172 61 19 13 10 9
412 Kentaro Yaji 5 170 54 53 27 7 7
413 Taichi NODA 8 168 54 23 19 19 10
414 Yoshiyuki Kido 7 168 58 13 13 9 8
415 shailendra kumar singh 5 168 61 38 30 17 9
416 Al Mansur 8 167 26 25 17 17 13
417 jihui yuan 9 165 32 27 16 13 12
418 Xiangdong Liu 5 162 69 25 19 19 17
419 Julian L. Webber 7 161 24 20 17 15 11
420 Satoshi Kawase　　 7 160 25 15 14 10 8
421 Tsubasa S. Matsui 8 161 21 21 17 17 15
422 Fabio Dalla Libera 7 158 21 21 12 11 11
423 Kazuki Onji 5 158 69 33 13 9 8
424 M.Kumar Raju 7 154 36 30 9 7 7
425 Priyanka Verma 7 155 33 32 29 23 14
426 takeshi yagi 1 153 153 0 0 0 0
427 Kazunari Iwamoto 6 149 37 29 27 19 12
428 Tom Macpherson 4 145 40 37 36 26 4
429 Benjamin Renoust 6 143 47 33 20 8 7
430 Giuseppe Balistreri 5 142 90 12 12 12 11
431 Yang Liu 8 142 29 26 20 20 11
432 Tetsuro Tsuji 7 140 26 22 19 14 10
433 Shuto Yamasaka 6 140 53 22 20 15 9
434 Michael Waechter 5 139 77 29 9 9 5
435 Yadagiri Kommagalla 6 138 31 28 21 19 17
436 Bhaskar Dasgupta 6 135 34 20 18 16 14
437 Satoshi Hara 6 130 30 26 19 16 10
438 Zhaoyang Li 5 130 28 25 14 14 11
439 Fumio Okura 7 129 22 15 12 10 9
440 Wenjuan Han 6 126 38 32 13 11 10
441 S. Reza Mirfayzi 6 126 29 27 25 12 12
442 Satoru TADA 7 125 23 23 19 18 15
444 Guanghua He 7 125 24 15 14 13 12
445 Scott NORTH 6 122 46 20 10 9 8
446 Ryosuke Oketani 5 121 56 31 12 10 8
447 Naofumi Suematsu 7 120 25 21 19 17 12
448 Katsuhiko Hayashi 7 134 27 14 13 13 13
449 Onur Alparslan 6 118 33 11 10 9 9
450 Yuto Miyatake 6 116 21 20 15 8 7
451 Yoshitaka Ueki 6 114 26 18 14 13 8
453 Hiroaki Ito 7 112 16 13 11 10 8
454 Hidehisa Shiomi 5 108 25 15 9 6 5
455 Seungho Lee 5 107 26 25 14 11 8
456 Kato Kosuke 7 107 29 17 13 8 8
457 Naveen Pathak 6 107 21 13 13 12 7
458 Haruaki Kitagawa 7 105 28 14 11 10 10
460 Md. Abdul Alim 4 101 38 32 16 4 4
461 Kazuki Matsuo 5 100 26 25 9 8 5
462 Shota Takamuku 6 99 32 13 11 10 7
464 Kenzo Ibano 7 96 12 11 11 10 8
465 Masahiro Furukawa 6 94 32 16 14 7 6
466 Akihiro Mizutani 5 94 27 20 19 11 5
467 Sungho Lee 5 93 21 19 9 8 5
468 Hieyong Jeong 6 92 19 10 8 7 7
469 Masaharu Somiya 6 91 24 19 12 9 8
470 Koji Miyake 5 90 23 21 12 10 8
471 Sungook Yoon 7 89 21 21 17 8 7
472 Ratana Charoenwattanasatien 4 88 53 15 12 6 2
474 Daichi Amagata 5 81 27 11 10 9 6
476 photchara ratsamee 4 78 19 16 10 10 4
477 Yoshiki Ishii 5 77 20 17 8 8 6
478 Yusuke Okada 4 77 45 13 5 4 3
479 Yuichi Sudo 5 76 23 10 9 7 6
480 Parinya Punpongsanon 4 76 32 21 16 4 3
481 Shigeyuki Magi 5 75 20 14 12 10 7
483 King Fai Farley Law 4 75 26 25 11 5 4
485 Tatsuya Otoshi 5 72 10 8 8 8 5
486 Yuki Uranishi 5 71 9 8 5 5 5
488 Ling Wei 4 66 24 16 14 9 3
491 Shunsuke Yoshimoto 5 63 11 9 9 5 5
492 Phawinee subsomwong 4 63 24 13 8 6 4
493 Dai Taguchi 4 60 30 9 7 6 3
495 Masakazu Hirota 3 59 26 20 6 3 2
496 Hazem El-Alfy 3 58 27 14 6 3 2
497 Ryo Kanda 4 58 23 11 9 9 3
498 PHO VAN BUI 5 57 15 11 8 7 6
499 Yudai Dempo 4 55 25 13 11 6 0
501 Yuta Shimoyama 4 54 17 17 6 4 4
502 Mehdi Khanmohammadi 5 54 23 8 7 5 5
503 Hongze Wang 5 53 7 6 6 6 5
505 Kota Aoki 4 51 11 8 7 6 3
506 Ixchel Ramirez-Alpizar 5 51 12 8 8 7 6
507 Musa Alaydrus 4 50 15 9 9 8 2
508 Tetsuya Kanda 5 50 14 10 10 5 5
509 Tomoyuki Kajiwara 4 50 14 11 9 5 4
510 Hironori Taniguchi 5 50 17 10 6 5 5
512 shiiba atsushi 4 48 13 6 4 4 4
513 Tomohiro OTANI 3 49 25 7 6 3 2
514 Sho Shirasaka 5 48 22 6 6 5 5
516 Yichao Xu 4 44 13 10 7 5 3
520 Katsuya Hirata 4 42 18 11 5 4 4
521 Takato Horii 4 41 8 6 5 5 4
522 Gert-Jan Bekker 3 41 16 14 8 2 1
523 宇都宮裕 3 41 7 7 4 3 3
525 Kenji Goya 3 38 19 5 4 3 2
527 Yasufumi Gon 3 37 10 8 7 3 2
528 Ikki Horiguchi 2 36 19 11 2 1 1
529 Wilfred Espulgar 3 35 12 11 6 2 1
530 Haejun Jeon 4 35 8 7 6 5 4
532 中村泰 3 35 12 10 3 2 2
533 Sampath Priyankara 3 34 20 8 6 0 0
535 Mehrasa Alizadeh 3 33 11 10 4 3 2
536 Ryo Hanai 3 33 11 6 3 3 2
537 Joseph Korpela 3 32 11 9 4 3 2
540 Keichi Takahashi 3 31 13 7 3 3 2
541 Keita Aoi 3 29 13 10 5 1 0
542 Kazem Ardaneh 4 29 12 4 4 4 3
543 Xiaoxu He 4 29 6 6 5 4 3
547 Mengjiao Lyu (吕梦蛟) 2 28 23 2 2 1 0
548 Tsukasa　Yoshinaga 2 26 17 5 2 1 1
552 Tien Manh Vu 2 23 9 6 2 2 1
555 Hiroki Kashiwazaki 3 22 4 4 3 3 2
556 Takashi Hamatani 3 22 6 5 4 2 1
559 Bor Hodošček 3 21 10 4 3 3 1
560 Parisa Mehran 2 21 11 4 2 1 1
561 Agung Setiadi 3 20 7 6 3 2 1
562 Saichandrateja Radhapuram 3 20 5 3 3 2 2
563 Ozkan Gokcekaya 2 20 13 4 2 1 0
565 Masateru Higashida 3 20 5 5 3 3 2
566 Chang Liu 3 19 12 4 3 0 0
567 Keisuke Shirakura 2 19 11 4 2 2 0
570 Ashim Kumar Saha 2 16 12 2 2 0 0
573 小南大智 2 15 6 3 2 1 1
575 木村佳記　Yoshinori Kimura 2 15 3 2 2 1 1
576 Kurniawan T Waskito 3 15 5 4 4 4 2
577 Fermin Franco 2 14 3 3 2 2 2
578 Masashi Kasaki 2 14 5 4 1 1 1
580 Masayasu Irie 2 14 3 2 2 1 1
586 Manjakavahoaka Razanoelina 2 12 5 4 2 1 0
587 Gerry Yokota 1 12 10 1 1 0 0
591 Titinan Methong 2 11 5 2 2 1 1
593 Makoto KOBAYASHI 2 10 2 2 2 2 1
595 Yoichi Masuda 2 10 4 3 1 1 1
596 Ayako Wakano 2 9 5 2 2 0 0
605 Tomu Tominaga 1 6 3 1 1 1 0
611 Luong Duy Manh 1 4 2 1 1 0 0
613 賠邦屓苧 1 4 3 1 0 0 0
615 Bikas Ranjan 1 3 2 1 0 0 0
616 Kazuki Yoshida 1 3 1 1 1 1 0
