1 Jun Chen 85 44720 1583 1495 1109 728 545
2 Justin Yifu Lin 86 44295 1946 1734 1497 1136 956
3 Wen Gao 85 33953 1089 878 804 615 575
4 Dapeng YU 84 29736 1450 796 729 664 663
5 Shiyi Chen 71 28572 6488 1560 1218 790 778
6 Chao Tang 50 26094 8041 5386 1452 1134 990
7 Xianhua Liu 24 25812 15663 6468 492 440 398
8 Ying Zhang 58 23287 6524 2411 750 728 705
9 Professor Shaojun GUO 78 22925 998 985 971 606 604
10 Yu Zhou 59 20857 486 429 325 270 235
11 Lian-Mao Peng 63 18844 1042 1007 923 766 703
12 Yufeng Zheng 67 17976 1082 848 641 297 272
13 Juhao Li 58 17066 824 632 616 429 354
14 Anyuan Cao 60 14751 905 810 689 686 492
15 Hailin Peng 47 14505 4891 1041 677 511 496
16 Xiaoding Wei 21 14156 12650 233 223 188 132
17 Pei Jian 62 12549 478 386 361 249 247
18 俞孔坚 58 11945 587 556 506 419 315
19 Wei-Guo Zhu 38 11768 6522 350 274 270 263
20 Yanglong HOU 53 11147 1050 744 593 511 423
21 zhouchen lin 45 11121 1881 1281 958 582 472
22 Li-An Zhou 32 11105 2300 1875 1623 1046 368
23 xidong wang 50 10863 315 245 210 146 144
24 Chunsheng Zhao 50 10049 762 545 342 337 259
25 Jie MENG 51 9939 674 476 411 357 306
26 Tong Zhu 52 9867 588 425 361 266 201
27 Jia-Hong Gao 50 9475 763 658 441 389 373
28 Xiaoming Li 47 9260 897 311 275 234 202
29 Yingjie Peng 46 9151 983 975 431 405 372
30 Fuchou Tang 41 9075 1067 566 538 482 394
31 Hongqi Xu (H. Q. Xu) 50 9064 1060 851 497 209 204
32 Liangyi chen 23 8715 6439 235 222 202 103
33 Jianyuan Luo Ph.D. 21 8670 2168 866 810 630 621
34 Luhua Lai 45 8593 945 377 326 293 292
35 Shihui Han 51 8554 546 505 489 303 231
36 Guoqian Chen 54 8355 269 193 172 161 158
37 Ruibin Xi 21 8305 2996 1482 1392 627 612
38 Xiaotie Deng 44 7740 875 513 310 235 207
39 Dongxiao Zhang 47 7504 545 276 271 250 223
40 Jian-Hao Chen 16 7479 2471 1496 1338 523 336
41 Guang Jia 30 7357 1390 950 774 436 373
42 Wei Wang 38 7316 1617 595 426 311 271
43 Yanguang Chen (陈彦光) 45 7252 488 327 232 200 195
44 Guangming Xie 42 7205 447 420 293 280 234
45 Jiapeng Yu 36 7171 338 329 312 180 175
46 Lingyang Song 44 7028 329 218 201 200 168
47 Jin-Sheng He 36 6976 2041 331 281 242 211
48 Hong Meng 38 6931 840 383 307 287 259
49 Zicai Liang 41 6842 1510 571 286 243 222
50 Shuang Jia 35 6593 1336 713 461 460 333
51 Zhizhong Chen 39 6587 180 135 115 111 105
52 Yanyi Huang 41 6569 582 407 406 372 266
53 Shushi Peng 35 6430 1392 1089 446 301 275
54 Zhengfan Jiang 35 6156 789 601 375 374 352
55 Qing-Hong Cao 33 6119 2811 194 180 162 161
56 Dongqiang Zhu 36 5876 623 570 409 315 253
57 Q.-G. Zong 38 5811 180 144 137 115 113
58 Moubin Liu 27 5696 2240 832 210 199 197
59 Ying Tan 38 5607 397 397 196 191 155
60 Lun Dai 36 5592 1994 251 212 147 138
61 Yu Liu 31 5519 2230 192 173 169 155
62 Cui Qinghua 34 5499 660 399 355 302 266
63 Ming Zhang, 张铭 30 5410 1276 628 424 305 224
64 Shuguang Song 40 5369 354 263 246 236 218
65 Subo Dong 40 5299 319 304 261 244 190
66 Ji Feng 27 5221 1258 864 510 306 268
67 Weihong Qian 35 5196 349 320 283 221 204
68 Siwei Ma 34 5090 340 285 193 125 118
69 Chang Kung Ching 27 5048 1359 900 325 295 246
70 Yun-Feng Xiao 38 5025 728 164 140 134 120
71 Hongbin Zha 36 5011 292 139 135 121 102
72 Zhen Xiao 34 4974 893 575 528 367 202
73 Zhongkui Li 32 4957 1439 335 267 253 247
74 Youfan Hu 33 4855 483 349 305 289 280
75 Zheyu Fang（方哲宇） 28 4823 946 409 391 278 261
76 Lu Zhang 39 4808 418 280 241 141 125
77 Lixin Xiao 33 4800 965 288 212 189 157
78 Canfei He 贺灿飞 38 4796 226 210 180 166 163
79 Junren Shi 28 4765 1258 509 291 276 206
80 Jianzhong Jeff Xi 26 4762 803 647 583 266 265
81 qing feng sun 39 4756 320 202 155 136 127
82 Xueyang Hu (胡雪洋) 32 4725 186 150 133 117 115
83 Shuqing Zhao 30 4706 1729 240 213 151 136
84 zuqiang bian 39 4592 248 201 194 166 155
85 Huang XJ  38 4577 445 295 226 169 164
86 Hansheng Wang 26 4568 918 555 301 260 254
87 Xiang Cheng 32 4519 329 276 256 228 217
88 Baochun Huang (黄宝春) 30 4513 653 614 279 211 159
89 Chengcai LI 35 4453 575 293 237 155 147
90 Xiantu He 31 4369 241 132 113 96 88
91 Wang Nanping 38 4324 242 205 164 146 143
92 Zhiyao Tang 36 4243 270 213 182 179 177
93 Rui Zhu 34 4171 359 306 266 229 159
94 Huiling Duan (段慧玲) 31 4131 563 471 222 210 181
95 Yanjie Su 29 3999 532 346 266 228 168
96 Changhui Li 28 3854 573 475 353 174 114
97 Zhi-Min Liao (廖志敏) 34 3790 212 157 154 147 141
98 Zhiheng Wang (王志恒) 31 3784 508 242 235 223 182
99 Chunsheng Zhao 33 3700 342 180 157 145 145
100 Yuchao Yang 24 3652 656 568 516 202 167
101 Xiaojun Wan 27 3647 392 272 221 212 172
102 Yong Huang 27 3596 646 475 253 197 185
103 feng pan 29 3593 359 185 173 162 148
104 Wei Han 27 3560 561 385 297 249 189
105 Pingwen Zhang 28 3559 613 220 202 150 132
106 Wen-Bin Zhang 33 3557 199 195 168 132 127
107 Lingyu Duan  段凌宇 31 3507 247 234 234 181 169
108 Tiejun Huang 32 3489 124 82 82 72 65
109 Minghua Deng 22 3479 555 409 369 356 203
110 bin cui 33 3474 248 240 114 110 103
111 Jiangyong Lu 27 3474 279 251 241 226 202
112 Zhixue Zhang 28 3474 314 295 290 253 249
113 Chengqi Yi 24 3453 767 719 265 193 154
114 Dr. Jianchun (Jamie) Mi 31 3437 247 140 123 119 107
115 You Wan 34 3437 198 181 148 136 131
116 Jie-Yu Wang 33 3409 249 247 211 168 168
117 Liu Yunhuai 30 3371 171 152 148 124 123
118 Siwang Yu 28 3283 437 252 230 214 172
119 Xuming Sun 15 3249 2132 113 105 100 57
120 Likun Wang 13 3236 1371 1213 111 51 44
121 Jinxia Wang 32 3189 308 248 176 149 140
122 Guangyu Sun 26 3173 480 397 319 146 140
123 Biao Zhu 29 3156 444 304 281 165 151
124 Huijing Zhao 31 3153 281 158 124 121 118
125 Liang Li 29 3139 317 234 167 163 143
126 Li Lin Yang 28 3118 357 241 222 174 151
127 Qi Chen 24 3025 341 270 268 232 188
128 Jintao Xu 28 2986 331 240 226 213 198
129 QIU, Xinghua 23 2958 588 361 224 202 178
130 Nasir Mahmood (Ph.D.) 26 2942 511 262 187 156 143
131 Aiguo Ren 29 2926 160 145 142 129 116
132 Zheng Chen 27 2879 269 224 205 162 148
133 Zhi Jin 29 2873 197 164 132 84 72
134 wan yi 30 2872 211 204 202 169 150
135 guoxin cao 31 2848 195 162 125 120 114
136 Jian Li 16 2845 1293 322 238 168 101
137 Jin He 25 2844 353 105 102 85 74
138 Haixia(Alice) Zhang 27 2828 285 181 105 100 82
139 Sujian LI 24 2798 939 118 113 106 106
140 Zhiping (James) Zhou 31 2792 158 110 104 79 76
141 Qing Zhang（张青） 27 2728 298 184 173 150 141
142 Xu-Zhi Zhou 26 2694 394 180 180 139 137
143 Zhi-Hong Deng 22 2673 1276 85 84 74 68
144 Qihong Zou 18 2624 666 308 276 242 237
145 Yuansheng Gao 29 2614 220 206 141 98 91
146 Limei Xu 23 2610 559 241 218 168 162
147 Teng Gao 25 2601 396 306 224 198 151
148 Meiping Zhao 28 2574 135 129 95 94 94
149 Ming Jiang 23 2551 312 300 265 217 158
150 Yonghong Tian 27 2515 169 129 124 82 74
151 Xiao-Lei Wu 31 2449 146 136 117 99 76
152 Shang-Da Jiang 19 2446 491 469 188 180 160
153 Zaiwen Wen 19 2434 392 358 276 219 187
154 Wenjun Ma 24 2394 296 254 232 230 155
155 Kaihui Liu 28 2391 187 151 131 103 87
156 Jieyuan Ning 25 2386 469 125 102 58 54
157 Yafei Dai 24 2383 306 276 191 121 103
158 Xiaoru Yuan 25 2374 188 187 158 148 143
159 Nannan Mao 19 2364 586 326 261 180 136
160 Changhui Li 23 2335 475 475 174 134 127
161 Yu Ye 25 2333 295 236 212 167 147
162 Chinping Chen (CP Chen 陈晋平)ResearchID(A-9169-2012) 25 2328 247 200 173 122 96
163 Lin Zhang 张霖 24 2327 249 192 164 126 120
164 Yong Liu 26 2319 176 141 140 69 68
165 Kaigui Bian 20 2314 555 218 177 126 124
166 Haitao Quan 20 2287 505 319 181 151 115
167 Gang Huang 27 2283 121 110 92 83 72
168 Gang Zeng 20 2263 537 341 236 141 102
169 wei xia 21 2248 500 275 251 181 128
170 Yuan Li 24 2243 272 173 151 131 128
171 Meng Zhiyong 24 2239 249 224 213 145 142
172 haifeng yu 24 2186 329 238 92 87 86
173 Song Guo 19 2185 486 219 202 146 131
174 Yan Zhu 21 2182 429 313 205 165 117
175 Bihu Wu 24 2180 269 241 100 96 95
176 Ming He 21 2180 387 242 191 179 135
177 Yi Huang 23 2168 99 58 51 51 51
178 zhao qing 25 2166 199 149 118 96 86
179 Jintai Lin（林金泰） 22 2164 301 232 204 137 119
180 Xianlong Wei 25 2161 496 182 108 96 71
181 Feng Zhou 24 2154 176 174 148 140 113
182 Ye Huang 28 2147 279 125 91 87 78
183 Chuan-Yun li 19 2142 702 231 197 124 117
184 Yujie Sun 23 2136 562 148 136 108 83
185 jianming xue 26 2135 318 214 102 96 85
186 Zaichun Zhu 19 2120 324 284 251 229 212
187 Hong Jiang 25 2076 175 173 140 138 132
188 Peng Xi 22 2024 291 279 258 96 82
189 Haowei Shen (沈昊伟) 24 2014 255 185 170 122 120
190 Mingyu Yang 8 1973 573 566 415 192 86
191 Zhi-Qiang Ye 12 1968 813 627 86 84 72
192 Jun Wang 20 1943 281 147 117 114 112
193 Shaocong Hou 22 1933 377 193 193 169 86
194 Xinhao Zhang 28 1928 164 133 114 92 70
195 Donglin Ma 20 1922 396 306 198 147 109
196 吴国盛 19 1916 421 235 156 111 95
197 Yifu Qiu 12 1906 593 394 271 217 111
198 Fan Bai 17 1904 423 248 192 153 119
199 Jing Liang 18 1880 473 340 170 108 61
200 Bing Jia 22 1869 153 138 92 81 74
201 Lu Hua 23 1864 244 161 137 134 119
202 Jing Shang 19 1862 351 188 160 132 112
203 Yaxu Zhang 22 1835 220 216 73 59 59
204 Fanyang Mo 20 1832 225 186 162 157 142
205 Maosheng Yao 26 1822 209 107 93 67 64
206 Bin Dong 20 1813 282 220 149 141 105
207 Haifeng Chen 22 1807 210 209 166 130 99
208 Ceji Fu 19 1800 300 265 221 137 107
209 Wensheng Wei 16 1796 407 374 164 141 135
210 Asif Mahmood (PhD) 18 1778 500 275 143 141 122
211 Xia Long 18 1769 434 287 232 129 113
212 Ran Zhang 22 1764 254 162 151 116 108
213 Cong Yu 22 1757 291 158 151 94 77
214 Ruiqin Xiong 22 1703 92 89 85 71 60
215 Xin Cai 19 1690 377 193 169 135 84
216 Shuguang Xie 26 1686 71 68 63 59 42
217 Ruge Quhe 22 1685 177 170 150 103 102
218 Jiansen He 26 1671 108 81 68 63 59
219 Hong liu 19 1635 131 105 102 68 62
220 Lianming Tong 24 1633 183 132 114 89 87
221 Zhangfu Yuan 23 1632 121 91 85 80 64
222 Mingquan Yan 21 1608 172 153 134 131 121
223 卫玲 孙 23 1584 212 102 66 64 60
224 Hao Ma 15 1569 241 193 171 153 128
225 Mengxi Liu 16 1568 396 306 147 129 96
226 Xuanzhe Liu 21 1560 305 137 92 61 58
227 Ying Luo 16 1558 679 133 102 80 70
228 Dong Sun 17 1556 397 240 156 115 111
229 Miaojie Yu 15 1545 439 221 144 140 82
230 Zefeng Ren 任泽峰 19 1540 272 150 136 119 98
231 weizhong wu 22 1538 135 133 94 69 68
232 Pengwei Zhao 22 1536 255 102 95 86 70
233 Yan-xue Xue 22 1529 346 97 65 64 61
234 Sitong Liu 18 1522 225 130 125 111 87
236 Yingfei Xiong 22 1506 187 135 106 104 101
237 bing xie 20 1486 386 78 69 57 51
238 sun xichen (Sam Sun) 16 1478 318 128 123 76 53
239 Huazhong Tang 22 1472 277 82 69 50 39
240 Fang Yi (衣芳) 19 1455 164 132 131 113 94
241 Jin LIU, Principal Investigator 23 1453 284 107 72 58 54
242 Yuexian Zou 19 1449 154 130 89 80 68
243 Shiliang Zhang 16 1446 252 133 116 94 84
244 yun liang 20 1444 211 179 66 63 60
245 Guojie Song 15 1430 366 188 188 176 111
246 Ren Huazhong 13 1429 597 298 159 42 34
247 Yuxin Peng 20 1424 185 89 69 57 49
248 Antony Chen 14 1420 754 102 70 69 49
249 Jianfeng Pei 21 1420 202 113 93 84 81
250 Xiaolin Wang 21 1402 138 53 50 49 46
251 Chunyang Xiong (熊春阳) 24 1390 54 51 48 47 46
252 Jinpu Jin 6 1389 458 444 261 117 56
253 WenJun Li 17 1385 263 144 135 116 88
254 Hao Wang 18 1381 280 266 91 63 59
255 Ke Yu 16 1378 226 162 152 139 132
256 Xin Tong 20 1378 242 189 69 66 64
257 houfeng wang 20 1378 104 79 75 73 66
258 LIHUA MAO 16 1374 208 144 131 121 89
259 Yong Zhang 18 1365 328 143 117 77 69
260 Chen, Feng 18 1361 222 121 98 79 67
261 Xiong Ji 10 1347 332 254 165 140 135
262 Haiyan Zhao 15 1333 185 166 156 102 101
263 Jianjun Chen 20 1327 117 113 92 91 80
264 Fu-sui Liu 16 1320 333 103 84 69 50
265 Dai Hancheng (戴瀚程) 20 1295 111 99 87 86 80
266 Can Xie 17 1294 234 141 102 97 87
267 Xinwei Wang (王新炜) 20 1276 140 96 88 78 75
268 Juhao Li 16 1269 178 64 36 34 29
269 Junyu Xiao 18 1266 229 117 111 95 70
270 Rongqing Zhang（张荣庆） 16 1251 257 150 145 66 61
271 xinzheng li 19 1246 216 99 92 88 85
272 Hao Dong 13 1228 300 272 126 120 92
273 KanMin/阚敏 13 1222 306 258 171 120 69
274 Chenren Xu (许辰人) 17 1213 197 139 94 82 80
275 Chang Liu 18 1212 88 70 55 53 52
276 Cong Zhang 18 1210 131 98 52 51 46
277 Jinshi Cui 18 1189 121 95 87 83 78
278 Hao Ge 17 1188 154 140 136 102 69
279 Yong-Chun Liu 20 1183 106 100 91 81 70
280 Kebin Shi 19 1165 138 120 82 55 50
281 Xuefeng Zhang 18 1158 177 130 91 66 54
282 Shaopeng Wang 18 1157 127 104 101 92 90
283 Qiongyi He 20 1156 103 93 71 59 59
284 Hailong Lu 19 1156 199 80 58 54 51
285 Wen Liu 18 1154 130 115 107 79 67
286 Qiao, Bin 16 1153 250 188 93 70 44
287 Yunlong Huo 20 1138 81 78 77 74 71
288 Ling Shao (邵玲) 20 1134 122 107 73 69 65
289 Bo Geng 14 1123 250 178 144 95 89
290 Peng Huang 17 1123 157 106 83 78 75
291 Haijun Yang 19 1115 166 84 71 70 45
292 Peng Zou 13 1114 329 280 131 86 49
293 Yao Guo (郭耀) 19 1107 99 76 72 44 41
294 Huan Luo 13 1104 519 153 81 70 46
295 Fan Zhang 18 1098 72 58 49 45 36
296 Jiafu Zhang (Jia-Fu Zhang, 张家富) 20 1089 137 87 61 50 49
297 Jinying Wang 15 1077 209 171 132 86 70
298 Xinyu Wen 14 1074 198 148 134 66 65
299 Ryuichi Shindou 17 1060 144 141 72 67 65
300 Xiao-Ming Wang 17 1051 201 61 51 49 45
301 Chen Song 18 1048 137 102 99 88 75
302 Xianghua Ying 15 1039 196 167 161 44 44
303 Jicheng Gong 11 1031 361 201 114 75 41
304 Dan Hao 20 1022 96 87 67 52 52
305 Faxin Li 18 1022 78 48 44 41 41
306 Xu-jie Zhou 18 1019 140 80 77 68 67
307 Zheng Xiang 16 1018 213 108 78 72 66
308 Wei Kunlin 18 1005 249 101 48 45 41
309 Donghe Zhang 20 995 97 72 41 40 40
310 Zhaosha Meng 15 986 160 110 103 92 92
311 Gang SONG 17 985 89 89 88 82 78
312 卢晓东 17 978 126 76 59 45 35
313 Wei Wang 18 972 142 97 51 35 34
314 Xin Yi 15 967 206 142 76 67 64
315 Aimin Wang 14 963 404 126 104 35 34
316 Ping Wei 14 954 202 132 100 86 81
317 Zhouhui Lian 14 951 131 127 99 93 77
318 Feng Liu 刘峰 12 938 344 129 81 76 56
319 Xu Sun 16 937 104 78 66 49 40
320 Shu-Jin Luo 12 937 228 116 97 75 67
321 Ge Li 17 924 132 77 71 69 59
322 hao yan 12 922 315 224 71 60 54
323 Xue Lixiang 19 922 148 101 62 40 37
324 Tingting Jiang 13 919 329 119 57 48 44
325 xi liu 19 916 152 39 37 37 32
326 Jiaying Liu 16 906 66 60 58 50 46
327 Dongyi Xu 11 901 438 140 84 71 61
328 Juan Liu (刘娟) 14 891 147 118 88 77 66
329 Linghua Wang 16 889 82 48 48 40 39
330 Yansong Feng 13 887 109 95 82 75 74
331 Xiangzhen Kong 18 879 78 53 49 42 41
332 Wei Han 19 871 103 75 67 61 59
333 Ying Liu 10 865 206 160 127 113 79
334 xinfan meng 12 864 244 107 84 81 64
336 Yu Zhu 15 861 157 66 59 51 48
337 Yi Sun 15 859 154 73 64 63 62
338 Dajun Wang 16 854 135 93 78 65 43
339 Mengtian Huang 12 843 212 131 101 89 53
340 Junchen Pei 16 818 108 79 61 54 49
341 Guojie Luo 15 813 176 87 73 65 64
342 Boxin Shi 14 812 204 122 91 54 34
343 Hong Zou 14 810 250 46 42 41 24
344 Zhou Minghui 16 805 129 90 55 45 41
345 Muhammad Asif 14 798 151 88 59 59 57
346 Du Ran 18 777 121 71 60 56 43
347 Tianjun Xiao 8 776 433 185 69 24 22
348 hua yang 16 769 150 88 73 58 52
349 Feng Zhu 10 768 186 133 86 75 61
350 Weidong Zhan 詹卫东 15 759 117 78 78 46 38
351 Meng Lv 12 752 122 121 116 99 89
352 Yue Li 9 750 212 108 101 89 79
353 Zhibo Liu 18 749 66 54 51 48 46
354 Zhuo Huang 10 745 349 129 53 33 31
355 Sun Meng 15 741 75 68 48 45 40
356 Rui Li（李锐） 16 729 93 72 60 50 46
357 Wei Zhang 12 728 176 96 49 26 23
358 Jie Zhong 15 728 96 62 58 55 35
359 Jiang Zhou 13 725 114 68 64 57 49
360 Pan Zhao 10 720 250 119 92 76 39
361 Lingling Zheng 11 718 189 121 77 75 56
362 Dedong Han 9 716 321 40 38 36 20
363 Pengfei Yuan 8 706 407 95 60 44 30
364 Yan Bao 18 706 48 45 42 36 34
365 Jian Liu 16 703 77 77 63 62 55
366 Ziqi Wang 11 703 207 105 78 53 42
367 Tao Wang 15 702 124 65 60 36 32
368 Suwei Dong 13 702 126 109 103 75 68
370 Xiaoyu Li 8 701 161 154 138 113 60
371 Yangyang Wang 11 697 170 103 81 61 56
372 Tao Liu 16 691 64 62 42 41 40
373 Yong Nie 12 688 146 136 76 50 41
374 Guibin Zhang 13 687 142 87 74 51 41
375 Hong (Susan) ZHU 11 686 137 119 92 83 72
376 Xianwen Ren 12 681 156 83 54 54 51
377 Jiazhi Hu 9 671 291 101 99 48 38
378 Wuxiang Xie 15 668 82 62 43 40 35
379 Qiguo Rong 13 661 74 57 37 37 26
380 Yu Li 12 658 97 90 67 60 58
381 Li Ma 11 658 261 83 50 46 45
382 Chao Peng 14 653 80 71 67 41 41
383 zhi yang 10 649 306 48 45 32 30
384 Yunan Gao 13 642 125 90 52 52 50
385 Xun Huang 16 638 56 53 44 34 32
386 Renxi Jin 15 632 80 75 51 49 48
387 Ying Jiang 14 627 92 74 72 50 38
388 Jianbo Yin 12 627 148 71 71 64 57
389 Jun Lv 13 625 128 83 51 39 37
390 Yanjing Wang 17 620 53 43 35 34 31
391 Shaoguang Zhang 14 618 77 52 43 38 37
392 Yongzhi Cao (曹永知) 14 608 81 79 42 40 36
393 Feng YANG (杨烽) 9 583 352 58 49 37 19
394 Shaobo Gan 13 582 77 51 45 43 39
395 Yongqiang Hao 13 582 97 41 40 37 29
396 Pengyi Zhang 10 579 340 32 27 23 19
397 Haiyang Lu 10 569 201 81 81 60 43
398 Jin Shao 12 567 122 60 52 45 36
399 Tanghao Liu 10 567 146 87 77 66 51
400 Lixing Li 14 559 86 66 46 36 29
401 Chi Zhang 10 556 253 55 48 46 39
402 Bo Meng 8 550 181 105 62 60 57
403 Wenzhe Fa 13 540 66 61 58 41 40
404 Xu Cao 14 538 170 58 50 37 31
405 Fuxing Chen 10 534 121 59 59 38 35
406 Shuixiang Li 14 532 64 52 32 29 24
407 Xiaoqiang Huang 13 525 100 58 53 41 40
408 Xun TANG 11 525 113 86 54 47 44
409 Chao Yang 12 522 102 45 39 35 34
410 Daniela M. Pfabigan 13 520 109 34 34 33 33
411 Chunni Zhang 11 519 140 72 50 36 30
412 Ke Shi 12 509 155 90 49 40 32
413 Jinzhuang Xue 14 508 46 36 32 23 20
414 Xiaoliang Cheng 13 504 63 51 46 36 28
416 Jun Yang 11 496 126 71 53 50 44
417 周乐柱 10 488 52 41 29 23 21
418 Biao Li 11 488 76 67 61 43 41
419 aijing zhang 11 485 121 111 43 33 27
420 Peng Du 8 484 113 108 68 47 46
422 Fang-Dong Zhuang 8 465 130 117 43 43 40
423 Qing-Bin Lu 9 452 135 93 40 35 34
424 Chao Zhu 9 445 102 90 61 40 29
425 Tao Liu 12 441 59 59 52 46 38
426 Xiu-Lei Ren 11 440 102 72 42 40 23
427 Xinyuan Fan 12 439 61 56 47 46 44
428 Ziyu Yang 9 436 104 71 59 55 31
429 Zengxi Ge 13 422 66 45 42 35 29
430 Zhi Qi 8 421 95 80 76 58 49
431 Chao-Hai Du 13 420 34 27 25 22 21
432 Weipeng Yao 12 417 56 48 33 23 19
433 Wei Hu 12 414 81 56 39 32 24
434 Yuan Liu 12 413 51 45 44 33 28
435 Guoxi Liu 11 410 54 50 44 44 22
436 Zongming Su 12 406 63 51 36 28 28
437 Zhou Huang 7 396 225 25 22 17 10
438 Zongqing Lu 12 391 47 43 37 29 24
439 Wenzhi Zhao 6 391 126 93 69 54 20
440 Ke Wu(吴珂） 7 390 174 51 38 35 33
441 Tian Liu 12 389 29 27 21 20 20
442 Yuyin Yang 13 389 68 39 26 26 25
443 Benqin Song 9 384 130 47 38 28 20
444 Philip McConnaughay 7 384 123 73 72 37 30
445 Hailong JIAO 12 383 59 35 24 24 23
446 Yuan Wang 10 373 14 13 12 12 11
447 Cong, Li 8 372 198 41 41 33 21
448 Caiqing Yan 11 371 79 46 25 24 22
449 Lei Zhang 11 370 63 57 35 33 29
450 李金凤Jinfeng Li 7 369 130 78 64 29 25
451 Weiwei Sun 9 367 79 68 36 28 23
452 Tianyu Wang 10 365 74 51 51 43 26
453 Jinzhu Jia 11 365 70 58 43 32 27
454 Qianqian Huang 10 362 74 35 28 26 17
455 付东坡 Dongpo Fu 9 355 52 49 37 32 18
456 Meihua He 8 354 101 93 39 36 28
457 Kedian Mu 10 353 50 42 37 32 32
458 Yao Tang 6 351 107 86 81 22 17
459 Huiping Sun 9 346 128 26 23 21 19
461 Jibin Zou 12 344 41 35 35 29 22
462 Yuxin Wang 11 344 62 38 36 32 30
463 Tao Dong 8 338 106 44 42 30 25
465 Xiaoying Guo 9 336 86 50 42 33 24
466 Yantao Yang 11 333 53 50 36 18 17
467 Yue Yang 10 331 52 41 31 30 26
468 Jing Li 12 331 48 45 34 20 18
469 Haotian Chen 12 331 51 36 28 28 27
470 WANG Yong 9 328 52 50 29 28 24
471 Qi Su 4 328 226 59 21 9 4
472 Dong Tong 10 327 46 38 26 23 23
473 Zhengwei Sui 5 327 187 94 8 6 5
474 Dawei Liang 10 326 54 52 47 40 33
475 Hongzhi Liu 10 323 81 31 30 29 27
476 Shibo Liang 9 322 108 59 52 21 18
477 Zhenning Cai (蔡振宁) 10 319 58 50 42 28 20
478 Cai-Zhen Li 8 317 154 43 25 22 18
479 Ting Ren 10 316 70 51 32 28 28
480 Yuanyuan Pan 9 316 83 57 35 27 22
481 Ying Hao 8 312 84 55 53 35 35
482 Yonggang Liu 9 310 82 54 44 30 26
483 cheng zhang 11 308 38 37 27 27 21
484 Yun Liao 10 308 72 43 39 26 26
485 Yanghao Li 7 307 147 42 39 38 14
486 Zhai Zihan 9 307 63 39 29 13 13
487 Xiaotao Yuan 9 306 61 58 48 40 21
488 Wenjia Zhang 12 304 31 27 27 26 24
489 Abbasali Abouei Mehrizi 10 303 56 42 38 30 20
490 Yongtao Wang 9 303 123 26 17 12 11
491 Feng He 9 303 93 60 39 24 21
492 Huixi Li 11 302 58 36 35 23 20
493 Guanming Lin 6 301 226 20 9 9 8
494 Chong Qu 瞿冲 8 299 64 58 44 32 28
495 Meng Yao 7 298 79 53 35 35 35
497 Hassina tabassum 7 293 141 37 37 23 18
498 Lichen Zhao 7 293 77 66 51 45 20
499 Chao Guo 7 291 155 32 15 9 8
500 Sihong Shao 10 289 38 30 26 25 24
501 xiaohe song 8 289 74 58 33 27 22
502 Jue Zhang 9 289 79 39 28 24 22
503 Zhiji Huang 8 288 59 55 52 40 27
504 zhao chuang 8 288 58 46 44 44 35
505 Wenlei Song (宋文磊) 9 282 45 38 25 22 22
506 Hai Feng Huang 9 281 70 36 25 19 17
507 Xuexian Chen 12 281 36 28 28 27 23
508 Yao Guo 8 280 71 54 40 28 28
509 Junzhi Li 7 279 85 67 32 24 21
510 Hongduan Huang 8 275 69 53 51 34 20
511 Lei HOU 8 274 59 46 38 35 31
513 Dong Pang 8 262 91 52 26 19 13
514 Subhash Bose 10 261 47 41 35 34 29
515 zhou xiebo 10 260 49 45 30 21 17
516 Zengqing Zhuo 10 257 48 33 33 27 22
517 Chengsen Zhang 8 256 52 47 33 33 22
518 杨钋 10 255 30 22 18 15 15
519 Jinwen Zhang, Ph.D., Professor 8 252 26 25 23 18 18
520 Quansheng Ren 8 250 64 51 29 18 15
521 Yu Song 11 248 28 28 27 23 17
522 Tong Yang 7 244 51 41 17 16 16
523 Zitian Chen 7 243 54 52 33 30 24
524 Chen Wang 7 242 50 42 37 20 16
525 Xuanze Chen 9 240 37 34 31 26 20
526 Xiaozhi Xu 7 233 77 44 34 32 10
527 Yingxia Shao 9 229 58 43 23 22 16
528 Yuanhao WU 9 227 47 41 35 26 24
531 Xinjie Zhou 8 224 57 56 26 18 17
532 Xian Zhang 8 224 86 28 17 14 13
533 yilun wang 10 223 27 26 20 18 17
534 Qirui Zhong 8 223 67 37 21 20 16
535 Baojun Chen 10 222 45 21 20 19 18
536 Bin Chen (陈斌) 10 221 33 30 26 22 22
537 Chengwei Sun 7 220 43 32 31 19 12
538 陈永强, Yongqiang Chen 7 217 43 23 16 14 14
539 Haijun Lou 5 217 102 74 19 8 5
540 Chuanchuan Yang 8 215 26 21 20 18 13
541 Qinwu Xu 6 214 62 39 34 34 15
543 Adam Yongxin Ye 7 211 52 39 37 25 14
544 Liang Zhongyao 5 211 109 64 13 8 6
546 Jianfei Liu 10 205 32 23 20 16 14
547 Xiaofeng Cao 8 205 22 19 19 13 13
548 Haibin Chang 6 205 71 35 25 24 21
549 Haibiao Chen 8 204 43 29 23 19 15
551 Peng Cai 5 202 75 49 35 24 12
553 Yang Wenhan 8 199 50 31 22 16 12
555 Chao Zhou 6 197 50 49 28 20 13
556 Chongjing Yuan 8 197 53 34 32 14 14
557 Zhengyu Li 8 195 67 32 21 18 14
559 Wei Lin 7 194 43 35 22 20 19
562 Zhenfei Gao 6 192 51 42 33 31 15
563 Hao Wang 6 191 57 47 30 17 13
564 Xu Zhou (周旭) 7 190 79 25 25 21 11
565 Bin Zhou 6 190 61 34 20 16 15
567 Wei Ma 8 188 59 24 23 14 13
568 Na Huang 5 184 57 46 39 17 9
569 Xiaochen Ma 7 182 58 41 15 14 11
570 Qibo Chen 6 182 42 34 24 21 14
571 Jun Yue 4 181 93 54 18 4 4
572 Ji Nie 8 180 53 25 23 20 19
573 Chao Wang 7 180 52 47 28 22 11
575 Qi Zhao 8 177 40 30 27 11 9
576 Ji-Min Han 7 176 41 34 29 28 21
577 Jinghuan Ma 4 175 77 69 17 4 2
578 Wenmei Xiao 8 175 35 31 22 16 15
579 Xi Zhang 7 173 39 31 21 21 16
581 Xiaopeng Song 7 173 49 49 20 9 9
582 Xiaobai Wang 8 173 33 25 20 17 15
583 Jae Hac Ko 8 171 33 18 16 15 13
585 Yun Ma 8 169 30 22 15 14 12
586 Yang Xiaofei 8 169 31 31 14 14 11
587 Jinxin Zhang 7 168 51 27 20 17 13
588 Xuan Lu 8 167 51 30 22 13 12
590 YangBo He 5 165 78 25 19 17 6
591 Donglai Zhong 6 163 89 22 21 9 8
592 Ziyuan Wang 5 162 114 9 9 8 6
593 Chao Yu 8 161 38 38 21 13 11
594 Nan Chen （陈楠） 7 158 31 30 29 27 16
595 wenyu xing 8 157 28 28 20 15 11
596 Xiaoyan Lin 7 156 35 27 23 16 16
597 Se Yan 8 155 60 16 15 15 11
598 Longkai Zhang 4 152 79 21 14 8 4
600 Chao Zhang (张超) 8 150 27 20 17 16 12
602 Chong Liu 7 149 29 28 22 13 12
603 Peng Liu 5 149 43 40 32 14 11
607 Jin Yang 4 146 101 19 12 9 4
608 Xiang Zhang 7 146 22 20 19 13 13
610 Guoquan Liu 8 142 31 30 16 14 14
611 Zinan Wang 7 142 27 22 14 13 12
612 Dr- Murtaza Hasan 8 139 17 17 12 11 11
613 Zhihong Zhang 6 139 77 32 8 8 6
615 zhu xiaoqi 7 138 63 24 11 11 9
616 Guangyu Zhou 7 136 34 26 21 13 10
617 Zhihao Yu 7 135 14 14 14 13 12
620 Muhammad Usman 7 131 12 12 9 8 8
621 Wei Zhang 7 130 30 24 15 14 12
622 Xi Weng 5 130 40 31 15 10 6
625 Haoqian M. Zhang 8 128 23 16 15 14 13
626 Bing Zhu 6 127 28 15 11 10 9
629 Hangfan Liu 7 126 39 23 20 11 10
631 Mengmeng Xiao 4 125 89 13 8 5 4
632 徐汀 (Ting Xu) 7 125 29 20 18 14 11
634 Fangyang Hu 6 124 32 20 16 16 13
636 JI, Junping  计军平 5 121 48 22 14 10 7
637 Jian Liu 5 121 46 30 18 11 9
638 Tongxin Li 5 119 35 30 30 8 5
641 Li XING 5 115 47 21 15 14 7
642 Yunfeng Cai 6 115 42 12 10 9 9
644 Chunxiang Ye 7 115 28 17 15 14 10
645 Huoran Li 5 114 51 22 17 8 7
646 Xiao Xiazi 6 114 26 18 16 11 9
647 Zhengbing Yan (严正兵) 6 114 27 19 14 12 11
648 Ravi Joshi 7 114 26 14 14 8 8
649 Xiaodong Zhang 5 113 28 25 24 18 15
653 Chaoyi Bian 5 109 37 24 19 13 5
655 Mading Li 5 109 43 15 10 7 7
656 Juan Zeng 5 108 37 26 17 12 8
657 Xufei Sun 7 107 29 21 12 9 8
658 Junyong Sun(孙俊勇) 6 107 27 22 16 13 8
659 Rumin Gong 4 106 65 10 10 9 4
663 Renbiao Tao 4 104 47 27 17 9 2
664 Yan Xia 6 104 25 23 14 10 8
665 Muhammad yousaf 5 104 40 31 14 5 5
668 Yunhe Wang (王云鹤) 6 102 35 17 14 11 11
669 Zhanxing Zhu 7 100 22 12 12 11 11
671 Mingyue Wang 6 100 25 19 12 12 10
674 Chenxu Li 6 98 26 19 16 12 8
677 Ping He 5 97 22 17 12 10 9
678 tiantian li 5 97 31 18 17 12 7
680 Xin Huang 5 97 26 25 19 9 8
681 Runwei Qiang 6 96 37 22 9 9 7
682 Paul Gillis 4 96 49 22 16 7 7
683 David Ong 5 96 28 16 11 7 5
684 Ji Dong 5 96 32 20 12 10 6
686 Jiangtao Wang 6 95 18 15 11 11 10
687 Xiaoxu Yang 5 94 37 25 9 8 6
688 Tianjiao Dai 5 94 21 19 18 13 7
691 Liangxiao Tang 3 91 52 33 3 1 1
692 Fengchao Liang 4 91 34 32 8 5 4
694 Chao Li 6 89 20 16 13 11 8
698 Yuezu Lv 6 87 22 18 17 11 7
699 Wang Zhiqiang 6 86 24 16 10 8 6
700 Hongyu Li 5 86 27 17 17 11 9
704 Chenlong Dong 6 82 21 12 11 10 7
706 Junyi Liu 4 81 37 16 15 5 4
707 Sijie Song 3 81 58 13 3 2 2
708 Yi Zhou 5 80 34 10 10 9 6
712 Yaohua Tian 6 79 12 11 8 8 7
713 Y.-X.Hao 5 78 26 16 15 5 5
715 Mengtao Cao 3 77 50 17 5 3 2
717 Zhong Zheng 4 76 39 13 9 6 4
720 Xiaoxin (Christine) Zhang 6 75 15 15 11 8 8
721 Junjie Chen 5 75 24 17 10 7 6
722 Bin Qiu 5 72 27 13 8 7 7
723 Ruoyun Lin 4 72 23 15 14 13 3
724 Shaokai Wang 3 71 43 15 3 3 2
725 Tanmoy Samanta 6 70 11 9 9 7 7
728 Maojiang Wang 6 69 19 12 10 10 7
730 Shuming Ma 4 68 17 11 9 7 4
732 Yi Li 4 66 44 4 4 4 3
733 Zheng Zhou 5 66 22 21 10 6 6
734 王东宇 3 65 43 14 4 2 1
736 Maodian Liu 5 65 15 14 12 6 5
737 Linlin Chang 5 64 22 15 8 8 6
738 Rui Zhao 4 64 31 11 7 5 3
739 ling wu 4 64 23 19 17 4 1
742 Rui Hu 4 63 27 14 10 4 4
744 Zan Yang 4 62 30 10 6 6 3
745 Zhihao Zhou 5 61 17 12 10 8 7
746 Xian Zhang (张宪) 5 61 17 16 8 6 5
747 Nawal Shrestha, PhD 6 60 9 8 7 7 6
750 Muhammad Hamid 5 59 12 9 8 6 6
752 Guomao Zheng 6 59 14 10 10 8 8
755 Yao, Songbai 5 56 15 12 6 6 5
756 Zhou Changling 4 55 22 6 5 5 4
760 Qingkai WEI 4 54 17 8 8 7 4
761 qiuyu shang 3 54 23 9 7 3 3
763 Ping Wang 王平 4 53 15 9 7 5 2
766 Dongxing Zhao 4 52 16 13 10 4 4
775 Jingjing Xu 5 50 20 11 5 5 5
777 Gaoyan Ou 4 49 12 11 9 6 3
781 songhua liu 4 49 15 10 7 6 4
782 Fei Jiang 3 48 16 15 7 3 2
783 Zhenhua Deng 4 48 20 11 8 5 3
784 Weijing Huang 4 47 13 12 9 4 3
785 Bo Zhao 4 47 15 15 9 4 2
786 Jiawei Jiang 4 47 19 11 7 6 2
788 Di Li 3 46 27 6 5 3 2
790 刘传琨（Chuankun Liu） 5 45 10 8 6 6 5
791 Jiayu Wu 4 44 15 5 4 4 3
792 Huiming Zhang 4 43 13 11 7 4 2
800 Xiao Xiang 4 42 12 8 6 5 3
802 Ruichang Lu 4 41 12 11 7 7 2
803 Yongxiao Li 3 41 14 13 6 3 2
808 Tianyang Xi 4 40 7 7 6 6 4
813 Muhammad Asim Farid 4 38 11 6 5 4 4
814 刘建强 3 38 8 8 4 3 2
820 Zhenqiang Ying 4 36 13 7 6 5 2
826 Jie Ren 3 35 9 8 5 3 3
829 Chunhui Liu 3 35 13 11 5 2 2
840 Yang Luo 3 32 8 4 3 3 2
843 Jinzhuo Wang 3 31 12 9 3 2 2
844 yong guan 3 31 8 6 4 3 2
850 Zhongwei Tan 3 30 6 5 4 3 2
855 Zheng Gong 3 29 13 5 5 3 2
859 Yuqing Hao 3 28 6 6 4 3 3
861 Hu Guiping 3 28 6 6 4 3 2
867 Yifei Mao 2 27 17 4 2 1 1
874 Xiangge He (何向阁) 2 26 15 7 2 1 1
875 Chen Bo 2 25 8 3 2 2 2
877 Weizheng Chen 2 25 15 2 2 2 1
878 Chang Liu 2 25 12 6 2 2 2
879 Runze Han 2 25 21 2 1 1 0
880 Weixin Zhai 3 24 5 4 4 3 2
883 KAISI XU 4 24 6 6 5 4 1
889 Jinlong Du 4 23 7 6 4 4 1
893 Yueyu Hu 2 23 13 2 2 2 1
896 Hyun Joong Im 3 22 5 4 3 3 2
908 PENGYANG LI 3 21 6 4 4 2 2
910 Shuaiyang Zhao 3 20 6 6 4 2 1
929 Danny Friedmann 3 18 4 4 4 2 1
938 Qinghua Zeng 2 17 6 4 2 2 1
947 Yizhou Zhuang 2 15 8 2 2 2 1
955 季程远 3 14 4 3 3 2 1
957 Zhaopeng Xu 2 14 6 3 2 1 1
966 Chang Liu 2 12 4 3 2 2 1
967 Dr. Aruna Gandhi M S 1 12 10 1 1 0 0
970 Hengyu Gu（古恒宇） 2 12 4 3 2 2 1
977 Yifan Pan 2 11 5 2 2 1 1
983 Shuai Yang 2 11 4 3 2 1 1
984 Jiadi Zhu 3 11 4 3 3 1 0
1004 Guoqing Xiang 2 9 3 2 1 1 1
1020 Kai WU 1 7 4 1 1 1 0
1026 Tianyuan Zhang 2 7 4 2 1 0 0
1031 吴可 2 6 2 2 1 1 0
1108 Xiucheng Hao 1 1 1 0 0 0 0
