1 Daniel Kahneman 131 330720 50984 46683 17864 17544 12623
2 David Botstein 174 215020 24449 17538 13768 11742 10425
3 Jonathan D. Cohen 128 118091 9603 5843 3916 3403 3326
4 Alejandro Portes 115 115989 15048 8235 7331 6865 5800
5 Paul DiMaggio 69 94229 43455 9061 4774 3605 2890
6 Susan Fiske 113 93924 16052 15846 4354 4250 3968
7 Sergio Verdu 80 91996 49507 6937 2942 2119 2002
8 Gillian Knapp 124 91692 7939 4016 3840 3804 2502
9 Douglas S. Massey 123 85714 10767 5635 3351 2918 2320
10 Alan Krueger 107 81054 6239 5322 2845 2834 2738
11 Neta Bahcall 116 79781 7939 5160 4016 3804 2502
12 R.J. Cava 130 79680 2714 2672 2030 1526 1271
13 Alexey Svyatkovskiy 119 78638 16934 4651 4241 3994 3536
14 Robert Tarjan 113 73187 6459 3117 2773 2534 2454
15 Angus Deaton 105 73203 6977 6715 5459 3031 2737
16 HV Poor 120 71405 4809 2226 2036 1037 1035
17 Gene Grossman 73 71301 15050 6326 5398 5233 2864
18 Avinash Dixit 84 71051 16053 11265 2957 2723 2069
19 Simon Levin 120 69280 6591 2831 1929 1445 1396
20 Lyman Page 65 67955 20386 16918 5700 5299 2287
21 Elliott Lieb 108 64902 3735 3497 3257 2466 1793
22 Philip Johnson-Laird 90 62248 14874 8534 3560 2609 2609
23 Roberto Car 93 58503 11162 10793 3110 2984 2792
24 Christopher Sims 75 54313 12882 4236 2509 2144 2094
25 michael oppenheimer 57 48304 23762 8246 3758 739 580
26 Thomas Shenk 114 46687 5063 1776 946 912 825
27 Jianqing Fan 84 44684 5545 5036 1848 1531 1364
28 morel fmm 107 43191 4372 2131 1405 1390 1240
29 John Matese 20 42579 24443 9576 4108 1345 543
30 Jennifer Rexford 99 42275 7512 1150 844 800 744
31 David W. Tank 72 41660 7367 6122 3810 2430 2382
32 Jorge L Sarmiento 93 40699 3510 1623 1541 1213 1083
33 Larry Peterson 72 37446 7512 3922 2557 2106 1240
34 Kai Li 81 36978 7233 2877 2470 1955 861
35 Chung K. Law 98 36715 1759 894 658 585 570
36 M. Zahid Hasan 61 36589 9752 2714 2672 2061 1526
37 William C Jones 59 36576 11851 11614 4080 3460 2969
38 George W. Scherer 73 36362 16291 16023 869 824 799
39 Kara Dolinski 40 35618 24449 1069 860 802 718
40 Stephen Y.  Chou 89 35368 3253 2890 2088 1381 973
41 Igor R. Klebanov 89 35184 8900 1800 1159 1150 1070
42 Salvatore  Torquato 98 35175 3884 1178 914 759 673
43 F. D. M. Haldane 68 33990 3544 3023 2671 2545 2180
44 Joshua Winn 75 33884 14103 1512 686 586 509
45 Andrew Moravcsik 57 33078 4791 3704 3186 1952 1814
46 sara mclanahan 84 32424 4102 1992 1113 1091 1063
47 Antoine Kahn 95 31625 1177 903 824 811 617
48 Bryan Grenfell 83 31509 1376 902 769 767 727
49 H Sebastian Seung 61 30847 9116 6806 1231 1104 925
50 Ignacio Rodriguez-Iturbe 90 30808 1663 1173 1073 974 756
51 charles gross 77 30535 2718 1627 1592 1551 1383
52 N. Phuan Ong 82 30250 2023 1671 1526 704 692
53 John D. Storey 45 29645 7418 4392 1755 1701 1619
54 Pablo Debenedetti 84 29189 3398 2506 1356 1178 992
55 thomas silhavy 93 28635 2910 1185 772 554 424
56 David J. McComas 84 28154 953 496 424 388 358
57 Harold James 64 27599 6630 1107 789 756 718
58 Philip Pettit 79 27522 3930 827 773 769 607
59 Sun-Yuan Kung 62 27106 4341 1950 1596 1311 884
60 Annabella Selloni 78 26126 2807 1247 863 803 786
61 George Mellor 58 25647 8827 4277 2930 1262 499
62 Gregory Scholes 82 24787 1385 1304 1010 1009 960
63 Sharad Malik 64 24433 3972 1315 1163 953 854
64 William Bialek 65 23829 3111 1504 1231 1117 923
65 Markus Brunnermeier 43 23695 3886 3819 2005 1429 1338
66 Margaret Martonosi 67 23608 3355 2512 909 859 701
67 L. W. Enquist 81 23398 2910 1150 435 362 354
68 Anne Case 54 23237 2053 1603 1464 1456 1238
69 Leigh Nystrom 30 23040 3916 3234 2153 2039 2036
71 Adele Goldberg 47 22575 9018 4437 4434 4434 1810
72 Bas van Fraassen 55 21815 6870 2273 877 722 702
73 James Sturm 71 21780 1860 1206 970 903 840
74 Roland Benabou 44 21490 2447 2396 2308 1189 1135
75 Bernard Chazelle 70 21252 1848 1097 978 732 575
76 Yibin Kang 58 21212 2273 1618 1449 1407 883
77 Tom W. Muir 75 21085 3380 1126 693 489 480
78 Robert Wuthnow 66 21039 2086 1477 1133 862 788
79 Daniel M. Sigman 70 21012 1599 1061 1027 923 813
80 Niraj Jha 69 20992 2402 534 508 409 391
81 Phil Jeffrey 57 20836 2567 1500 1297 962 909
82 Emily A. Carter 77 20781 803 640 517 476 425
83 Michael Rothschild 31 20614 5973 5123 1403 1068 921
84 Mung Chiang 68 20266 1397 1263 1150 774 658
85 Thomas Funkhouser 66 19583 2438 1521 1331 1194 912
86 Ben Raphael 42 19556 2916 1829 1579 1577 1382
87 B. Andrei Bernevig 60 19245 4194 1406 941 874 785
88 Joshua Akey 55 18800 1580 1421 1261 820 785
89 Szymon Rusinkiewicz 52 18715 3470 2219 1449 1331 800
90 Gabriel Vecchi 63 18702 1860 871 815 789 745
91 Stephen Morris 53 17734 1832 1658 1225 888 665
92 Robert Budny 70 17654 845 461 417 393 298
93 Athanassios Z Panagiotopoulos 66 17645 1962 1087 681 348 341
94 Chad Monfreda 21 17551 7370 3037 1405 1076 1000
95 helen v. milner 49 17397 1950 1190 1054 939 820
96 Claire F Gmachl 66 17140 790 780 678 469 439
97 Nan Yao 62 17140 930 781 687 637 583
98 Yacine Ait-Sahalia 47 17020 1760 1679 1166 1164 922
99 Sanjeev Arora 49 16533 2473 2294 1353 1053 732
100 David Wilcove 56 16352 3244 1370 1328 835 733
101 Bruce Koel 64 16250 2290 1721 311 311 265
102 Olga Troyanskaya 52 16223 2669 1707 1397 631 617
103 Edward Cox 61 15705 1206 1182 1116 687 536
104 Peter Constantin 62 15627 1874 804 676 665 534
105 Warren B Powell 61 15566 2571 706 415 325 300
106 Nick Feamster 59 15533 858 733 711 692 667
107 Richard A. Register 62 15252 2230 384 362 354 338
108 Naomi Leonard 61 15053 1403 1193 774 523 487
109 Lucianne Walkowicz 36 15020 2043 1589 1204 1143 1044
110 Moses Charikar 52 15016 1807 1027 791 675 650
111 Amilcare Porporato 60 14601 1022 631 581 483 467
112 Peter J. Ramadge 38 14595 3520 3402 1100 1021 509
113 Edward W. Felten 63 14551 1126 574 435 422 410
114 Nathaniel D. Daw 55 14330 1472 1395 670 665 664
115 Nathaniel Fisch 61 14237 980 718 470 371 312
116 Michael Celia 59 14022 1614 508 502 485 386
117 Viviana A. Zelizer 34 13764 3534 2618 2603 1722 1719
118 Andrew W. Appel 50 13681 1820 1232 848 476 440
119 Pamela K. Klebanov 27 13510 3493 2700 2164 959 678
120 Alexander Todorov 57 13225 1546 1149 879 382 369
121 Jill Dolan 28 13017 7822 1110 794 784 268
122 Kosuke Imai 40 12876 2480 1092 1063 683 659
123 Benjamin D. Lackey 32 12849 4150 1408 885 738 534
124 Motohiro Yogo 22 12719 5476 3002 854 617 365
125 Jeroen Tromp 52 12660 1011 1011 869 651 594
126 Gregory W. Hammett 56 12646 929 663 527 506 417
127 Celeste Nelson 48 12629 3381 1052 904 707 511
128 Yu Xie 52 12566 1169 1081 567 552 508
129 Yiguang Ju 60 12537 420 409 368 309 269
130 Michael J. Freedman 46 12459 1073 1019 887 701 660
131 Robert Vanderbei 47 12460 1720 1638 821 736 654
132 Martin Semmelhack 67 12429 608 511 382 312 302
133 Herman Verlinde 51 12356 767 733 646 577 541
134 Alexander J Smits 55 12109 775 632 468 427 419
135 Lee M. Silver 57 11954 1132 608 461 377 366
136 Paul R. Prucnal 49 11932 906 813 425 328 312
137 Jason Petta 32 11835 2794 2177 2069 559 432
138 Atif Mian 32 11667 1865 1706 825 815 703
139 Perry R. Cook 48 11638 2852 494 423 382 303
140 Carles Boix 31 11622 2496 1092 1006 949 863
141 Barry P. Rand 46 11607 762 756 704 675 672
142 Ali Yazdani 43 11456 874 830 676 557 509
143 Hisashi Kobayashi 45 11083 2036 642 375 349 322
144 Wei Xiong 33 10696 1974 1039 888 846 563
145 Robert J. Goldston 51 10616 1161 605 602 445 341
146 Daniel  I Rubenstein 48 10551 2512 495 480 319 293
147 Adam Finkelstein 47 10466 1357 1136 663 474 471
148 Adrian M. Price-Whelan 20 10375 1525 1515 1351 1161 1059
149 David Walker 47 10289 1025 660 572 511 476
150 David A. Baldwin 24 10124 1720 1680 1533 1506 1288
151 Amitava Bhattacharjee 53 9911 1062 468 281 229 222
152 Eric Larson 49 9910 1358 1054 381 341 337
153 Paul Chirik 60 9659 618 541 406 404 284
154 Frederick Hughson 43 9598 1661 1458 767 511 329
155 Ilya Belopolski 44 9599 1325 709 706 505 458
156 Giovanni L. Violante 35 9551 1720 683 539 463 437
157 Kenneth A. Norman 38 9495 1728 1005 887 595 544
158 Kyle Jamieson 28 9482 3240 1486 838 452 392
159 Thomas Duffy 54 9447 586 388 374 344 235
160 Gaspar Bakos 58 9414 509 428 368 353 261
161 Uri Hasson 40 9403 965 745 578 512 414
162 Andrew Houck 35 9082 1280 1005 853 692 615
163 Rene Carmona 48 8832 951 458 341 326 273
164 Sankaran Sundaresan 55 8800 577 292 280 229 206
165 Clarence W Rowley 43 8772 751 672 487 432 374
166 Marc Fleurbaey 46 8760 650 554 467 350 304
167 John Mulvey 43 8492 1720 570 458 347 298
168 Timothy D. Searchinger 23 8455 4645 1358 455 293 279
169 Asif A. Ghazanfar 47 8298 1061 488 414 408 387
170 Yael Niv 40 8024 1472 664 368 361 328
171 Esteban Rossi-Hansberg 34 7909 2008 630 545 508 490
172 Elad Hazan 33 7835 3111 595 480 206 205
173 Lincoln S. Hollister 47 7818 955 469 421 382 362
174 Wolfgang Pesendorfer 33 7775 1224 909 687 675 540
175 Nolan McCarty 31 7709 2349 471 361 354 290
176 Bridgett vonHoldt 21 7577 4907 513 282 281 233
177 Daniel Garber 33 7546 2967 783 647 204 191
178 Szymon Suckewer 45 7482 677 225 217 202 189
179 Olga Russakovsky 14 7381 6317 175 160 148 121
180 Alistair Adcroft 31 7203 1682 1097 588 480 367
181 Arvind Narayanan 30 7194 1696 1077 357 312 297
182 Zhengguo Xiao (肖正国) 30 7073 1042 812 810 632 491
183 Peter Andolfatto 43 7067 588 348 285 276 266
184 Denise Mauzerall 42 7054 1060 830 422 283 275
186 Andrey Starikovskiy 43 6767 442 339 323 257 250
187 Jason Fleischer 33 6764 1314 639 617 373 263
188 Alexander Ploss 37 6619 931 488 357 344 253
189 Han Liu 32 6505 1248 490 430 354 324
190 David I. August 39 6493 695 313 289 277 235
191 Ryan P. Adams 36 6370 1445 360 317 294 241
192 Anatoly Spitkovsky 43 6160 574 404 267 235 224
193 Coleen Murphy 30 6105 1785 1163 423 209 201
194 Aarti Gupta 42 6038 340 308 252 161 143
195 Patricia Fernandez-Kelly 23 5929 2987 653 446 331 208
196 Sam Wang 35 5834 704 573 404 265 242
197 Joel D. Hartman 45 5743 353 326 261 196 174
198 Markus Prior 20 5715 1614 811 810 387 385
199 Peter Melchior 43 5648 521 521 237 191 181
200 Jeffrey S Hammer 33 5566 1075 482 343 282 262
201 Andy Bavier 23 5509 1240 733 728 585 320
202 Martha H Redi 39 5318 823 189 181 151 148
203 Matthew J. Salganik 18 5300 1701 1558 357 291 211
204 Cliff Brangwynne 33 5296 535 497 466 370 282
205 David Wentzlaff 23 5194 1116 857 682 557 348
206 Blair Schoene 30 5198 1800 331 265 259 232
207 Keith Rodgers 25 5185 3510 191 174 147 97
208 Arthur Dogariu 28 5163 1590 332 259 230 195
209 Hakan Tureci 35 5115 615 349 274 270 214
210 Michael S. Livstone 20 5114 860 718 672 619 572
211 Thomas Christensen 23 5058 837 663 639 419 411
212 Joao Biehl 26 4986 911 543 521 494 344
213 Mark Pinsk 19 4923 1463 639 447 367 307
214 Leonard Wantchekon 23 4924 1046 815 700 305 264
215 Matteo Cantiello 29 4788 751 651 464 454 236
216 Sophie Meunier 30 4786 576 387 371 366 362
217 Timothy Morton 36 4769 509 309 241 216 186
218 Alicia Adsera 26 4722 949 532 426 256 249
219 Amelie F. Constant 34 4725 447 407 240 235 197
220 Wenyun Lu 33 4673 506 359 329 327 271
221 joanne gowa 21 4568 906 574 420 393 314
222 A. James Link 25 4537 737 733 672 415 375
223 Silviu S. Pufu 37 4403 362 330 247 189 185
224 Nakita K. Noel 16 4406 1355 802 535 445 404
225 Guoqing Chang 22 4384 1339 772 479 254 250
226 V. Balaji 23 4284 1480 553 295 282 223
227 Tali Mendelberg 19 4234 1302 630 493 258 245
228 Amit Singer 38 4218 226 185 171 159 155
229 Joshua Shaevitz 28 4219 767 341 323 295 249
230 Keith E. Whittington 26 4165 587 528 510 344 342
231 Adam C Maloof 27 4164 688 494 382 289 255
232 Elinor Medezinski 36 4115 521 237 171 149 132
233 Tak-San Ho 36 3989 349 191 166 140 127
234 Robert M. Pringle 28 3962 831 297 219 212 164
235 Catherine A. Peters 32 3927 307 271 258 256 193
236 Jonathan Pillow 27 3928 895 320 288 285 273
237 Lisa Boulanger 16 3845 1075 737 461 360 301
238 Henrik Kleven 23 3841 633 396 322 232 210
239 Gideon Rosen 25 3774 616 394 315 256 254
240 Ian C. Fiebelkorn 18 3719 1571 756 403 288 116
241 Peter Schauß 18 3684 601 554 379 320 258
242 Alexandre Mas 19 3569 1076 516 493 303 238
243 Daniel S. Sanchez 22 3562 1325 458 250 243 149
244 Simone Giombi 34 3540 304 244 234 199 191
245 Oleg Itskhoki 19 3542 858 550 419 301 296
246 elizabeth levy paluck 22 3537 748 528 518 230 166
247 Julien F. Ayroles 21 3513 836 828 432 241 128
248 Rajesh Ranganath 20 3491 1856 295 259 101 89
249 Barbara Engelhardt 25 3472 1055 214 201 142 141
250 Lingling Chu 21 3432 494 324 294 255 240
251 Hong Qin 31 3421 345 79 70 68 61
252 Elie Bou-Zeid 33 3395 356 300 199 138 137
253 Ming Pan 28 3367 917 139 138 118 114
254 Jian Li 27 3328 874 255 245 167 108
255 C. Jessica E. Metcalf 32 3245 195 167 153 147 145
256 Leeat Yariv 30 3240 556 247 220 150 141
257 Amal Jayakumar 26 3188 497 345 324 215 115
258 Frederik J Simons 28 3185 494 267 217 189 158
259 Tim Buschman 15 3132 1533 318 231 204 175
260 Andrea L. Graham 26 3032 413 270 245 162 150
262 Jacob N. Shapiro 25 2946 432 231 174 170 166
263 Corina E. Tarnita 22 2799 954 313 176 170 133
264 Branko Glisic 27 2789 440 120 92 73 55
265 Prateek Mittal 24 2786 413 373 211 178 168
266 Jeff Thompson 12 2756 1084 297 272 263 165
267 Sonya Legg 28 2704 229 150 141 137 135
268 Allan Sly 27 2667 299 295 176 137 125
269 Amaney Jamal 25 2661 317 272 219 167 131
270 Carolyn (Lindy) McBride 12 2638 1654 176 143 141 141
271 zhaohuan zhu 27 2636 196 193 176 172 117
272 Thomas Gregor 20 2625 490 412 270 215 140
273 Minhao Liu 11 2613 536 475 346 292 284
274 Jose L Avalos 10 2606 756 332 285 269 259
275 Mark Zondlo 29 2593 263 239 146 123 115
276 Jiye G Kim 20 2588 1148 231 161 156 109
277 Todd Greco 24 2556 416 242 199 152 145
278 Sabine Petry 11 2394 1227 258 249 157 157
279 Jun Xiong 14 2377 692 547 383 163 128
280 Nathalie de Leon 19 2371 308 297 263 263 166
281 Anton Persikov 19 2370 432 308 243 162 127
282 Mohamed S. Donia 22 2347 232 225 215 207 191
283 Gandalf Nicolas 5 2325 2245 25 23 16 10
284 Petr P. Khlyabich 22 2293 310 275 230 218 205
285 S. K. Kushwaha 22 2282 383 348 182 164 126
286 David A. Bell 18 2275 640 640 309 194 169
287 Todd Hyster 18 2257 404 394 291 265 148
288 Will Lowe 19 2245 440 377 204 175 159
289 Shuran Song 13 2207 600 349 257 184 166
290 Lance Parsons 15 2146 1196 212 110 106 97
291 Michael Wawrzoniak 7 2120 1240 585 159 52 47
292 Jennifer Jennings 18 2116 795 199 151 137 132
293 Mohammad R. Seyedsayamdost 27 2109 185 121 121 118 86
294 Brandon Stewart 15 2101 972 302 136 129 79
295 Alan Patten 20 2099 388 245 173 164 162
296 Johannes Haushofer 18 2091 463 372 280 241 116
297 Daniel Yasumasa Takahashi 24 2054 220 178 161 128 122
298 Jia Gao 24 2016 340 294 126 97 95
299 Sujit S. Datta 22 1982 491 216 113 110 96
300 Adam Elga 14 1967 566 337 233 128 122
301 Alexandru Ionescu 28 1965 156 106 104 94 88
302 Thomas Kelly 16 1908 493 375 253 133 108
303 Robert A. Kaster 15 1871 684 281 125 93 76
304 Leah Boustan 18 1860 241 234 229 165 155
305 Jeffrey P. Fitts 27 1844 92 90 82 79 74
306 Robert Knowles 17 1781 394 239 145 104 104
307 Ning Lin 21 1777 277 172 169 138 91
308 Hans Halvorson 21 1755 273 174 174 127 94
309 Roger W. Cholewiak 19 1751 234 227 193 145 112
310 Peter Bogucki 20 1747 174 144 132 118 108
312 Nathaniel Johnson 17 1748 266 171 156 156 107
313 Tiffany Bogich 14 1740 985 155 111 92 75
314 Grigore Pop-Eleches 20 1735 248 171 161 152 122
315 Massimo Gaspari 22 1730 195 160 152 131 118
316 John Andrew Higgins 17 1706 243 199 197 184 141
317 Tharan Srikumar 19 1671 243 215 173 160 111
318 Will Dobbie 14 1662 655 312 122 121 109
319 Martin Wühr 16 1657 395 242 136 117 86
320 Kate Ho 14 1616 410 279 147 128 112
321 Mala Murthy 18 1609 386 249 199 115 81
322 Christina L. Davis 15 1575 269 218 204 169 112
324 Marshini Chetty 20 1540 266 87 81 80 78
325 Leslie M. Schoop 17 1536 547 189 104 65 59
326 Harlan Yu 10 1526 647 317 228 131 65
327 Hao Ding (丁浩) 12 1525 696 267 153 109 98
328 Cholsoon Jang 16 1496 294 253 137 115 104
329 Marcus Hultmark 20 1497 269 168 98 89 73
330 Ian Bourg 21 1486 121 119 116 106 98
331 Julia Elyachar 13 1486 664 200 138 80 75
332 Ivo Pletikosić 13 1467 508 370 151 103 84
333 Jason W Krizan 16 1466 383 348 86 75 47
334 Clement Bommier 16 1440 291 200 170 156 127
335 Jared Toettcher 12 1436 477 231 166 155 86
336 Mark Zondlo 18 1430 239 146 123 115 87
337 Tormod V. Burkey 12 1406 354 273 202 182 106
338 Jianping Wu 16 1397 274 214 127 105 95
339 Hyojoon Kim 8 1389 858 209 83 81 55
340 Joshua Reich 12 1386 581 173 127 85 81
341 Yi-Min Huang 18 1380 281 182 147 58 44
342 Hylke E. Beck 16 1369 423 196 118 101 74
343 Manish Dubey 19 1369 177 155 115 77 63
344 Xinning Zhang 8 1363 1066 120 55 29 25
345 Maggie CY Lau 19 1342 285 139 124 100 73
346 Sida I. Wang 10 1328 494 228 227 184 39
347 Wyatt Lloyd 13 1325 489 199 134 124 66
348 Seda Gurses 17 1312 199 191 176 117 57
349 Pijus Sasmal 16 1305 355 140 119 101 88
350 Axel Kilian 13 1302 448 177 132 112 41
351 Egemen Kolemen 19 1285 159 87 75 65 54
352 Matthew W. Kunz 21 1271 141 115 93 91 88
353 Vlad Vicol 21 1249 161 65 64 49 44
354 Nikola T. Markov 8 1242 289 220 210 195 134
355 Shawn C. Little 13 1231 162 159 156 140 134
356 Angela N. H. Creager 17 1208 258 117 100 89 83
357 Mark Ginsburg 19 1206 281 121 77 69 66
358 Tom Vogl 12 1203 339 231 219 78 64
359 Erik Nordström 14 1201 422 150 139 92 82
360 Irena Grudzinska Gross 17 1194 157 142 80 72 69
361 Zeev Dvir 19 1161 174 130 87 54 54
362 Victoria McGeer 17 1151 146 135 103 80 73
363 Mary Caswell Stoddard 15 1145 245 145 132 128 88
364 Muneeb Ali 11 1142 477 166 142 102 61
365 Michael Gullans 14 1137 263 219 134 100 76
366 Christopher A. Neilson 16 1114 197 145 132 98 59
367 Dennis M. Feehan 8 1113 458 283 282 187 93
368 Jing Yan 19 1111 202 110 97 82 77
369 Jordan A. Taylor 17 1107 140 102 91 90 76
370 Martin C Jonikas 15 1092 422 81 77 73 71
371 Michael P Zaletel 19 1078 110 79 76 69 61
372 Siavash Darvishmanesh 21 1068 114 102 77 61 57
373 Steven Posner 11 1060 301 193 130 127 88
374 Jonathan Kastellec 15 1058 207 113 92 88 86
375 Filippo Passerini 14 1057 236 133 107 94 94
376 Ben Scott 10 1052 565 171 85 49 43
377 András Gyenis 12 1051 332 271 132 83 40
378 yaara yeshurun 12 1049 280 199 151 70 69
380 Nicolas Boumal 16 1024 308 111 55 55 50
381 Chi-Fu Chen 7 1020 469 366 64 45 31
382 Kristopher Ramsay 15 999 158 127 99 97 80
383 Yuxin Chen 13 990 215 138 115 66 62
384 Zafer Barutcuoglu 6 989 461 238 137 64 60
385 Melissa Lane 17 990 181 155 155 69 51
386 S. Matthew Weinberg 15 984 123 103 97 92 87
387 Biao Lian 15 976 288 118 118 77 69
388 Joshua Kroll 10 973 332 332 249 131 129
389 Sigrid Adriaenssens 16 969 132 108 52 44 42
390 Sebastian Treusch 9 962 252 198 131 97 96
391 Ruidan Zhong 15 962 370 98 52 44 35
392 Alexander R. Nectow 8 961 521 234 70 70 12
393 Michael E Mueller 16 952 138 125 89 74 60
394 Xiaobo Li 8 947 386 215 174 73 47
395 Udit Basu 12 944 316 107 103 100 45
396 Ari Seff 10 939 301 173 144 142 49
397 V. Ongun Özçelik 19 931 82 81 74 69 65
398 Brad Carrow 10 930 286 180 87 83 81
399 Toni Celià-Terrassa 8 923 468 281 54 33 27
400 Maria Salatino 13 928 148 114 105 103 60
401 Chuanfei Dong 19 909 81 55 45 44 44
402 Claire E White 16 906 168 84 62 61 61
403 Matthew R. Edwards 14 902 258 121 74 56 37
404 Andrej Košmrlj 11 897 223 202 120 76 73
405 François Laforge 10 892 267 157 101 93 88
406 David Radice 18 890 117 104 53 48 46
407 Guy Olivier NGONGANG NDJAWA 12 894 207 115 99 91 84
408 Kanaka Rajan 9 882 397 161 127 70 22
410 Simon Krautwald 9 877 336 154 115 68 68
411 Sean Hackett 8 865 473 180 50 43 38
412 Xiaofang Yang 16 859 194 128 76 68 57
413 Fujia Wu 13 847 200 79 75 71 63
414 Geneva Stein 8 840 526 167 37 32 26
415 Alexander Glaser 15 832 65 50 47 42 42
417 Ryan Snyder 7 828 276 197 173 74 51
418 Patrick Arensdorf 11 826 220 127 121 117 66
419 Pietro Ortoleva 13 821 126 111 78 77 62
420 Lukas Bahati Tanner 12 819 147 146 117 77 75
422 Xing Yin, Ph.D. 15 814 99 99 76 74 68
423 Janine Nunes 11 814 153 141 114 104 63
424 Mathew Syriac Madhavacheril 11 821 228 148 147 65 43
425 Christopher DeCoro 12 808 192 112 73 65 64
426 Diana Tamir 11 806 303 96 65 55 54
427 Peng Sun 7 798 593 68 52 32 30
428 Karl Bandilla 18 795 82 78 68 64 43
429 Gregory Gundersen 6 795 437 221 79 30 10
430 Jonathan Mayer 11 788 360 78 56 37 26
431 William Howarth 11 783 269 202 79 46 24
432 Kabir Khanna 7 781 314 273 67 57 19
433 Zhen Jia 12 776 321 74 66 42 40
434 Casey Lew-Williams 11 769 248 152 100 72 49
435 Alin Coman 13 762 152 87 69 62 57
436 Andrew M. Leifer 8 753 229 138 120 89 89
437 Nick Nesbitt 13 752 146 125 53 52 49
438 Arvid Guterstam 9 748 184 167 99 85 80
439 Naga Katta 10 750 173 141 123 71 45
440 Megan Shaw 9 743 367 102 84 57 35
441 Faisal Z. Ahmed 9 743 277 194 101 52 41
442 Kevin W. Knehr 11 742 134 134 84 81 77
443 Matias Iaryczower 11 738 341 61 61 55 52
444 Kolbjørn Tunstrøm 8 739 421 139 61 44 23
445 Alexander Tait 16 739 96 70 45 45 33
446 Sarah Kocher 14 731 136 93 68 60 54
447 Barry Bradlyn 11 731 225 124 87 63 49
448 Darius Sadri 13 729 148 148 100 70 70
449 Saeed Ghadimi 7 720 209 166 146 81 77
450 Hanna Pickard 16 716 80 62 47 44 43
452 Longfei Shangguan 15 708 93 70 65 59 41
453 Eric J. Zirnstein 13 706 163 108 72 63 47
455 Haakon Ringberg 9 701 348 81 57 52 46
456 Nathaniel Chaney 12 701 136 101 97 76 43
457 Feng Liu 15 699 89 85 71 68 61
458 Junyoung O. Park 7 696 484 77 50 27 20
459 Stefanos Damianakis 9 692 183 164 164 97 64
460 Sophia Hsin-Jung Li 4 690 626 40 11 4 3
461 Quentin CAUDRON 4 685 659 11 7 5 2
462 Maksim Mezhericher 13 678 111 88 64 57 50
464 Hazer Inaltekin 14 674 144 64 32 28 27
465 Tara TeSlaa, Ph.D. 10 656 141 108 85 78 56
466 Yufan Zhang 8 657 457 50 39 31 18
467 Zheng, Mei C 6 648 365 197 29 9 8
468 Heath Smith 13 647 188 67 62 61 51
469 Mitchell Nahmias 15 645 96 70 45 33 31
470 Rafaela Dancygier 10 641 277 76 68 68 29
471 Margit Vallikivi 11 642 168 98 63 63 58
472 Pravesh K. Kothari 13 637 195 83 39 38 34
473 Seth Bushinsky 9 633 388 95 37 22 21
474 Thomas Fujiwara 10 620 184 142 106 50 33
475 Dr. Arsenia (Ersi) Chorti 15 613 108 72 47 38 29
477 Gunes Acar 7 604 235 191 82 35 15
478 Shana Elbaum-Garfinkle 10 603 175 143 67 62 46
479 Erez Simony 12 594 135 69 63 53 50
480 Lifeng Yang 11 591 149 104 76 43 42
481 Jamey R. Szalay 11 584 163 65 61 46 27
482 Zheyun Zhang 11 578 94 83 59 54 45
483 Ori Rottenstreich 14 578 70 54 47 38 32
485 Chuan Zhang 11 567 117 114 96 44 41
486 BRYAN BENSON 9 567 228 91 77 57 33
487 Erik Vickstrom 8 565 339 69 29 28 26
488 Waqas Bhatti 15 564 75 45 38 34 27
489 Zhe Dong 7 562 152 134 108 54 54
490 Kah-Wai Lin 9 561 102 100 92 69 56
491 Dave Kleinschmidt 9 561 217 99 61 58 27
492 Jennifer Obligacion 7 560 147 117 112 74 61
493 DJ Rasmussen 7 558 220 89 86 49 43
494 Amin Jafarian 13 557 117 111 31 26 23
495 Tyler Groff 13 565 93 32 29 28 28
496 César Carrasco-López 11 557 141 113 83 44 34
497 Ming-Tzo (Steven) Wei 12 555 78 56 55 48 42
498 Hao Chen 12 555 115 95 70 56 38
499 Sarah McGrath 10 553 126 91 79 64 53
500 Arpit Gupta 8 556 253 81 65 57 48
501 Benjamin J. Wieder 8 548 319 106 39 18 18
502 Katherine M Davis 8 547 250 114 92 22 20
503 Muhammad Shahbaz 7 550 254 84 66 59 45
504 Mei-Fong Pang 10 542 157 102 89 54 31
505 Jenna L. Jeffrey 8 540 164 92 84 83 60
507 Ian Phillips 13 536 88 73 55 30 24
509 Gopalakrishnan Sai Gautam 9 533 102 99 58 56 46
510 Xi Xing 14 529 42 37 35 32 31
511 Matvey Arye 7 523 192 150 77 31 23
512 Nilesh Vaidya 7 521 220 158 76 23 13
513 Ji-Ming Shi 10 520 129 92 91 41 35
514 Lei Zhao 5 521 227 207 53 16 11
515 Paweł Swaczyna 14 519 72 57 55 43 42
516 Sheng (Tony) Hui 7 519 185 112 104 58 19
517 Jia Peng 9 516 165 110 93 45 27
518 Steven Englehardt 6 515 235 128 87 19 16
519 Anirudha Majumdar 12 516 73 67 61 49 39
520 Jakub Kastl 10 514 125 109 90 65 38
521 Steve Gump 8 515 135 71 65 63 44
522 Fei Ding 6 513 181 121 95 92 14
523 Michael P Eddy 9 512 199 149 36 27 24
524 Prakash Prabhu 8 512 167 89 71 68 43
525 Tai Kong 9 506 149 54 45 44 38
526 Raymond P. Hicks 9 505 193 71 48 42 33
527 Sencer Selçuk 6 504 319 71 60 25 8
528 Benjamin Rubin 9 505 188 82 49 47 41
529 Ryan Mishmash 11 500 150 77 63 52 31
530 Lianfeng Zhao 11 496 202 76 33 33 27
531 Vikram J. Pansare 3 497 381 96 16 2 1
532 Stefan Putz 9 495 217 71 65 56 20
533 Christian Delacroix 12 497 98 53 47 41 28
534 Steven Goldfeder 8 496 299 43 38 35 19
535 Wudi Wang 5 493 383 40 30 15 15
537 Adam Charles 11 485 163 78 29 26 25
538 Minjie Chen 12 484 179 65 32 27 27
539 Amina Kinkhabwala 9 481 195 108 96 15 15
540 Lei Tao 13 471 75 49 45 38 27
541 Jian Jin 8 476 149 144 80 52 21
543 Helen van Aggelen 13 473 57 51 41 40 34
544 Sarah DuBrow 8 471 144 101 66 44 44
545 Rohit Rajgaria 7 470 250 83 52 31 21
546 Michael K Fuccillo, PhD 9 465 125 104 55 54 37
547 Salim Akhter Chowdhury 10 464 67 66 55 48 38
548 Fabio Pusateri 11 465 112 88 51 42 24
549 Nir BenMoshe 9 460 240 51 37 32 32
550 Elizabeth McDevitt 10 457 132 66 47 45 31
551 Jennifer Cano 7 455 221 87 45 39 12
552 Christina Riehl 11 455 85 68 38 31 30
554 Lina Al-Kanj 11 449 64 48 46 37 36
556 Sudeep Kamath 11 447 94 47 45 29 23
557 Pu Lin 10 446 68 66 50 50 41
559 J. Chen 10 438 81 61 36 30 29
560 Shibiao WAN 11 435 88 82 36 24 24
561 Lucas Pinto 8 435 211 88 32 27 18
563 Marius Koch 14 433 53 46 42 41 40
564 Aylin Caliskan 8 430 153 54 52 50 39
565 Yang Liu 12 429 68 46 43 40 37
566 Zuzana Burivalova 7 425 152 117 43 35 27
567 Julian Scherer 9 422 126 76 66 37 27
568 Kenji Hata 6 423 333 33 28 11 9
569 Lillia Ryazanova 7 422 180 152 30 25 13
570 Yinda Zhang 8 421 145 72 68 30 29
571 Amanda J. Lea 11 420 66 63 61 52 30
572 Yu-Hsiang Cheng 10 419 94 90 79 55 26
573 Kuang Yu 11 417 75 50 43 40 40
574 Ezra Oberfield 7 417 141 102 58 44 33
575 Scott Bolkan 7 416 160 63 59 51 33
576 Abhishek Saha 13 411 44 31 31 30 30
577 Kalsea Koss 13 409 52 45 44 34 27
578 Derek Schaeffer 11 407 73 39 37 33 32
579 Paul PG Gauthier 8 408 121 110 76 30 19
580 Scott Geraedts 11 404 76 56 52 30 22
581 Rory Truex 9 401 97 93 60 57 37
582 Daniel Lecoanet 12 400 50 49 40 35 33
583 James Antony 7 396 156 107 52 41 13
584 Melda Sezen-Edmonds 6 396 310 18 17 16 13
585 Esteban A. Engel 10 393 65 65 60 36 24
586 Ali Daraeepour 7 392 119 86 57 56 41
587 Martin Cherkes 8 391 218 40 28 22 17
588 Tomer Stern 10 391 96 70 58 53 34
589 Kartiek Agarwal 7 389 179 63 55 25 20
590 Zachary Kincaid 9 388 77 70 60 40 24
591 Moritz T. Meyer 8 388 87 84 56 43 43
592 Pratikshya Bohra-Mishra 8 384 99 89 87 38 19
593 Somayeh Moazeni 11 383 115 33 26 25 23
594 Quan Wang 11 382 61 56 50 48 39
595 Mykhaylo Shkolnikov 12 382 49 41 36 33 32
596 Dillon Wong 8 381 125 61 49 48 33
597 Jeffrey Bos 7 381 103 83 80 49 38
599 SeungYeon Kang 4 378 268 45 37 18 4
600 Gül Zerze 12 377 74 41 39 29 28
601 Gang Li 7 376 152 76 49 37 28
602 Naiqi G Xiao 10 375 121 40 33 33 23
603 Xin Xiang 7 378 181 104 30 18 10
604 John-Paul Bacik 11 373 58 43 36 32 29
605 Jia Liu 10 373 112 48 44 36 30
606 Tanja Kassuba 7 371 200 66 41 22 14
607 Marcos A. Reyes-Martinez 6 371 232 51 43 15 13
608 Clifford Wulfman 9 369 108 48 39 38 24
609 Ryan Ly 4 370 318 34 7 5 3
610 Michal Kolesár 8 370 130 102 64 19 17
611 Jie Feng 8 367 71 59 51 44 35
612 Fabian O. von Rohr 12 365 92 34 27 21 21
613 Lailai Zhu 10 361 88 65 41 29 23
614 Benjamin Y. Winer 9 361 110 54 34 25 24
615 Peter Dewey 9 359 84 55 49 46 36
616 Warren Rieutort-Louis 11 358 48 37 27 22 20
617 Kento Masuda 9 358 75 63 44 38 29
618 Wendy Laura Belcher 6 352 223 36 23 15 10
619 Aaron M. Bornstein 7 352 112 73 71 44 22
620 Payam Piray 7 352 177 43 39 35 24
621 Lauren L Emberson 8 351 63 54 52 48 38
622 Dana R. Caulton 6 349 207 49 49 33 27
623 Ninoslav Marina 9 348 111 62 24 22 11
624 Aaron Blankstein 7 346 85 69 64 60 26
625 (Wayne) Wei Ding 7 347 124 95 38 32 27
627 Tao Chen 10 343 86 52 45 34 23
629 Andrea Matwyshyn 11 340 49 47 33 20 19
630 Philip Mocz 12 341 60 31 28 28 26
633 Alexander M. Niziolek 12 335 40 37 36 32 31
634 Yingyue Zhang 9 336 61 45 43 42 36
635 Florian Laggner 12 335 45 33 27 27 23
636 Rachel S Selinsky 8 334 159 55 30 26 16
637 Malte Möser 9 332 123 55 39 36 18
638 Suo Yang 12 330 39 28 28 26 26
640 Yoon Jang Chung 12 326 63 25 25 20 16
642 June Huh 9 324 78 50 40 40 32
643 Boris Alexeev 7 322 120 106 36 16 13
644 Heath E Johnson 8 322 103 71 33 32 30
645 Qiang Ding 10 322 75 50 42 37 33
646 Ipek G. Kulahci 6 322 119 116 26 22 15
647 Harvey Lederman 5 320 165 112 12 6 6
648 Michael Robbins 8 320 127 71 22 19 17
649 Sharan Grewal 5 320 248 29 23 7 7
650 Beom-Goo Kang 9 320 69 68 34 28 27
651 Liechao Huang 11 317 48 37 27 22 20
652 Long Yang 10 316 43 42 37 34 30
653 Dobromir Kamburov 11 316 40 37 37 33 21
655 Michael Wang 8 315 155 28 19 17 14
656 Sebastian Gallegos 7 315 83 51 42 38 23
657 Sihang Liang 7 313 126 67 43 29 28
658 Benjamin P Bratton 8 313 66 47 39 39 37
659 Jessica Irving 7 312 99 74 60 28 18
660 Peng Zhao 7 311 94 82 44 26 21
661 Simone Aiola 9 312 61 42 39 37 37
662 Onur Onel 11 308 40 37 36 32 31
663 Jeffrey Nguyen 5 308 133 89 37 22 17
665 Fernando G Taboada 11 306 53 42 32 28 23
666 Ronit Bustin 7 304 159 23 18 17 13
667 Daniel Oblinsky 9 304 78 32 32 30 29
668 Henry W Lin 7 303 121 95 24 17 14
670 Josue Sanz-Robinson 10 301 48 37 27 22 20
671 Yingzhe Hu 10 299 48 37 27 22 20
672 Nicholas Davy 4 299 192 74 17 16 0
673 Jiachuan Yang 9 298 68 46 45 36 18
674 Florian Douam 9 297 62 53 33 33 29
675 F. Alexander Haumann 6 296 129 78 32 30 16
676 Tristan Buckmaster 8 296 61 55 46 34 33
678 June Wicks 8 294 104 48 44 28 25
679 Margaret Frye 6 293 146 98 10 9 9
680 Yi Zhang 6 305 99 82 54 29 14
681 Mark Bun 8 292 57 54 43 26 20
682 Trithep Devakul 9 292 58 50 39 27 17
683 Huai-An Chin 7 292 148 56 33 27 9
684 Edward Young 11 297 39 27 24 21 17
685 Matthew Reichert 9 290 60 48 48 27 19
686 Desiree Tommasi 8 290 148 25 22 21 13
687 Shahnawaz Rafiq 11 288 46 34 29 27 20
688 Owen Zidar 6 286 93 67 47 36 13
689 Buz Barstow 6 286 62 62 50 29 28
691 Yanfei Zhang 10 285 62 27 20 18 15
692 John Mark P. Martirez 9 284 69 64 35 24 18
693 Kachina Allen 8 283 121 43 26 23 22
695 Nima Alidoust 4 281 216 30 19 9 4
696 Saki Takahashi 7 281 100 77 38 20 19
697 Yogesh Goyal 9 279 103 34 30 20 17
698 Brandon Stackhouse 6 279 155 59 36 8 7
699 Allison J.B. Chaney 4 280 172 71 18 8 4
700 PT Brun 9 277 47 36 31 22 22
701 Georgina Hall 5 276 232 20 8 7 5
702 Marcelo Gomes Mattar 10 275 54 41 36 26 22
703 Shiming Lei 9 275 63 41 28 27 27
705 Amy Wu 6 267 133 48 41 18 15
706 Rebecca A. Johnson 8 265 143 39 21 14 13
707 Jiangchao chen 9 265 43 31 31 29 23
708 Clara L Blättler 7 264 95 41 37 22 21
709 Sally June Tracy 4 263 140 83 19 7 4
710 Christopher Baldassano 8 263 77 32 31 24 24
711 Sara Sadri 8 263 128 34 25 20 17
712 Javier Gómez-Serrano 8 267 70 35 28 24 24
713 Grigory Fedyukovich 10 261 37 33 31 25 23
714 Ankur Gupta 6 260 135 47 22 19 18
715 Alexandru Petrescu 7 261 63 61 36 30 25
716 Gil Cohen 10 259 44 32 29 21 19
717 Sunjin Moon 10 259 37 31 28 27 19
718 Joshua Spechler 5 259 93 58 39 32 31
719 Yifan Wang 11 259 47 47 30 27 18
720 Andrew S. Lan 9 258 88 29 19 18 17
722 Kenan Qu 7 255 70 38 35 33 16
723 Tanya Gupta 7 255 59 46 40 31 18
725 Colin Worby 10 253 74 35 35 19 18
726 Yufan Liang 7 251 73 44 43 24 23
727 Chika Okeke-Agulu 8 251 69 52 15 14 14
728 Mikkel Plagborg-Moller 4 249 123 66 27 20 20
729 Jonathan Mummolo 8 250 76 65 26 18 14
730 Sean D. Johnson 10 247 44 35 33 28 23
734 Tao Wang 8 245 41 38 36 32 27
735 Ahmed El Hady 7 244 124 31 30 30 19
736 Roi Livni 6 243 125 20 19 17 17
737 Renan Cabrera 10 241 33 31 27 22 18
738 David Zajac 8 241 67 48 36 33 20
740 Hsin-Yu Ko 6 238 114 78 20 10 7
741 Jonathan Goya 8 238 50 49 47 30 22
742 Guang Chen 9 239 39 32 30 27 17
743 Minyoung Kevin Kim 6 238 133 42 37 10 10
745 Vanisha Lakhina 5 236 91 46 37 29 24
746 Noah Scovronick 10 237 53 27 22 21 13
748 Jeff Terrace 6 235 90 59 28 21 19
749 William C. Witt 5 234 118 64 17 16 16
750 Travis Sharp 9 233 28 27 25 21 20
751 Janam Jhaveri 7 232 75 57 34 15 14
752 Luc Deike 10 231 35 31 25 23 23
753 Jindong zan 8 228 63 51 30 21 19
756 Andrej Risteski 9 226 47 32 26 24 12
757 Nicolas Van Oostende 6 227 87 36 29 23 22
758 Ruha Benjamin 6 225 85 76 11 10 8
759 Elise Piazza 7 222 81 34 33 27 18
760 Kelly Chuh 7 223 54 54 30 30 18
761 mo weng 5 221 101 37 29 26 16
763 Alon Gonen 8 219 110 31 24 15 11
765 Zhong Zheng 9 219 33 27 22 22 18
766 Shuangzhuang Guo 7 220 68 44 39 33 12
767 Haroon Anwar 6 218 118 37 23 15 13
768 Lital Levy 9 217 52 31 27 24 18
769 Sheng Guo 8 216 52 46 22 17 16
770 Athena Akrami 8 215 42 39 35 29 16
771 Jonas Westberg 8 214 37 36 24 22 15
772 Marina Rustow 7 216 82 27 17 14 8
773 Niels Martin Møller 7 212 67 50 42 19 16
774 Rose Wellman 2 213 206 3 2 1 1
775 Stephan M. Rummelt 6 212 60 52 44 30 11
777 Denis Potapenko 9 210 30 27 23 21 20
779 Abulof Uriel 8 208 31 27 24 20 14
780 Monika Schönauer 8 207 112 22 15 14 11
782 Diego Perez-Botero 6 204 127 25 16 15 10
783 Lucia Gualtieri 7 204 66 43 33 18 17
784 Bing Pu 7 204 43 43 29 20 12
785 Miklos Z. Racz 8 203 29 29 26 21 17
786 Min Ye 7 203 61 46 23 13 13
787 Burkhant Suerfu 4 204 143 143 26 20 10
788 Yakir Vizel 7 201 46 36 34 19 17
789 Daniel T. Baldassarre 8 200 51 31 30 21 17
790 Mohammad Rahimi 6 197 57 46 41 20 18
791 Andrew Gersick 9 197 46 34 18 17 15
794 Zhijuan Su 8 195 39 24 17 15 15
795 Jiequn Han 7 193 96 35 18 15 12
796 Behrooz (Bruce) Ferdowsi 8 192 44 28 27 23 21
797 Daniel Cullina 6 192 72 29 17 17 17
798 Tyler Van Buren 7 195 34 29 17 12 10
799 Charlotte Laufkötter 7 191 68 29 24 21 19
800 Chanelle Jumper 9 191 32 30 28 27 20
801 Máté J. Bezdek 9 191 41 22 19 18 18
802 Yanbing Liu 8 191 49 46 32 24 9
803 Omer Malik 6 190 80 43 22 20 11
804 Matthew P. Chang 9 189 38 15 15 14 13
805 Shir Landau Feibish 8 190 61 25 18 17 17
806 Kimberly B. Shepard 7 188 38 36 35 22 16
808 Kai Gong 4 187 82 80 13 9 2
810 Naman Agarwal 5 185 88 47 32 7 7
811 Emanuel Stockman 6 184 109 27 11 8 8
813 Kyra Noelle Schwarz 7 181 71 32 24 21 15
815 Maryam Farboodi 5 181 127 18 14 10 6
816 Lin F. Yang 7 180 50 24 20 16 13
817 Umair bin Waheed 7 179 31 21 18 16 15
818 Alejandro Ochoa 5 179 92 29 26 17 10
819 Hao Zhao 7 179 100 19 16 12 11
820 Anthony J. Metrano 5 179 50 50 39 20 10
821 Byung Kwan Oh 7 178 25 23 21 13 10
823 Andrew G. Hsieh 6 178 50 38 26 24 10
824 Maofeng Liu (刘茂峰) 5 178 106 42 8 7 6
825 Ted Enamorado 5 178 74 38 35 24 5
827 Yury Ustinovskiy 7 177 36 30 28 16 8
828 Laura A. G. Gray 4 176 64 62 31 19 0
829 Liangcheng Zhou 5 175 95 37 14 11 8
830 Nathalie M. Pinkerton 4 175 85 41 26 17 3
831 Elizabeth Roberto 6 176 87 58 8 7 7
832 Levent Erdal Aygun 8 174 56 33 18 17 13
833 Anthony Sigillito 8 174 46 39 24 18 10
834 Wenchang Yang 5 173 78 48 20 11 6
835 Aman Jain 8 174 38 22 19 14 11
836 Yin Wang 6 173 64 34 15 13 13
837 Yizhi You 5 173 61 54 22 9 6
838 Sebastian Meuren 7 173 33 27 27 27 22
839 Amit Haim Bermano 7 173 35 32 31 21 20
840 Lionel Arteaga 4 173 145 18 5 5 0
842 Jingbo liu 8 172 25 17 15 15 14
843 Siddharth Mishra-Sharma 8 172 60 26 21 13 12
844 Nicholas Treen 6 172 52 40 22 22 19
845 Angela M Mitchell 6 171 71 22 21 19 19
846 Mark Esposito 4 170 70 56 31 7 2
847 Antonia Statt 8 171 52 29 21 15 15
848 Sarah A Port 4 170 79 60 21 5 3
851 Meredith Martin 6 168 92 17 12 12 10
852 Jhong-Min Chen 4 168 85 44 44 17 12
853 M. A. Mueed 7 168 50 40 16 15 8
854 Mithun Chowdhury 6 167 73 37 14 10 8
855 Carrie Cizauskas 9 166 31 24 21 18 14
856 Alireza Mohammadi 8 166 44 26 24 20 11
857 Hao Jiang 8 166 27 27 19 13 11
858 Zoltan Mester 6 166 50 33 32 27 8
860 Aatish Bhatia 5 165 97 28 16 12 7
861 Ida Momennejad 6 166 60 28 26 21 18
862 Silvio Sergio Cerri 9 164 25 23 22 19 14
863 Leo H. O. Hellström 7 164 49 35 19 18 16
865 Weiliang Jin 7 163 50 34 17 16 11
868 Davide Vanzo 8 162 33 33 20 15 12
869 Tapomoy Bhattacharjee 6 162 85 22 21 11 7
870 Elizabeth M. Seibel 7 162 47 25 18 11 10
871 Ismaiel Yakub 8 161 35 21 19 18 18
873 Izaak Beekman 2 160 80 76 2 1 1
874 Xudong Li 6 160 62 33 24 15 12
875 Patrick Caddeau 2 158 138 17 2 1 0
876 Jorine Eeftens 6 158 42 39 31 25 9
877 Huan He 7 157 36 33 20 17 16
878 Amir Erez 4 157 116 21 10 6 4
879 Simon Forsberg 5 156 46 27 26 21 17
880 Jen-Tang Lu 5 156 44 35 33 14 13
882 Junwon Kim 8 156 33 33 22 13 13
883 Pawel Jan Zuk 5 156 52 33 24 24 14
884 Qi Ou 7 156 34 27 24 23 15
886 Jonathan Ng 7 155 33 28 27 18 16
888 Angela Radulescu 4 155 88 41 17 5 3
889 Antonio Perazzo 6 154 62 28 18 17 11
891 Rakesh S. Singh 7 153 49 22 15 11 9
892 Arsalan Mosenia 6 153 55 35 15 15 10
895 Jaan Altosaar 3 151 77 49 19 3 2
896 Jesse Farmer 6 150 49 28 18 12 7
898 Zhuo Wang 8 149 19 17 16 16 14
900 Luxherta Buzi 6 147 34 22 19 16 8
901 Ameya Mashruwala 7 145 46 25 14 11 10
902 Michael Wang 6 144 42 34 25 14 6
903 Anne Edmundson 5 143 76 36 8 6 5
904 Andrew Alan Johnson 6 143 33 30 30 24 10
906 Vito Giovanni Lucivero 6 143 29 28 21 19 17
907 Elmer Guardado-Sanchez 5 141 93 12 12 7 6
908 Christopher B. Reuter 7 141 39 32 22 14 12
910 Sivakanth Gopi 6 141 51 42 13 9 9
912 Tsvetan Asamov 7 142 25 19 19 17 17
913 Jessica L Verpeut 8 139 31 28 26 11 10
914 John Roszell 7 139 23 22 19 18 16
916 Wesley F Reinhart 6 139 32 29 23 22 16
917 Steven Knowlton 6 138 61 10 9 9 8
919 Ming Liu 7 137 32 19 13 13 12
922 H. Jeremy Cho 5 135 59 37 15 12 6
923 Ibrahim Albluwi 4 134 62 35 22 7 3
924 C. Rose Kennedy 7 134 44 28 18 12 10
925 Yanqi Zhou 6 133 33 28 15 12 12
927 J. Nathan Matias 6 131 30 18 11 9 8
929 YIHAN WU 6 130 44 24 17 13 12
930 Brandt Belson 5 129 37 36 30 17 7
932 Joel Federspiel 4 128 79 26 13 7 3
933 Theodore D. Drivas 7 128 17 16 16 14 14
934 Jian He 7 128 26 17 15 14 10
936 Libby Barak 6 127 35 34 14 12 12
937 Lesheng Li （李乐生） 7 125 29 27 23 12 9
938 William Mansky 5 125 29 27 27 8 6
939 Saleh Soltan 6 124 33 17 14 12 8
940 Haoyu Zhang 4 125 71 27 19 4 3
941 Youyi Ruan 7 123 20 20 19 16 13
942 Pierre Ronceray 7 123 37 19 13 11 8
943 Nathan T. Arrington 5 123 39 35 25 7 5
944 Bhargav Rallabandi 6 121 46 23 15 11 10
945 Shenzhen Xu 6 121 40 16 16 16 11
946 Mingbo Cai 5 120 60 30 11 8 6
947 Shuyuan Zhang 6 120 32 22 22 15 15
948 George Hagstrom 6 119 22 17 16 12 11
949 Adam J Calhoun 6 119 36 31 17 17 10
950 Liming Li 7 119 17 14 13 9 9
952 A. Almasi 3 118 96 18 3 1 0
953 Mark Limes 6 118 25 23 19 16 13
955 Huiwen Chang 5 118 50 36 10 9 5
958 Tao Han 5 117 57 27 13 9 9
959 Jari Tapani Kolehmainen 7 116 25 19 14 9 8
960 Duong "Zoom" Nguyen 4 115 42 32 17 16 4
964 Hugo Defienne 5 114 42 30 12 11 9
965 Kwangdong Roh 4 114 58 24 21 5 3
966 Volha Charnysh 5 114 35 32 20 8 6
968 Roy R. Lederman 5 113 50 14 9 9 8
969 Chun-Yi Lee 6 113 24 22 21 16 15
970 Ana Gantman 5 113 45 34 17 5 5
971 YunHui L. Lin 6 113 33 33 14 10 9
973 Li Chen 4 112 56 38 4 4 4
975 Stephanie R Debats 5 111 49 17 14 14 11
976 Shaurjo Biswas 6 111 40 17 17 10 8
980 Zahra Aminzare 5 110 47 13 11 11 9
981 Moein Malekakhlagh 5 110 49 25 13 7 6
982 Sandra J Aedo 6 110 22 21 18 17 11
985 Dionysios S. Kalogerias 6 109 44 16 9 7 7
986 Jieming Mao 6 108 22 19 17 16 9
987 Faheng Zang 4 107 45 28 9 9 4
990 Xunhua Zhao 6 107 32 19 14 14 13
991 Guangda Hu 5 108 53 16 13 11 5
992 Benjamin Russell 5 107 37 24 14 12 6
995 Drew Gower 5 106 56 13 12 8 7
997 Alex Dytso 7 105 15 12 10 9 7
999 Jesse T. Ault 5 105 41 20 14 7 6
1002 Jonathan M Goldberg 5 105 48 29 10 8 8
1003 Granton Jindal 5 104 34 21 17 15 12
1005 Ricardo Martínez-García 6 103 24 16 14 12 8
1009 Elham Shirvani-Dastgerdi 7 101 18 18 12 10 9
1011 Francesc Castella 6 100 18 18 16 11 10
1012 Salman Sohrabi 6 100 21 16 10 7 6
1013 Tatyana Shcherbina 5 100 23 21 20 14 7
1014 Lin Wang (Lililan) 5 99 33 13 12 10 7
1015 Monika Scholz 4 98 76 7 4 4 4
1017 wenbo wu 5 96 30 29 9 7 6
1018 Iasonas Petras 6 96 28 17 16 13 9
1019 Andrew M. Guess 5 97 23 21 18 18 10
1021 Raphael Cunha 5 95 43 28 8 6 5
1024 Berthold Jaeck 6 95 28 16 15 13 9
1025 Nishant Garg 5 94 23 20 20 11 8
1026 Anqi Wu 4 93 71 6 5 4 3
1028 Xi Chen 4 92 40 31 6 5 3
1033 Shoham Bhadra 5 88 31 26 14 6 5
1036 Amy K. Winter 5 87 25 16 15 11 10
1037 Sam Zorowitz 5 87 19 18 17 9 8
1038 Nyan Aung 4 87 43 11 9 9 4
1039 Yanhua Yuan 5 87 33 27 6 6 5
1043 Alex Lorbert 5 85 28 19 14 9 8
1045 Vinícius Rodrigues Vieira 4 85 48 7 6 4 4
1046 Andreas Mayer 4 85 34 24 11 5 4
1047 Khaled M. Ghannam 4 85 46 18 12 5 3
1048 Mikio Aoi 6 85 27 12 10 8 6
1050 Ryan Modrak 4 84 33 15 13 6 4
1051 Florence T. Ling 3 84 69 10 3 1 1
1054 Pathikrit Bhattacharya 5 82 19 19 16 10 5
1055 Suresh Venkatesh 4 82 54 14 5 4 4
1056 Mark A. Thornton 4 82 30 21 14 8 4
1057 Michael Shvartsman 4 82 52 9 7 4 3
1058 Levi Silvers 5 82 22 13 13 11 6
1059 Maziar Derakhshandeh 5 81 22 22 15 6 6
1065 Benjamin M. Goldberg 5 80 24 15 14 13 5
1066 Omar Wasow 5 79 54 5 5 5 5
1069 Minjie Chen (陈敏捷) 3 78 55 15 3 2 1
1070 Paul Schmitt 6 78 19 9 9 8 7
1072 Sagi Jaffe-Dax 4 78 41 19 8 5 2
1073 Guangbo Xu 5 77 11 10 10 8 7
1074 Elena Balashova (Sizikova) 4 77 49 13 8 4 2
1075 Marius Cătălin Iordan 5 77 24 14 9 8 7
1076 Siyuan Henry Xian 5 77 23 19 10 10 7
1080 Bei Wang 5 75 23 14 14 7 5
1082 Biswadip Dey 6 74 13 13 11 10 9
1083 Kayhan Ozcimder 5 74 24 10 9 7 5
1084 Weiqi Sun 4 73 27 21 14 5 3
1088 Ran Sui 5 72 24 18 8 8 6
1089 Noah Apthorpe 3 72 32 25 10 2 1
1090 Jintao Zhang 5 72 19 17 13 9 6
1091 Joseph Bak-Coleman 5 71 18 17 15 8 7
1093 Sina Khani 5 70 16 15 12 11 5
1095 Nir Sharon 6 70 11 9 8 7 7
1096 Yifei Shi 4 70 36 15 11 4 2
1097 Samuel A. Nastase 5 69 26 17 13 7 5
1099 Joanna Sterling 5 69 19 15 14 9 5
1101 Chang Liu 4 68 19 15 14 9 3
1104 M. Junaid Amin 5 67 12 11 9 8 7
1105 Subrahmanyam Duvvuri 4 66 30 14 6 4 4
1107 Feiyu Lu 5 65 17 14 13 7 6
1113 Mike Hvasta 3 63 45 6 4 3 2
1114 Kristin E. Brzeski 5 62 22 12 9 6 5
1116 Gregory G. Garner 6 61 14 12 9 9 7
1120 JAN HOMANN 3 60 50 5 3 1 1
1121 Siamak Abbaslou 3 60 30 14 7 3 2
1124 Jin Zeyu 5 59 13 12 8 8 7
1125 Simone Zaccaria 5 59 21 11 9 7 5
1130 Stephanie C.Y. Chan 4 58 18 16 11 8 4
1131 Ziwei Zhu 4 58 28 12 7 4 3
1133 Sattar Vakili 3 58 37 34 7 4 3
1138 Hao Dong, 董浩 4 55 21 12 7 5 3
1140 Mohammad Shahrad 3 55 33 8 6 2 2
1143 Jin-Sung Kim 6 55 11 9 9 8 8
1146 David Pappano 3 54 25 14 10 3 1
1148 Dmitry Borisov 4 54 20 12 6 6 3
1154 Aric C Rousso 2 52 28 21 2 1 0
1156 Andrew Hazelton 4 51 22 18 6 4 1
1157 Arunesh Mathur 3 51 26 13 6 3 2
1163 Sina Tafazoli 3 50 39 7 4 0 0
1168 Anne Langley 3 49 22 11 9 3 2
1170 Matthew Fu 3 49 34 5 5 1 1
1171 Nikola Reljin 3 48 27 9 7 3 2
1172 Yibin Zhang 4 48 22 8 6 4 4
1175 Enhui Liao 3 47 25 10 8 2 1
1176 Paul Stevenson 5 47 13 11 8 6 6
1178 Karoline Stolze 3 47 24 8 5 3 3
1180 Anders Damsgaard 4 46 22 10 9 4 1
1181 Brian Eugenio Herrera 4 46 12 10 8 4 3
1182 Alexandra L. Jones 3 46 18 18 7 2 1
1183 Yajun Peng 4 46 20 10 8 7 1
1184 Wouter Mostert 5 46 12 10 8 5 5
1187 James Spurlin 5 45 12 9 9 8 5
1189 Donggyu Kim 4 45 11 10 5 5 4
1191 Dane Christie 3 44 22 12 6 3 1
1192 Andrew C Ross 4 44 18 8 6 5 2
1194 Meir Meshulam 3 44 21 9 8 2 2
1195 Yujin Zeng 4 44 13 10 9 8 2
1196 Huy Quang Nguyen 4 44 8 8 7 5 4
1204 Karen E. H. Skinazi 4 42 18 9 5 4 3
1205 Wei Hu 4 42 14 10 8 6 2
1206 Melanie Weber 4 42 14 10 7 6 4
1211 Andreas Kourouklis, Postdoctoral Fellow 2 42 21 20 1 0 0
1215 Alberto Bruzos Moro 3 40 16 13 3 3 2
1219 Jingjun Han 3 41 18 10 8 4 2
1220 Zhichao Jiang 4 40 19 6 4 4 2
1223 Katharine Goodwin 3 40 17 11 3 2 2
1226 Daniel Kriz 4 39 10 6 5 5 5
1228 Adrian Bondy 4 38 20 5 5 4 4
1229 Sébastien Philippe 3 38 8 8 7 3 3
1230 Francesco Randi 4 37 11 9 6 5 3
1232 Kisei R. Tanaka 4 37 14 10 5 4 2
1233 Xiongzhi Chen 3 36 12 8 4 2 2
1235 Daniel Bennett 4 36 10 7 6 4 4
1236 Sophie Spirkl 3 36 6 3 3 3 3
1239 Marcus I Gibson 3 34 11 6 5 3 3
1243 Jon Schneider 3 33 12 9 3 3 2
1246 Jean-Marie Madiot 4 32 10 8 6 5 2
1248 Cynthia Barmore 4 32 9 8 8 4 1
1252 Salvatore Calabrese 2 32 17 11 2 2 0
1257 Emre Turkoz 3 31 10 5 3 3 2
1264 Y. Elia Altabet 3 30 14 11 3 1 1
1265 Beth Lew-Williams 2 30 16 14 0 0 0
1276 Ching-Yao Lai 4 28 10 7 6 4 1
1289 Akanksha Thawani 2 26 14 10 2 0 0
1290 C. D. Kreisch 3 26 8 6 5 3 2
1291 Xiaohang Sun 3 26 11 9 3 2 1
1297 Matteo Ippoliti 3 25 12 3 3 2 2
1298 Brendon Charles Rose 3 25 10 6 4 3 2
1299 Joel Mittleman 2 25 13 9 2 1 0
1304 Melanie McReynolds 3 24 8 7 6 3 0
1305 Talia Young 3 24 15 4 3 2 0
1307 Alfredo Garcia 3 24 9 6 4 3 1
1309 Bruce A. Perry 4 24 7 6 4 4 1
1311 Danielle P. Santiago Ramos 2 24 9 9 2 2 1
1314 Michael Hay 4 23 7 6 4 4 2
1319 Thee Chanyaswad 3 23 9 6 4 2 1
1327 Tim Michiels 3 22 4 4 3 3 3
1333 Steven Strauss 3 21 8 6 3 2 1
1337 L. Jason Anastasopoulos 2 20 10 9 1 0 0
1338 Victor Charpentier 3 20 10 6 4 0 0
1349 Shengzhe Wang 3 19 6 5 5 2 1
1353 Anne-Sofie C. Ahm 2 18 9 9 0 0 0
1358 Jonathan F. MacArt 2 17 11 5 1 0 0
1359 Mostafa Momen 3 17 7 5 3 2 0
1380 Maider Llaguno-Munitxa 2 15 10 5 0 0 0
1395 Scott Angus MacLennan 2 15 11 3 1 0 0
1406 Qi She 2 12 5 3 2 1 1
1412 Rebecca Napolitano 2 12 4 4 1 1 1
1418 Kellen Funk 2 11 6 2 1 1 1
1428 Ariel Schvartzman 2 10 3 3 2 1 1
1432 Goni Halevi 2 10 5 3 1 1 0
1434 Abraham Asfaw 1 9 9 0 0 0 0
1458 David Logan 2 7 4 2 1 0 0
1459 Ting-Hsuan Chen 2 7 5 2 0 0 0
1494 Ying-kit Chan 1 3 2 1 0 0 0
1498 Brian F. Kraus 1 3 1 1 1 0 0
1512 Camden MacDowell 1 2 2 0 0 0 0
