1 s. b. kim 210 228660 6449 5192 4222 3390 3365
2 U.K. Yang 187 183011 16570 4308 4028 3874 3389
3 Taeghwan Hyeon 127 59177 3226 2111 1687 1570 1483
4 Sun Kee Kim 109 49488 3922 1868 1744 1132 817
5 Youjae Yi 55 43760 20703 5073 2944 1285 832
6 Jin Young Park 78 42254 824 559 398 397 356
7 Sang-Uk Lee 84 37943 1679 1532 708 670 645
8 Yoon Young Kim 71 37757 1179 355 341 309 280
9 Sejoong Kim 62 33355 4189 1107 485 385 384
10 Jeong-Yeon Lee 9 32068 31128 369 243 96 78
11 Byung Hee Hong 63 31844 8660 6313 1215 962 917
12 Hyo-Soo Kim 82 28748 1897 1357 1238 955 770
13 Hyung-Mok Lee 63 27426 4222 4161 1441 1094 772
14 Sunghoon Kim 68 26483 1153 450 329 244 242
15 Cheol Seong Hwang 70 21705 1390 1111 607 530 481
16 Seungki Sul 79 21567 592 550 512 472 461
17 Kyong Soo Park 71 20951 950 692 470 469 466
18 TAI YOUNG KIM 65 20743 1722 1456 877 804 657
19 Jongsik Chun 61 19720 4189 2040 806 743 611
20 Daehee Kang 69 19604 2264 936 728 599 577
21 Byung-Soo Kim 71 19009 1212 871 704 482 364
22 Kisuk Kang 71 18870 1817 1703 626 432 377
23 Jang Wook Choi 61 17811 1430 1150 1053 1046 961
24 Young-yun Kong 44 17711 3347 1978 1525 1329 1200
25 Shin-Jae Lee 42 17657 3762 2201 1790 1235 1209
26 Kyuseok Shim 50 17531 3278 2173 1804 977 660
27 Yung Woo Park 50 16846 4142 2374 910 446 355
28 Woo Kyung MOON 68 16588 1044 555 483 452 271
29 Byoungho Lee 64 16227 1408 383 297 296 283
30 Gyu-Chul Yi 61 16080 1418 810 804 652 627
31 Dong Soo Lee 68 15997 1238 391 321 241 226
32 Seunghun Hong 52 15455 3541 910 744 712 545
33 kwanho kim 54 15109 1429 546 463 408 328
34 Seon-Hee Seo 63 14890 843 590 540 418 403
35 Noo Li Jeon 60 14755 968 934 846 760 753
36 Dae-Hyeong Kim 49 14664 2071 1137 919 602 550
37 Sunghyun Choi 61 14476 834 722 552 540 534
38 June-Key Chung 59 14265 393 391 336 287 269
39 Soo Young Park 57 13558 1475 511 485 451 418
40 Hyeong Joon Kim 53 13414 1329 1116 879 448 382
41 Jeong Min Lee 70 13277 833 381 350 287 207
42 Murim Choi 42 13186 1403 1360 1126 950 736
43 Jang-Joo Kim 65 13095 533 295 253 246 229
44 Gyeong Hoon Kang 56 12971 1562 389 367 337 322
45 Wook Hyun Kwon 50 12893 1599 534 487 479 465
46 Youngjo Lee 37 12702 1007 600 335 210 184
47 Je-Geun Park 42 12646 3226 834 707 535 452
48 Sung Hee Baek 41 12421 4185 2197 660 544 298
49 TAKHEE LEE 56 11789 729 618 448 367 290
50 Jeyong Yoon 58 11552 712 495 466 425 406
51 Haecheon Choi 49 11488 1097 726 612 530 520
52 Zepa Yang 39 11484 2478 1203 1040 663 343
53 Zang-Hee Cho, Z.H.Cho 54 11391 692 543 527 203 193
54 Marc Diederich 54 11183 1574 788 304 297 258
55 Keon Wook Kang 47 11063 411 383 331 255 166
56 YANGHEE CHOI 55 10936 571 298 290 276 270
57 Taewhan Kim 38 10856 1456 877 804 286 268
58 Hyun-Jae Kang 46 10475 1357 1238 648 594 472
59 Byung-Gon Chun 31 10504 2898 1761 1576 618 515
60 Jwa-Min Nam 39 10416 2548 830 820 797 647
61 Kyung-Sun Kang 58 10327 302 246 189 173 159
62 Kookrin Char 55 10103 645 469 384 302 263
63 Jin Mo Goo 50 9920 665 507 393 300 269
64 Won Ho Jo 53 9915 470 293 255 227 178
65 Yeonseok Chung 36 9874 1502 1000 989 971 899
66 Young Min Cho 47 9824 950 692 470 466 415
67 Doil Choi 42 9657 1599 1415 341 290 286
68 Yong-Kweon Kim 43 9555 3301 272 261 173 151
69 Jeong-sun Seo 47 9538 525 515 417 388 382
70 Byungwoo Park 51 9425 528 509 493 445 366
71 Ju-Hong Jeon 28 9107 6532 113 102 87 76
72 Seungwu Han 46 9106 1390 921 498 452 371
73 Soo-Jong Rey 48 9060 1323 456 390 335 322
74 Jaejun Yu 45 9032 950 645 556 452 431
75 Byoung-Tak Zhang 43 8966 1561 295 263 242 238
76 Sung-Hoon Ahn (안성훈 교수) 43 8904 885 864 708 279 194
77 Woong-Tae Kim 46 8781 160 139 126 122 118
78 Jae-Weon Kim 55 8666 262 253 134 131 125
79 B Kahng 47 8595 1063 431 327 293 255
80 Seung Hwan Ko 46 8564 828 606 555 420 288
81 Seung Joon Baek 49 8553 634 456 334 218 203
82 Jee Hyun Kim 49 8450 870 702 337 289 201
83 Kyoung Mu Lee 44 8379 1163 596 346 305 261
84 Wonshik Han 49 8374 245 238 230 223 214
85 In-Sik Kang 46 8251 486 417 382 345 310
86 Chung-Mo Park 49 8194 378 335 316 315 306
87 Changhee Lee 43 7991 495 338 274 197 197
88 JUNHO LEE 29 7944 5161 324 209 170 132
89 Kyoung-Min Lee 39 7940 1371 534 444 260 250
90 Changyoung Kim 41 7911 950 445 422 402 328
91 Dae Hong Jeong 36 7805 3310 357 312 272 231
92 Sung-il Cho 49 7652 469 340 222 180 148
93 Hee Chan Kim 40 7594 1897 555 261 229 197
94 Deog-Kyoon Jeong 48 7538 546 275 272 230 172
95 Namkyoo Park 47 7538 405 373 328 230 199
96 Seog Bae Oh 53 7499 617 540 261 186 161
97 Young Kuk 45 7487 578 488 365 359 278
98 Joonmyung Choi 19 7438 6446 88 70 58 53
99 Dae-Duk Kim 46 7265 299 231 229 222 217
100 Taekyoung (Ted) Kwon 47 7268 328 276 270 252 240
101 Rokjin Park 39 7195 616 496 397 335 301
102 Tai Hyun Park 47 7076 559 470 189 180 152
103 Ho Won Jang 45 7065 349 288 261 259 210
104 Byung Gook Park 35 7039 990 133 121 117 109
105 Yun Daniel Park 36 6981 1024 930 601 472 412
106 Chang-Hoi Ho 42 6952 398 397 337 307 261
107 Jung Ho Ahn 30 6907 1892 728 702 411 395
108 Suk Won Cha 32 6826 2488 492 297 293 139
109 m kim 33 6815 1390 608 460 404 239
110 JONG-IL KIM 38 6808 525 388 382 365 360
111 Kee Hoon Kim 45 6795 338 297 198 198 198
112 Sang Lyul Min 39 6713 1089 500 489 333 258
113 Seonho Choi 44 6546 405 375 338 323 256
114 Nam-Chul Ha 39 6524 1537 374 272 225 183
115 Dong Gyu Kim 44 6504 185 176 164 154 154
116 Cheol-Hwan Park 33 6479 1016 866 543 454 336
117 Jong-Hak Woo 41 6304 805 676 300 262 208
118 Bongwon Suh 23 6242 1623 997 611 484 450
119 Keun Lee 36 6206 1071 312 287 256 253
120 Chang-Gun Lee 27 6146 1154 950 598 333 333
121 Dal-Hee Min 39 6068 700 407 370 308 300
122 Choi, MooYoung 38 6040 444 269 229 207 162
123 Yong-il Shin 33 6009 555 447 377 359 355
124 Sae-Won Han 40 5991 870 289 196 184 173
125 Kyungmook Lee 12 5979 2214 1258 1135 580 256
126 Kye Joon Lee 34 5941 1729 456 306 294 261
127 doochul kim 35 5873 1063 431 293 255 240
128 Kyungho Choi 40 5843 562 455 279 244 185
129 Dong-Hyun Kang 41 5823 220 185 147 129 121
130 Kunsoo Park 33 5803 510 489 431 402 281
131 Jae Young Lee 45 5788 287 186 170 153 147
132 Sungho Won 20 5686 4189 310 107 94 92
133 Kyung Hyun Ahn 37 5659 532 394 278 267 151
134 Wonho Jhe 37 5585 510 383 321 177 166
135 Ki Tae Nam 33 5539 1741 341 266 143 142
136 Ho Kim 42 5483 407 274 266 198 172
137 Heonsu Jeon 34 5481 706 424 289 288 222
138 H. Jin Kim 32 5475 657 494 414 292 247
139 Jung Weon Lee 43 5462 362 232 181 178 168
140 Seung Bum Park 38 5446 525 306 294 284 189
141 Frank Chongwoo Park 37 5442 308 306 262 253 209
142 Kwang Suk Park 39 5416 199 192 171 170 162
143 Jae hong Seol 31 5408 1342 708 418 259 250
144 Woo Il Lee 38 5321 389 238 212 169 149
145 Jeong Jae Min 40 5291 195 157 154 119 107
146 Sung Sup Park 35 5256 318 183 180 179 164
147 Kwang Bok LEE 32 5235 1667 177 162 162 123
148 Hae Jin Jeong 43 5231 301 197 160 153 152
149 Byeng Dong Youn 31 5227 575 337 279 269 254
150 Soonhoi Ha 36 5204 1242 164 145 140 128
151 Changsoo Shin 29 5175 1157 361 346 289 284
152 Youdan Kim 30 5140 852 631 276 201 179
153 Sang Hyun Sung 38 5125 323 206 123 112 109
154 Sangwook Nam 37 5096 289 283 194 166 157
155 Jung Hee Cheon 30 5082 1196 514 261 240 192
156 Wonyong Sung 32 5074 1256 248 246 223 190
157 Je-Yoel Cho 37 5052 323 223 205 196 192
158 Seung-Hoon Lee 39 5016 1154 260 214 200 198
159 Yoonchan Jeong 34 5050 1122 274 248 172 147
160 Sunghoon Kwon 37 5015 647 373 265 264 217
161 Bum-Joon Kim 36 4971 495 307 307 221 146
162 Jae Yong Han 38 4956 194 182 170 163 128
163 Jong-Ho Lee 31 4938 425 218 199 158 121
164 Seo, Jeong Wook 37 4924 304 162 132 123 112
165 Chong Nam Chu 37 4909 837 261 195 179 157
166 Sung-Chul Yoon 35 4821 476 379 237 237 220
167 Byeong U. Park 32 4796 547 398 271 242 215
168 Sang-Koog Kim 39 4791 216 209 208 181 181
169 Bohyung Han 30 4773 1007 604 439 225 200
170 A Shin 41 4761 148 137 132 113 111
171 Byoung-Cheorl Kang 27 4735 1599 428 341 231 203
172 Jong Seong Khim 34 4706 285 217 200 195 189
173 Wonjong Rhee 24 4693 1458 1123 632 132 96
174 Min-Hyun Lee 29 4670 386 328 148 129 124
175 Kyu Hyung Park 34 4637 502 264 219 179 161
176 Youn Sang Kim 37 4611 503 216 185 167 125
177 Kiyoung Choi 32 4603 450 326 228 144 128
178 Jehee Lee 28 4601 1038 630 317 276 233
179 Dong-il "Dan" Cho 33 4558 438 274 143 134 131
180 Sungchul Hohng 28 4484 1359 550 285 244 202
181 Hyunseok Jeong 31 4170 513 329 310 153 140
182 Sin-Doo Lee 34 4472 375 159 158 147 127
183 Inah Lee 22 4469 595 532 396 360 269
184 Hyungcheol Shin 34 4452 137 130 128 121 107
185 Yoon-Seok Chang 35 4427 216 166 158 134 118
186 Jin-Soo Kim 29 4400 430 398 306 252 246
187 Chul-Kee Park 37 4347 185 148 130 116 114
188 Chang Min Park 36 4303 267 263 185 143 132
189 Nguyen Hoa Hong 30 4286 776 361 344 218 209
190 Soon-chang Yoon 33 4272 351 322 312 234 220
191 Hwang Seung-sik 34 4259 366 249 215 182 142
192 Ilkyeong Moon 34 4263 763 232 221 148 138
193 Gi Jeong Cheon 33 4241 214 195 153 130 117
194 Euijoon Yoon 34 4222 349 144 132 84 80
195 Soyoung Kim 27 4207 968 527 484 303 178
196 Soo-Heon Kwak 25 4169 470 469 463 415 353
197 Myung-Soo Kim 34 4168 511 223 195 173 160
198 T.K. Ahn 23 4164 1028 707 422 337 194
199 David Chen 38 4086 349 226 176 174 157
200 Bhumsuk Keam 34 4077 474 190 175 173 116
201 Y. Eugene Pak 24 4064 949 553 308 283 202
202 Hee-Jong Koh 35 4065 364 249 204 159 139
203 Nathaniel Hwang 32 4056 282 280 270 264 263
204 Jong-Seon No 33 4048 250 232 228 200 153
205 Guebuem Kim 35 4037 236 180 167 144 128
206 Heung Nam Han 35 4009 161 104 100 96 90
207 Ji Won Park 32 4008 702 337 137 132 95
208 Se Joon Woo 33 4010 179 161 133 104 102
209 Sunghwa Choe 27 3999 427 359 273 256 239
210 Jae W. Lee 16 3995 1114 880 682 513 159
211 Nam-Jong Paik 32 3969 418 191 162 161 136
212 Ji-hoon Kim 34 3945 227 210 195 185 172
213 Youngwoo Kwon 33 3901 118 86 81 71 67
214 Doo Soo Chung 33 3901 839 187 164 156 137
215 jin young choi 30 3836 604 185 157 152 144
216 Hwi Jin Ko 28 3781 704 478 251 194 149
217 Nam Soo Kim 27 3771 1256 231 203 139 106
218 Soon Hyeok Hong 27 3759 570 420 342 328 173
219 Kyung Mi Woo 29 3736 654 336 261 188 163
220 Kang-Kun Lee 32 3730 242 213 193 139 129
221 Hyung-Kwan Kim 27 3691 521 321 292 263 128
222 Jihong Kim 30 3698 340 318 235 201 155
223 byung cheol cho 30 3691 804 475 197 189 94
224 Tae-Jin Yang, 32 3686 392 214 162 154 100
225 Hongki Min 19 3678 828 517 314 266 222
226 Sungjoo Yoo 30 3626 228 219 193 178 165
227 Joo Youn Oh 28 3593 494 381 296 205 169
228 sungzoon cho 34 3580 242 173 151 114 110
229 Nam-Chon Paek 29 3573 461 364 251 204 155
230 Yutaek Seo 30 3565 685 330 222 212 199
231 Jaejin Lee 30 3531 460 274 161 157 135
232 Jaeyong Song 17 3492 1033 556 383 252 166
233 Sung Keun Lee 35 3493 208 195 156 151 149
234 Hyungbo Shim 26 3488 475 444 180 175 161
235 Il-Soo Ha 33 3462 145 109 88 77 77
236 Haemyeong Jung 21 3460 731 471 417 316 258
237 SY Seong 29 3441 969 290 225 131 110
238 Ho-Young Kim 32 3433 282 220 186 158 139
239 Jin Young Kim 36 3423 226 194 169 158 114
240 jong hag choi 21 3413 475 468 409 405 280
241 Byung-Ro Moon 27 3413 686 434 153 91 86
242 Nojun Kwak 24 3411 834 573 441 144 120
243 Suk-Ha Lee 31 3406 226 224 153 148 147
244 Kook-Hyung Kim 31 3391 293 226 146 109 89
245 U Kang 30 3376 712 243 176 162 137
246 Wooin Lee 25 3366 479 433 380 299 226
247 Joo-Youn Cho 32 3366 262 174 133 128 115
248 Kyoung-Min Lee 25 3341 1371 250 227 206 100
249 Kum, Kee-Yeon., DDS, PhD 35 3328 199 195 146 145 125
250 Seok-Woo Son 30 3325 334 283 202 197 155
251 Nam Ik Cho 32 3293 310 153 130 119 105
252 Srinivasa Rao Satti 28 3279 429 270 270 240 193
253 Ja-Lok Ku 35 3220 203 140 131 126 114
254 Lee Chulhee 26 3218 434 328 159 148 144
255 Chang Hyun Kang 33 3218 365 198 143 108 103
256 Dongjun Lee 26 3199 460 293 278 183 180
257 Jung Eun Lee, Sc.D. 30 3169 647 177 145 129 104
258 Eue-Keun Choi 29 3127 292 156 152 143 112
259 Kyungwon An 29 3149 332 313 278 186 144
260 Saewoong Bahk (박세웅) 26 3139 231 153 134 114 103
261 Jeong-Yun Sun 16 3117 1383 477 201 184 166
262 Kyujin Cho 29 3115 233 188 154 127 116
263 Sung-Yon Kim 12 3108 944 690 463 293 280
264 Kyu Young Park 25 3075 347 325 303 230 215
265 Jong-Keun Park 27 3076 259 157 149 144 123
266 Yoon-Kyu Song 28 3057 281 147 137 135 134
267 Theresa S. Cho 7 3033 2125 589 110 101 39
268 Myungjin Kim 13 3009 1562 617 259 123 99
269 Bruce Waldman 30 2972 245 182 166 141 134
270 Kyung-Duk Zoh 31 2972 202 160 141 127 120
271 Jung-Ik Ha 22 2957 461 414 329 236 107
272 Chung-Hyun Cho 27 2945 233 205 174 155 151
273 Yunhee Lee 26 2929 598 325 93 82 81
274 Jae-Hyon Bahk 30 2915 167 141 105 87 86
275 Goo Jang 29 2917 484 156 146 94 89
276 Jae-Young Lim 26 2902 300 136 120 118 117
277 Kyoung Un Park 28 2887 162 142 97 90 83
278 In Chung 21 2891 1128 290 199 177 95
279 Sun Kim 24 2877 809 165 148 131 106
280 Kangwon Lee, Ph. D 22 2853 766 367 319 169 124
281 Sug-Bong CHOE 25 2834 613 176 137 133 133
282 Ji-Young Lee 16 2824 783 532 286 229 126
283 Jinho Hyun 26 2814 619 252 195 170 130
284 Buhm Han 27 2784 322 272 221 148 144
285 Chaok Seok 27 2766 362 257 202 164 114
286 Jaeha Kim 24 2755 217 178 161 155 144
287 Kim, Dong Ki 28 2719 214 172 143 108 94
288 Chongam Kim 23 2694 417 305 186 129 103
289 Seungyong Hahn 30 2682 210 119 82 82 80
290 Zee Hwan Kim 32 2668 272 208 178 151 144
291 MinHyeok Kim 19 2667 1153 231 50 48 46
292 Beom Hee Lee 26 2645 248 106 103 85 79
293 Dong Wook Shin 27 2600 232 232 118 74 64
294 Heonyoung Yeom 28 2601 145 88 80 61 59
295 Songhwai Oh 23 2602 300 284 214 170 169
296 Kukjin Chun 28 2579 145 120 110 104 82
297 Kyoungdoug Min 25 2574 307 194 155 78 66
298 Dong Hoon Shin 30 2563 83 77 71 68 61
299 Youngryel Ryu (류영렬) 24 2536 598 177 154 148 144
300 Sangmin Lee 25 2526 517 316 235 134 94
301 Sung Jae Kim 21 2514 442 440 226 132 127
302 Byung-Do Kim 14 2492 641 382 373 216 158
303 CHAE-YONG KIM 26 2493 384 148 103 99 87
304 Eun-Ju Lee 29 2484 254 137 136 134 133
305 Seokhwa Yun 17 2459 427 406 222 202 190
306 Kwang Pum Lee 20 2418 537 358 275 168 157
307 Junhua Yu 18 2411 402 306 262 249 219
308 Dongwoo Sheen 24 2384 343 217 152 114 109
309 Hyung Do Kim 23 2368 675 263 107 102 86
310 Beom Joon Kim 30 2329 174 93 88 86 75
311 Eun Soo Park 25 2350 218 116 114 112 111
312 Youngnim Choi 25 2311 378 207 196 163 116
313 Hak Jong Lee 28 2297 216 130 127 108 103
314 Suhwan Kim 28 2295 221 99 93 76 69
315 Jae Jeong Kim 30 2283 118 99 81 67 64
316 Seungill Kim 13 2282 1599 341 73 34 29
317 Kwang-il Kim 25 2440 177 162 160 118 111
318 Byonghyo Shim 24 2246 289 184 151 137 129
319 Nam Ki Lee 17 2242 487 351 308 277 176
320 Ik-Su Byun 16 2222 995 232 216 166 124
321 Young-Hoon Kim 16 2184 659 494 127 118 113
322 Junho Song (송준호) 24 2172 180 170 142 134 81
323 Yunheung Paek 22 2172 460 122 88 84 72
324 Rohidas Arote 25 2164 401 171 149 111 98
325 Seongsoo Hong 21 2156 333 211 132 117 101
326 Jungwoo Lee 23 2132 178 133 111 105 105
327 Yun-Sang Lee 26 2117 195 157 141 82 81
328 Won Kyong Cho 20 2107 1002 97 70 62 57
329 Kyu S. Hahn 13 2103 1088 270 246 131 105
330 Jeong-Wook Seo 24 2097 162 123 96 83 71
331 Kwang Woo Kim 24 2097 158 127 90 90 89
332 Hyeong-Gon Moon 27 2081 250 151 132 86 73
333 Kyu Eun Lee 23 2069 169 162 101 95 89
334 ka leung moon 17 2062 705 281 156 130 107
335 Y. S. Hwang 19 2024 202 163 122 106 101
336 Myung Hwan Yun 17 1973 252 233 179 165 145
337 Weonjong Lee 23 1962 297 279 99 88 70
338 Yong-Hwan Lee 20 1962 177 162 110 82 64
339 Gun-Do Lee 23 1954 349 267 95 88 80
340 Hee Seung Kim 25 1946 105 94 85 85 64
341 Kyoung Taek Kim 21 1942 232 167 152 132 126
342 Jeong-Dong Lee 23 1927 216 154 116 112 108
343 Jaewook Lee 24 1918 293 135 103 96 85
344 Ho-Kyung Kim 11 1897 1011 382 165 57 31
345 Wha Sook Jeon 24 1883 165 165 160 151 143
346 Cecile  Segonzac 18 1882 236 227 180 171 164
347 Sangyeol Lee 21 1857 138 116 81 71 62
348 Seung Hyeok Seok 21 1855 313 198 85 59 49
349 Seil Oh 23 1818 207 179 120 63 60
350 Kwangkeun Yi 24 1828 168 132 99 97 89
351 Sungroh Yoon 18 1815 167 156 148 134 81
352 Hyung Jin Choi 23 1791 349 129 84 73 65
353 Han Gyu Joo 22 1791 145 143 102 81 78
354 Yun Seog Lee 19 1781 271 266 144 133 119
355 Yoon-Jae Whang 20 1776 446 110 104 85 82
356 Panki Kim 25 1747 152 87 68 61 61
357 Sang-Hun Lee 16 1744 274 257 194 173 150
358 Woo-Jung Song 23 1730 166 118 66 63 54
359 Sang-Seung Yi 15 1730 473 305 154 141 97
360 Yuwon Park 14 1726 477 451 283 94 85
361 Minzae Lee 17 1721 309 280 209 160 154
362 Jin-Hong Park 9 1713 1388 127 49 33 33
363 Ki-Young Jung 23 1710 87 68 64 54 44
364 Dong Wook Jeong 8 1685 1109 300 81 55 42
365 Changdon Kee 19 1679 211 130 115 71 63
366 Uwe R. Fischer 23 1677 191 127 117 85 80
367 Sunmi Kim 23 1657 185 128 126 111 95
368 Chang-Ki Moon 17 1648 295 208 172 155 139
369 Jung-Joon Sung 23 1644 94 72 71 70 69
370 Jaeheung Park 20 1629 297 251 121 93 88
371 Sang-goo Lee 24 1623 154 112 108 102 98
372 Ki-Bok Min 16 1611 331 229 177 156 124
373 Seungbok Lee 15 1611 388 338 210 126 65
374 Seok Woon(Stephen) Lee 15 1607 635 341 97 73 46
375 Jae Seung Kang 25 1592 71 64 63 61 59
376 Yeong-Gil Shin 21 1582 112 99 99 95 55
377 Seonho Cho 21 1568 160 123 85 62 61
378 Hee Jae Lee 23 1568 144 100 83 80 71
379 YounJoon Jung 19 1559 286 223 138 92 88
380 Won Gyu Bae 18 1548 238 194 166 110 106
381 Hyun-Mi Kim 22 1534 182 132 117 91 64
382 Ki Hoon Lee 20 1526 442 88 67 64 59
383 Samuel Woojoo Jun 14 1522 530 214 152 133 112
384 Ji Eon Kwon 16 1515 451 345 94 84 81
385 Seunghoon Nam 20 1513 296 131 110 95 83
386 Dohun Kim 13 1499 436 304 164 87 85
387 Jin Soo Moon 16 1499 366 232 206 73 49
388 Jin Hong 17 1490 427 207 154 61 59
389 In-Sung Yeo 19 1484 293 145 76 65 58
390 Junpei Kimura 18 1478 160 115 61 55 44
391 Gunhee Kim 21 1475 245 130 120 101 93
392 Jong Min Lee 18 1475 289 213 97 74 69
393 Chul-joo "CJ" Lee 19 1473 316 226 111 105 88
394 Sang-Bae Ko 22 1459 131 115 114 102 96
395 OHSANG KWON 21 1470 148 126 113 90 88
396 Yukyoum Kim; 김유겸 23 1462 169 112 93 79 67
397 Jongho Lee, Ph.D 19 1453 261 187 121 115 83
398 Naomichi Yamamoto 18 1446 231 184 121 115 101
399 In-Seuck Jeung  20 1433 124 67 58 58 55
400 Jun-Kyul Song 12 1426 512 150 132 116 110
401 Myung Soo Park 24 1425 86 84 69 64 48
402 Seokhee Kim 8 1424 555 334 226 195 50
403 Daesu Lee 19 1423 216 193 92 85 82
404 Hyukjin Cha 21 1420 123 106 94 82 77
405 Hye Yoon Park 20 1414 195 134 131 95 94
406 Yern Seung Kim 15 1398 460 404 98 59 57
407 Dongil Kim 7 1394 972 167 101 95 30
408 임도빈 20 1393 204 141 69 37 36
409 Byung-Yeon Kim 22 1363 203 94 69 68 67
410 Bong Joo Lee 17 1356 207 192 166 83 79
411 Dharmesh Singh 17 1348 173 115 114 95 89
412 Joongho Ahn 12 1349 269 220 218 207 51
413 Chi Heon Kim 24 1336 79 67 52 46 42
414 Wei Peng 14 1341 461 197 151 126 92
415 Cheol Soo Park 19 1335 107 78 63 63 58
416 Woojin Lee 18 1325 212 194 153 131 65
417 YOUN Yeo-Chang 13 1312 534 198 121 43 34
418 Jin-Yong Choi 21 1308 81 76 73 69 60
419 Myung-Il Roh 17 1300 146 88 78 73 42
420 Su-Jong Jeong 18 1294 397 89 80 61 59
421 Bohm Jung Yang 14 1286 302 241 221 162 51
422 Habeom LEE 17 1277 258 189 185 87 59
423 Yuhwan Ro (노유환) 12 1250 302 302 295 193 89
424 Sunghoon Jung 20 1250 261 123 108 73 60
426 Seung-Pyo Lee 18 1228 187 112 93 81 56
427 Inchul Park 17 1236 225 136 94 86 86
428 Yeonbae Kim 15 1238 214 156 154 129 108
429 Youn-Hee Lim 20 1232 135 87 79 71 60
430 Pyo JO 12 1218 500 253 143 67 61
431 Soo-Mook Moon 17 1206 197 154 82 66 56
432 Junhoi Kim 10 1200 373 217 181 150 84
433 Jung Ryeol Lee 18 1198 232 128 89 68 49
434 Won-Shik Chu 18 1187 188 154 108 84 71
435 Jeong Hun Hah 16 1180 199 54 53 53 45
436 Jongwoo Lim 13 1177 441 200 138 90 72
437 Jangwoo Kim 13 1173 270 199 159 133 93
438 Myung Jae Jeon 20 1173 165 130 98 97 46
439 Hyun-Woo Rhee 14 1155 330 136 132 74 61
440 Min Hee Park 18 1148 232 161 117 76 72
441 Kyungsik Choi 15 1136 488 106 97 50 35
442 Kyogu Lee 16 1134 150 115 65 61 52
443 Byung Woo Han 15 1133 232 131 123 75 40
444 Yuri Lee 17 1125 78 68 67 56 54
445 Jinhyeong Kwon 16 1115 197 189 185 87 54
446 Jongho Jun 12 1109 345 199 130 93 61
447 GunJin Yun 19 1105 239 56 53 47 47
448 Sung Bo Lee 19 1106 126 95 94 59 55
449 Syngjoo Choi 14 1105 269 212 166 66 60
450 Hyeshik Chang 11 1101 326 176 135 132 85
451 Eun Ju Lee 18 1103 244 72 62 61 58
452 Wontae Hwang 12 1096 193 129 123 123 115
453 Hyungrok Do 19 1096 100 93 85 74 72
454 Kyomin Jung 16 1089 203 149 89 79 51
455 Ja Hoon Koo 14 1079 243 171 153 98 59
456 Lee Ji-Hye 19 1076 133 76 61 60 48
457 Howard Lee 18 1070 125 109 102 82 74
458 Myeongjin Park 10 1058 495 133 98 79 54
459 Jung Min Ryu 20 1050 67 59 58 57 45
460 Sungmin Woo 19 1037 166 114 60 52 50
461 Byung-Mo Oh 15 1035 141 134 97 44 39
462 Seong-Cheol kim 16 1030 151 127 70 36 36
463 YONG TAE YOON 16 1027 63 63 56 40 32
464 Gabin Yoon 15 1015 260 133 116 77 45
465 Won-Sik Kim 19 1001 108 90 83 81 77
466 Min-Ho Park 10 999 659 85 51 46 40
467 Jinho Ahn 15 994 231 153 103 87 60
468 Tae-wan Kim 18 990 66 54 45 35 32
469 Do-Nyun Kim 11 980 459 176 68 58 42
470 Ilkyu Han 18 978 72 60 58 50 47
471 Han Joon Kim 16 967 150 134 85 74 69
472 Joon Yoon 7 948 353 263 218 75 12
473 Nakwan Kim 13 943 334 101 67 61 47
474 Suk I. Yoo 17 928 272 138 38 33 33
475 Sang Jin Kim 16 929 127 120 96 94 78
476 Woo-Young Ahn 13 930 151 139 131 91 72
477 Jin-Ho Kang 13 922 218 124 105 82 81
478 Anthony Woodiwiss 15 921 154 122 57 57 56
479 Deok Ho Kwon 17 915 130 99 42 42 41
480 Seung-Won Oh 14 905 279 85 78 40 30
481 Lee Sael 18 892 98 92 70 66 56
482 Hongsik Choi 16 880 110 95 74 62 58
483 Jaeyong Lee 15 878 191 165 64 58 45
484 Jongbae Heo 14 872 176 147 64 55 54
485 Byungju Lee 15 875 122 87 78 67 59
486 Justin S. Chang 14 863 140 102 81 69 67
487 Yoonjin Kwak 12 861 576 72 27 24 20
488 Sung Young Park 13 856 403 69 68 61 52
489 Eun Suk Suh 10 855 238 142 92 76 74
490 Jong-Seo Kim 14 849 151 149 91 72 51
491 Jae Geun Kim 14 828 41 33 26 26 25
492 Sang Woo Seo 17 844 123 92 71 51 46
493 Jung-sik Kim 16 828 132 80 60 52 52
494 Min Gyo Koo 14 822 108 95 92 86 51
495 Byung Se Choi 17 821 126 106 42 38 37
496 Jaewook Nam 15 818 120 119 79 38 29
497 Euijune Kim 13 816 72 64 58 54 48
498 Hong-Kyun Kim 16 816 99 69 43 38 38
499 Jisoon Lee 8 803 406 196 62 60 24
500 O B Korneta 13 804 127 97 94 71 66
501 Jung Min Park 13 799 153 109 106 65 55
502 YOUNG-SEOK PARK 16 794 99 69 43 38 38
503 Namgyoo Park 9 791 252 185 137 63 39
504 Young Kyung Do 15 792 92 86 63 47 39
505 Eung Soo Kim 15 780 87 67 42 39 37
506 Jelli Venkatesh 11 779 249 129 102 77 44
507 June Woong Rhee 10 775 381 106 67 46 40
508 Choelsoon PARK 6 771 477 121 91 45 9
509 Sung-Kyun Jung 7 770 325 136 102 75 54
510 Jongwon Choi 7 766 604 600 45 36 29
511 Gibum Yi 10 762 220 194 98 58 51
512 Sudong Kim 9 761 296 251 45 38 37
513 Hokyoung Son 15 758 167 70 40 40 37
514 Chung-Kil Hur 16 756 100 68 61 57 52
515 Min Sub Sim 11 749 243 104 101 67 64
516 Seung Hee Kim 4 750 720 6 6 5 4
517 Dong-Yeon Cho 15 744 140 107 61 51 39
518 Young Hun Choi 15 736 71 57 50 46 45
519 Jeanyung Chey 16 735 79 75 61 48 45
521 Hong Soo Choi 8 731 460 88 45 35 30
522 Hyung Jin Shim 15 730 129 52 40 38 35
523 Hyun Jik Kim 16 723 55 52 45 43 41
524 Sungmin Kim 13 718 108 96 81 73 73
525 Hyung-Jun Im 17 715 76 57 57 45 38
526 Seong Woojae 15 706 84 43 41 30 28
527 Hyun-Woo Shin 16 704 65 64 62 61 43
528 Chang-Hyun LEE 16 701 81 64 50 45 36
529 Bernhard Egger 12 700 86 77 76 57 54
530 Jonghanne Park 13 686 94 80 80 69 58
531 Jee Woo Park 7 693 232 203 86 84 35
532 Byoung Jae Kim 15 689 116 59 52 43 34
533 Su-Hyun Park 14 687 138 85 79 58 47
534 Jooyoun Kim 13 684 147 111 95 28 24
535 Tae Young Lee 15 683 123 87 68 59 43
536 Jae Yong Shin 11 674 176 111 95 50 46
537 Ki Young Son 16 673 61 49 48 48 42
538 Kyungsik Lee 14 668 115 85 63 51 50
539 Sojin Kim 12 667 187 84 78 56 53
540 Hyon Lim 12 665 233 103 54 50 38
541 ho jung choo 11 666 146 146 64 36 27
542 Jung-Ki Yoon 7 663 439 78 34 31 31
543 Jongil Park 13 663 91 91 84 60 47
544 Hyungmin Park 13 663 118 111 93 67 48
545 Sungyoung Lee 7 646 263 218 75 17 11
546 Chan-Young Ock 10 446 86 48 45 33 22
547 Sang Jun Park, MD, MSc 15 644 83 72 51 37 29
548 Choong H. Kim 13 644 90 84 82 73 49
549 Binayak Bhandari, Ph.D 10 642 112 100 95 82 46
550 Lynn Ilon 14 642 119 63 54 48 48
551 Yuri Cho 15 642 66 30 30 30 28
552 Kim Yoon Young 10 637 168 95 93 51 39
553 Ki Chang Kwon 14 626 140 57 54 40 39
554 SangJoon Shin 10 617 121 113 82 49 30
555 Junsu Park 13 613 93 68 68 42 41
556 Jina Kang 13 614 159 89 65 55 31
557 Juhwan Oh 15 611 76 41 41 36 34
559 David K. Wright 12 607 273 32 27 26 24
560 Min Sung Kim 9 603 231 94 83 77 15
561 Xianji Piao 11 601 148 106 94 55 37
562 Kyongjun Kim 12 598 167 86 53 43 43
563 Sangkyu Rho 9 594 198 141 41 38 30
564 Ik Jae Park 13 588 77 63 52 51 43
565 Sunkyu Yu 12 588 138 106 55 37 30
566 Sung Wook Park 12 586 179 79 54 32 31
567 Jae Ik Kim 14 584 95 74 62 58 47
568 Jeomshik Hwang 15 584 77 60 51 38 38
569 Vinayak S. Kale 8 579 313 84 54 44 28
570 Sang Jae Lee 13 578 90 77 46 35 31
571 Jang-Yeob Lee 10 577 188 108 60 53 52
572 Sung-Hyuk Song 10 577 188 103 99 60 20
573 Si Yun Park 12 572 167 53 53 43 43
575 cheol-hyun Cho 11 571 174 88 46 42 37
576 Won Mo Seong 9 567 202 68 63 59 40
577 Sungun Wi 10 565 296 56 54 34 21
578 Seung-Jun Yoo 11 559 139 114 61 55 28
579 Youngjoon Bae 8 558 303 102 59 34 18
580 Jung Choi 12 558 158 76 48 45 33
581 Kyungjune Cho 10 556 119 94 67 65 38
582 Dongha Tahk 10 556 151 83 72 66 63
583 Kyung Ha Lee 14 550 81 52 49 46 34
584 Marios Karouzos 13 547 108 45 40 34 30
585 Dohyun Han 15 542 74 55 41 36 31
586 Juhyuk Moon 15 541 57 54 38 37 37
587 Woohyung Cho 12 536 118 58 51 49 46
588 Chin Sung Chang 12 534 36 32 21 21 20
589 Wang Zhang 14 524 95 65 62 36 34
590 Ni Chen (陈妮) 9 512 283 42 34 23 23
591 Jaemann Park 8 504 233 67 67 49 49
592 Jeong-Wook Oh 12 504 97 64 59 58 52
593 Young Hoan Cho (조영환) 9 502 133 59 58 43 42
594 Soon Won Choi 11 495 96 74 63 52 32
595 Ki-Tae Kim 7 491 341 35 34 24 19
596 SungHyun Nam 13 491 127 53 35 27 26
598 Chong Jae Lee 11 490 101 70 56 53 52
599 Deivendran Rengaraj 14 488 63 46 28 27 27
600 Seokho Chi (지석호) 10 488 106 60 57 45 41
601 dongha shin 13 486 63 52 48 46 45
602 Gahgene Gweon 12 484 88 76 36 31 31
603 H. Y Song 14 478 52 40 36 29 26
604 Myung Hwan Seo 9 473 152 68 49 44 40
605 Jung Chan Lee 12 469 82 36 27 26 23
606 Munyoung Lee 6 461 276 65 55 27 23
607 Om Krishna Suwal 5 460 373 30 18 17 6
609 Ki Dong Yang 9 457 143 78 68 58 27
610 Phaniraj Madakashira 11 454 137 63 51 50 46
611 Ci Sathish 11 453 89 70 56 35 30
612 Michael K. Lim 9 453 137 86 63 44 19
614 Jaerim Lee 이재림 10 452 56 51 40 37 37
615 SuJin Song 11 442 63 59 57 41 32
616 Kyung Jae Lee 11 431 68 52 45 44 39
617 HYE-JUNG LEE 9 426 102 97 38 13 13
618 Eunhye Goo 12 425 66 64 45 41 38
619 Sonya N. Martin 11 425 59 59 35 34 32
620 Kyungmin Shin 10 424 86 64 58 46 36
621 Hongyoon Choi 13 422 39 38 38 38 34
622 Young June CHOE 12 422 46 36 35 30 29
623 Youngjin Cho 10 414 101 94 30 27 23
624 Seung-Yoon Lee 13 418 56 46 29 28 21
625 Yong-Oon Ahn 13 418 79 58 37 33 28
627 Jae-Hoon Kwon 11 411 51 46 22 21 20
628 Kibaek Lee 8 410 234 46 42 38 16
629 Jin-Kyoung Yang 12 406 80 62 42 28 26
630 Raphael Ponge 11 402 53 44 34 28 28
631 Wei Wang 12 401 60 46 46 42 29
632 Sung-Ryul Kim 10 400 69 40 37 37 31
633 Pil Joong Chung 9 396 147 53 47 42 22
634 Hyungjin Kim 12 393 50 34 29 27 26
635 Dongsuk Jeon 9 390 72 66 51 45 32
638 Soonchang hong 10 379 83 52 40 37 30
639 Yongju Choi 11 379 72 54 31 29 28
640 Sun-wook Kim 6 378 160 69 67 26 22
641 Illoong Kwon 11 375 50 49 35 35 32
642 Gehoon Chung 10 372 78 46 45 39 29
643 Yu Gu 9 367 99 59 57 28 25
644 Erik Sevre 9 364 95 91 41 22 21
645 Joonmyung Choi 11 364 58 53 45 34 29
646 Sunmie Kim 11 362 49 46 32 27 27
647 jun-gu kang 10 361 60 51 46 43 37
648 Jongshin Kim 11 359 77 53 48 43 27
649 Dajung J. Kim 9 359 78 78 70 32 30
650 Jae-Young Lee, PhD 13 356 34 28 27 24 22
651 Daehyun Kim 11 351 75 33 25 24 23
652 Changwon Jang 11 350 88 39 36 25 19
654 Saikat Das 7 347 87 84 42 38 28
655 IBRAHIM BUDIARJO 10 347 99 51 29 25 24
656 Woo-Jong Lee 이우종 11 345 50 47 40 32 30
657 Su Do Yi 5 342 163 118 17 10 8
658 Jong Kwon Choe 11 332 48 41 41 40 39
659 Myeong Hwan Lee 4 329 260 29 26 4 3
660 Taegyu Kang 8 327 88 86 44 29 26
661 Tae-Rin Lee 9 322 95 52 30 22 21
662 Jae Yong Ryu 10 320 90 77 31 27 21
663 Sangheon Lee 12 317 56 29 21 21 21
665 Yoon Ho Lee 10 313 46 42 28 22 15
666 Hwajung Hong 10 312 80 47 45 29 18
667 Hyun-Sub Shim 11 311 55 53 42 32 16
670 Sungjun Kwon 6 310 171 39 36 15 14
671 Soo-Jin Kim 7 310 146 77 26 14 13
672 Taeyong Eom 11 309 80 39 28 28 23
674 Chung, Inbum MD 6 308 109 68 50 32 30
676 Jin Soo Kang 11 310 39 38 37 30 24
677 Jung-Woo Park 9 304 68 49 31 31 26
678 Dmitry Shapiro 9 303 87 42 33 27 21
679 Jun Xi 10 303 44 43 42 34 21
680 Ji Mun Yoo 6 298 133 77 22 21 17
682 Myungsuk Kim 6 295 131 52 48 37 11
683 Eunsang Cho 3 291 270 10 4 3 2
684 Dae-Young Lee 11 291 68 39 25 20 19
685 Kwangho Jung 9 289 71 52 21 20 19
687 Joonhwan Lee 7 288 66 46 46 35 20
688 Seonghwan Kim 9 290 44 38 37 37 32
689 Mouhong Lin 9 286 50 47 43 39 28
690 Donghyun Kim 9 285 83 49 28 24 18
691 Shahabaldin Rezania 8 284 71 62 48 17 11
693 Jun Young Oh 8 283 72 32 29 29 26
694 Ryan Jin Young Kim 8 283 83 67 32 18 18
695 Dongil Kim, Ph.D 8 282 70 70 37 35 16
696 Hossein Moradian Sardroudi 4 282 259 11 6 4 2
697 Inuk Jung 6 279 127 80 18 16 15
698 Bobby Tan Kok Chuan 7 276 142 33 20 20 20
699 Tackeun Kim 10 275 47 36 35 32 20
700 Gerald Trutnau 10 275 43 37 35 22 15
701 Jin Hwan Hwang 8 272 70 44 22 19 12
702 Kyae Hyung Kim 9 271 50 40 34 29 29
703 Yeonhoo Kim 7 270 78 55 45 27 19
704 Byung-Sun Yang 6 270 154 66 66 17 13
705 Hosang Yoon 8 269 49 46 42 34 31
707 Jungjae Park 10 266 40 33 27 16 16
708 Woncheol Jang 8 264 42 29 22 20 19
709 Jooyeon Jamie Im 8 264 130 28 18 14 12
710 Kisu joo 9 262 56 35 32 27 25
711 Hyun-Cheol Kang 7 261 91 61 43 11 10
712 Yong Siah Teo 8 258 70 39 18 17 14
713 Euy-Young Jung 9 258 72 27 27 27 23
714 Diptiman Dinda 6 257 76 72 36 29 15
715 Dilli Ram Bhandari 7 255 61 53 44 43 22
716 Jun Won Rhim 9 252 58 42 30 20 16
717 Chongjian Zhou 9 253 53 46 34 26 24
718 Woo Hyung Lee 10 249 46 37 28 27 24
719 Yeonsu Jung 9 248 54 34 29 26 16
720 Kwanho Kim 9 246 43 28 19 19 19
722 Dong-Hee Kang 8 245 58 48 24 24 18
723 Kihyun Kim 9 244 50 37 26 26 19
725 Younggul Song 10 242 36 31 27 21 19
726 Yong-Cheol Kwon 8 242 52 47 47 19 15
728 Klaus Marhold 8 239 63 50 37 14 12
729 Noheon Park 8 236 64 56 35 31 19
730 Byunghan Lee 7 236 156 18 15 10 9
731 Jae-Jung Jung 7 234 79 28 26 26 23
734 Tae Yong Kim 9 226 28 28 22 20 18
735 Chae Young Lim 8 226 47 38 21 18 13
736 Chi Cheng 8 225 48 38 21 15 13
738 Junsuk Kang 9 224 36 34 27 23 12
739 Seung Jae Lee 7 221 48 39 27 26 16
740 Gang Li 8 220 41 37 32 25 19
741 Jae-Hee Kim 9 219 64 29 23 20 17
742 Taejoon Park 7 218 75 45 20 18 18
743 Kyoohyung Han 3 217 192 15 5 2 2
744 Sujin Kim 6 216 57 41 41 30 20
745 Sangsoo Lim 7 215 85 29 20 17 15
746 Jongho Heo 8 213 76 34 18 18 16
747 Jaeeun Cho 8 213 35 27 23 20 19
748 Duk Jun Yu 6 211 51 50 33 21 12
749 Sanghun Cho 7 210 72 40 36 16 11
750 Dong-Hyeon Kim 8 209 59 15 14 12 12
751 Ku Bong Min 7 208 41 35 31 30 15
752 Hanna Na 8 208 31 29 28 24 18
753 Jinsung An 8 208 37 33 26 21 20
755 Hyoun Joong Kim 8 206 48 29 16 15 12
756 Seunggyun Ha 8 206 47 39 21 20 16
757 Nguyen Hoai Nguyen 8 205 52 27 23 20 17
758 Seok Young Son 9 205 36 34 21 17 17
759 Jonghong Kim 7 203 48 37 33 25 22
760 Ji-Won Kim 8 202 29 20 18 15 12
761 Jin-Hwa Kim 4 201 79 55 39 23 4
763 Hooney Min 6 199 72 35 29 26 19
764 Sae-Hyun Ji 6 199 38 32 32 30 16
765 Jiyun Song 7 198 58 34 25 18 17
766 Ji-Hoon Baik 5 196 59 53 36 30 18
767 Useok Jeong 8 194 59 40 19 14 12
768 Dukhyun Chang 7 193 95 22 22 14 13
770 Donghyun Kwak 3 191 161 19 6 2 1
772 Heesoo Woo 5 191 98 53 19 11 8
773 Sangmoon Byun 8 190 54 40 23 15 15
774 Jeong Hawook 7 185 63 21 21 18 17
775 Yong Woo Kim 8 185 50 29 17 16 13
779 Jeong-An Gim 8 181 25 20 20 20 19
781 Keehoon Kang 3 181 106 70 4 1 0
782 Seungho Yoon 8 180 54 24 20 18 10
783 Min-Oh Heo 7 178 79 27 15 12 12
784 Jae-Seung Jeong 5 177 93 38 19 15 8
785 Heenam Yoon 8 176 34 26 16 12 11
787 Chang-Kun LEE 8 175 25 20 15 12 11
788 Srinivasan Arthanari 8 174 45 24 21 16 14
789 Sungbin Choi 8 174 31 26 22 18 18
790 Jin Jung Kweon 9 172 20 17 14 14 12
791 Md Nurul Huda Bhuiyan 6 172 67 31 26 22 15
792 Jungchan Cho 7 171 54 36 16 15 14
793 Van Thinh Nguyen 7 171 52 16 15 14 11
794 PENG JIN 8 171 30 26 26 21 18
795 Duho Kim 8 170 40 26 20 18 17
797 Jungjin Yoon 6 168 75 32 18 16 10
798 Jaewon Kim 9 168 29 21 19 18 18
799 Sungwoo Lee 7 166 35 22 22 20 20
800 Youngmo Jeong 7 166 42 32 29 13 12
801 ZHENXING YIN 7 166 40 36 17 16 15
802 Mi Sun Park 8 166 34 23 16 15 13
803 Jong In Kim 8 166 27 24 20 20 15
804 Yung-Kyun Noh 7 165 60 13 13 13 10
805 Yeonung JEONG 7 165 38 28 18 15 14
806 Jaehun Lee 6 165 43 41 27 20 12
809 Woo-Chul Jeun 5 164 84 47 10 8 6
810 Youngmin Ko 6 163 87 34 14 10 8
812 Yongjun Ahn 6 162 45 44 21 12 9
813 Hyoungmin Kim 6 161 60 33 23 14 14
815 du hyun Ro 5 161 89 28 22 6 5
816 Young-Jae Kim (김영재) 7 160 27 26 25 23 15
817 Joo-Young Jin 8 159 27 19 16 15 13
818 Chenzhe, Li 8 159 31 30 28 15 12
819 Segeun Jang 8 158 32 26 18 13 12
820 Yunju Jeong 7 158 40 38 18 16 11
821 Donghyun Kwon 6 157 46 38 34 14 11
822 Edo Andriesse 8 157 23 22 13 13 11
823 Abhisek K. Behera 7 156 26 22 22 19 14
824 Nahn Ju Kim 6 154 46 31 26 21 12
825 Jaeheum Jung 8 154 30 23 19 16 13
826 Hongsik Yoon 7 155 49 27 22 17 12
827 Martin K. Bakht 7 153 26 26 24 20 12
828 Seung-Yoon Oh 8 153 25 23 21 16 12
829 Insu Jo 7 152 49 25 22 13 13
830 Dr. Jungsoo Gim 6 152 58 26 19 14 9
831 Dorsaf Kerfahi 6 150 50 40 14 13 9
832 Dr. Ramesh Ghosh 8 150 40 23 16 16 14
833 Jihoon Kwon 5 149 79 49 8 7 5
834 SEUNGJAE LEE 7 148 36 25 20 13 13
835 Sang-Woo Lee 6 146 79 23 19 7 7
836 Hyun-Taek Lee 5 146 71 22 12 10 6
837 Dae Joong Kang 4 145 84 84 17 9 9
838 Matlabjon Sattorov 7 145 34 14 13 10 10
839 Chiyul Yoon 8 145 25 20 16 15 9
840 Shahrouz Abolhosseini 4 144 88 22 17 8 4
844 Daeho Kang 7 141 63 14 11 11 8
845 Hongseok Oh 7 141 43 19 19 12 8
846 Changkyun Im 7 140 54 18 10 10 10
847 Jong-Young Hong 7 139 42 20 15 11 11
848 Jun-Xue Jin 8 139 21 18 18 14 11
850 Junghwan Byun 4 138 80 32 10 6 3
851 Nguyen Phuoc Long 5 137 84 14 7 5 5
852 Hyeong-ki Kwon 8 136 43 19 12 12 11
853 Kee-Bum Kim 5 136 46 38 22 16 12
854 Hyeokjun Park 5 134 59 34 18 8 6
855 Kang Ik Kevin Cho 5 134 49 26 21 16 6
856 Myunglae JO or Myung Rae Cho (조명래) 8 133 17 16 13 12 11
857 Jaewon Lee 5 133 85 16 13 11 7
858 Jaepil Kim 4 132 44 40 30 9 4
859 Inkyu Lee 7 133 32 28 20 14 13
861 Gyu-Seob Jeong 7 130 18 15 15 11 10
864 Kyle Koh 3 128 94 25 4 2 1
867 Seohee Nam 6 129 33 22 18 14 11
868 Bo-Ram Kim 6 127 31 18 15 14 12
870 Taemin Ludvic Kim 6 125 57 22 9 8 6
871 Inhee Cho 5 123 53 38 14 11 7
872 Erik Mobrand 4 122 54 27 12 8 4
873 Hyewon Lee 4 122 44 40 21 10 4
874 Youngchul Kwon 5 121 63 15 10 8 5
875 Hyeong-Ju Kim 5 121 62 21 17 8 5
877 Seunghon Ham 5 118 41 30 15 8 6
879 Seungwoo Noh 6 115 16 16 15 12 11
882 Yeongpil Cho 5 114 38 34 14 11 10
883 Junwoo Park 5 113 53 18 11 11 5
884 Eunwoo Kim 5 113 28 23 22 19 5
885 Nan Song 7 112 29 18 18 10 9
886 Min Bom, Kim 7 110 16 16 15 12 10
887 Han-gil Jeong 6 109 39 12 9 9 6
888 Jiyeoun Song 5 111 34 24 22 9 9
890 Nirmal Rajasekaran, Ph.D. 5 110 26 25 24 16 5
892 Kyo Suh 6 110 21 17 16 9 7
894 Karna Sandeep 5 107 37 23 16 12 6
898 이중식; Joong seek Lee; Joon Lee; Joongseek Lee 5 106 15 12 6 5 5
900 Joon-Yeon Kim 5 105 36 35 8 7 6
901 Minbok Lee 5 105 58 13 10 9 7
903 Jun-Eun Park 6 104 35 17 15 11 10
904 Youngsok Kim 6 103 40 17 16 12 11
905 Hyang Yuol Lee 5 103 26 24 19 19 12
907 Hoonyoung Jeong 6 103 26 25 17 16 8
908 Jonghun Yoo 6 103 20 19 17 15 8
909 Junghwan Shin 4 104 45 24 19 5 4
910 Aga Shahee 7 102 20 10 10 9 9
912 손영락 5 102 35 33 9 7 5
913 Hoang Hai 5 102 38 15 14 13 9
914 Kyungsik Eom 5 100 51 22 8 6 6
916 Sangkyu Park 5 99 22 20 14 11 7
917 Sun-Je Kim 5 99 47 21 11 6 6
918 Sungmin Cho 5 99 32 16 15 14 7
919 Se-Um Kim 6 98 31 14 13 9 8
920 Keon-Joo Lee 5 97 26 19 17 14 5
921 Umer Zahid 7 97 30 13 10 8 8
922 DINSEFA MENSUR ANDOSHE 5 97 48 22 10 9 5
923 Hyun-seung Kim 7 98 17 15 14 8 8
924 Sukjae Lee 5 96 30 28 15 9 6
925 Sangdoo Yun 4 96 36 29 17 5 2
926 Arpana Agrawal 7 95 16 16 15 10 8
927 Sangmoon Lee 5 95 36 11 10 8 7
928 JIN-TAE HWANG 5 97 13 12 9 7 6
929 Min-Kyu Kwak 6 94 19 16 13 10 9
930 Hyunsoo Kim, Ph.D. 5 94 30 27 9 6 6
931 Ahmad Bahmani 5 93 31 25 13 8 6
934 Manyoel Lim 6 92 18 17 14 13 11
935 sang hoon Jeon 6 93 23 8 7 6 6
936 Krishnadash S. Kshtrimayum 7 92 18 13 11 10 10
938 Hyunsoo Yang 4 91 55 18 7 7 2
939 Minkyung Baek 4 91 66 5 5 4 4
940 Mahipal Singh Kesawat 3 91 40 36 7 3 2
941 Yohan Lee 6 89 19 18 15 11 6
942 kotdaji ha 6 91 26 19 14 11 8
943 Daekyoung Yoo 6 90 19 14 11 11 10
944 Sangwook Shane Hahn 5 90 46 14 10 8 6
945 Inseong Jo 4 89 49 10 9 5 4
946 Kyo Bin Kang 6 88 17 17 15 8 7
947 Kim Jeonghoon 5 88 27 27 11 7 5
949 Jae Ho Kim 5 87 29 24 8 7 6
950 Hyeonsoo Park 5 87 47 15 6 6 5
951 Bohoon Kim 5 87 28 11 11 6 5
952 Jehwan Seo 5 86 20 9 6 5 5
953 Sang Hwan Seong 성상환 4 85 21 10 9 8 4
954 Myungjae Lee 5 85 34 16 14 14 6
955 Seunghee Youn 5 84 28 14 11 8 8
956 Dr. Biswanath Bhoi 4 84 32 22 15 6 2
957 Ji-Sun Kim 6 83 27 12 10 10 7
958 Ji-In Bang 5 82 26 24 7 7 5
960 Park Seongho 6 83 18 11 10 10 9
961 Young Sang Kwon 5 83 12 10 8 5 5
963 Gyeongtaek Oh 4 82 54 6 6 4 4
966 Jin-Deok Joo 5 81 32 12 8 7 6
967 Kyookeun Lee 6 81 15 11 8 6 6
969 Sem Vermeersch 4 81 37 37 9 5 4
971 Netsanet Haile, PhD 6 80 18 16 15 11 8
972 Munjae Park 4 79 23 19 15 13 4
973 Joon Ho Moon 6 79 20 12 11 10 7
975 Kyung oh Jung 4 79 43 15 10 7 1
976 Doyk Hwang 4 79 42 15 8 5 4
978 Seongwon Kim 4 78 48 5 5 4 4
980 Seungyul Choi 5 77 38 8 8 7 7
981 Linmao Xie 6 77 16 15 14 7 6
982 Jung-Hoon Yun 6 77 18 12 11 10 9
983 Hyunwoo Lee 4 77 44 11 8 5 4
986 Hye-Jin Kim 5 75 18 11 10 7 6
988 Seongryong Kim 4 76 20 18 15 5 4
989 Jong Hyun Jung 5 74 20 16 11 7 5
990 Eun-Ah Bae 3 75 52 13 10 0 0
991 Sunho Lee 5 73 32 11 8 8 6
992 Jongjung Kim 5 73 23 17 17 7 5
993 Chanhwa Lee 6 73 20 11 9 8 8
994 Nae Young Song 5 73 28 18 7 6 5
996 Ingoo Heo 5 73 18 8 8 8 6
997 Kwondo Kim 4 72 21 12 9 5 4
998 Jun Min Suh 4 72 51 5 5 5 3
999 Taehyun Kim 4 71 27 25 12 5 2
1000 Muhammad R. Haque 5 70 24 14 12 10 9
1002 Doogab Yi 4 71 31 15 12 4 4
1004 Sungyoung Lee 5 70 17 11 7 6 6
1006 Byung Hwi Kim 5 68 23 20 6 6 6
1007 Kyungmin Kim 5 68 29 12 9 8 7
1008 Sang Seo Park 5 67 15 9 7 6 5
1010 Sang-Soon Kim 5 67 16 10 9 8 8
1015 Sungheon Park 4 67 19 15 13 11 4
1016 Jungho Park 4 67 25 18 8 5 4
1020 Tae Jun Yoon 5 65 27 10 8 5 5
1021 Yong-Kuk Jeong (정용국) 5 64 9 7 6 5 5
1023 Byeongho Hwang 3 64 31 24 8 1 0
1025 Gipoong Gwon 4 64 23 16 14 6 2
1026 ByungJo Kim 3 63 34 15 13 1 0
1028 Sehi L'Yi 4 63 25 13 12 5 4
1029 Jaehoon Sim 5 63 21 10 7 6 5
1031 John P. DiMoia 4 62 28 15 6 4 2
1032 Vikas Sharma 5 62 17 13 10 9 5
1033 Dong Kyu Lim 5 62 12 9 7 7 6
1036 Wonkyung Kang 3 62 37 5 4 3 3
1039 Soomok Lee 5 61 28 11 7 6 5
1041 Heonjun Yoon 4 60 17 16 11 9 2
1042 Chung-Yeon Lee 4 58 14 9 6 5 4
1043 Kyuwon Kim 5 60 14 9 8 6 6
1045 Nam-Kwang Cho 5 59 18 11 8 7 6
1047 Jeong-Whan Son 4 58 21 19 8 7 2
1048 young-gil jin 5 58 21 9 8 7 5
1049 Gun-Yeal Lee 5 58 21 15 6 6 5
1050 Hongjong Park 4 57 15 15 9 7 4
1051 Joon Ha Jung 5 57 17 13 9 8 5
1052 Kye-Hwa Lee 4 56 26 10 5 5 4
1053 Haeseong Cho 4 56 8 5 5 4 4
1054 Baek-Lok, Oh 4 56 15 10 10 7 4
1055 Kyeong Yun Kim 3 56 22 19 4 3 2
1057 Hyunjoo Song 5 55 19 10 9 8 6
1058 Seungil Park 4 55 27 12 9 5 1
1059 Priyanka Kumari 5 55 17 8 7 7 5
1062 Hyungseok Seo 4 55 17 17 11 10 0
1063 KiJoo Han, 한기주, 韓基柱 4 55 16 10 10 6 4
1065 Seung Beom Seo 4 54 16 13 12 6 3
1067 Jungho Ahn 4 54 17 10 10 8 4
1068 Kim So Yeun 5 54 14 10 9 8 6
1069 Sanga Lee 4 54 14 10 8 6 3
1070 Soo-kyeong Jang 3 54 21 12 9 3 3
1072 Yoonyoung Kim 5 54 16 12 9 8 5
1074 Jaemin Jo 4 53 19 11 8 5 4
1075 Junbong Song 3 54 32 14 3 3 1
1076 Je In Lee 5 53 14 11 8 7 5
1077 Ki-Woong Nam 4 53 13 9 7 5 4
1078 Donghoon Lee 5 53 13 13 11 7 5
1079 노재선 5 54 8 8 7 5 5
1080 Pyung-Gang Lee 3 52 22 20 9 1 0
1081 Jong-Ho Bae 4 51 14 9 6 5 4
1082 Heeyeun Yoon 3 51 24 8 5 3 3
1084 Jewoong Ryu 3 50 26 16 5 2 1
1085 Hyeonwoo Shin 4 50 20 16 6 4 2
1087 Woosuk Choi 4 50 18 13 8 5 4
1088 Junghun Suh 4 51 15 14 7 4 4
1089 June Young Kim 4 51 18 7 7 7 4
1093 Yoon Jae Kim 4 48 17 15 6 4 4
1094 Inhak Song 4 48 14 11 8 5 4
1097 M. H. Hassan 2 47 42 13 3 2 0
1098 Jinhyeok Choi 4 46 18 8 4 4 4
1099 HWANG GYUSUN 3 46 27 9 6 2 2
1100 Waqas Hassan Tanveer 5 46 10 7 6 6 5
1101 Tae-Il Kim 4 47 11 6 6 5 4
1103 Guilian Yi 4 46 17 8 7 4 3
1104 Dharani Punithan 4 45 15 7 6 6 4
1107 Ho-Jung Kang 4 45 10 9 5 4 4
1108 Hyunseok Oh 4 44 23 11 4 4 2
1111 Bado Lee 3 44 18 12 12 1 1
1112 Vimal Kumar Dubey 3 43 19 12 5 3 2
1113 Min Ju Shon 4 43 27 6 6 4 0
1114 Joon-Geun Ha 4 43 13 11 6 6 3
1116 Jong-Won Kim 4 44 15 8 6 4 4
1121 Jaesung Park 4 43 8 5 4 4 3
1122 Seung-Pyo Hong 3 43 13 12 12 2 2
1123 masoud afrakhteh 4 43 18 7 4 4 4
1124 Ali Yousefian-Jazi 5 42 11 9 8 5 5
1128 길태호 2 42 28 11 1 1 1
1131 Sunjoong Kim 3 41 20 6 5 3 3
1132 Hyun Kim 4 41 13 8 4 4 3
1133 Jinkyu Jang 3 40 19 11 8 1 1
1135 JaeHa Lee 4 40 18 6 5 4 2
1136 Seokha Yoo 4 40 13 10 10 4 1
1138 Kyoung-Soo We 4 39 9 7 7 5 4
1140 Jun-Mo Park 3 38 16 8 6 3 2
1141 Kim, Ji Young 4 38 11 6 4 4 4
1143 Kwanseo Park 4 38 15 10 7 4 1
1147 Jongwon Lee 4 37 12 10 7 4 2
1148 Heecheol Yang 4 37 8 6 5 5 3
1149 Sanghyun Kim 4 37 8 8 8 6 3
1150 Kabgyun Jeong 4 37 9 6 6 5 4
1151 Keundong Lee 4 37 12 7 4 4 3
1156 hyo sun lee 3 36 16 6 4 2 2
1160 Seolha Jeong 3 35 18 5 4 2 2
1162 Youngil Koh 3 35 20 6 5 2 1
1163 Junkee Jeon 3 35 9 8 7 3 2
1167 Yoojung Kim 3 34 12 6 5 3 3
1169 Taeyoon Seo 3 34 20 4 4 3 3
1176 Yisoo Lee 3 33 12 8 6 2 2
1178 Jeongsoo Park 3 32 14 5 4 3 2
1180 Go-Un Jung 3 31 11 8 6 3 2
1181 Usama Ahmed 3 30 8 8 7 3 2
1183 Seolin Shin 3 31 11 10 3 3 2
1184 Jung Hyun Oh 3 30 12 7 3 3 1
1185 Candrani Khoirinaya 2 30 18 11 1 0 0
1190 Taesuh Cha 3 29 14 10 4 1 0
1192 Jayden Hunsue Lee 3 29 8 7 6 3 2
1197 Munhyong Kim 3 28 11 8 3 2 2
1200 Dayk Jang 3 28 16 4 3 2 1
1204 Kyungjae Lee 3 28 9 5 4 3 2
1207 Kyung-Hwan Lee 3 28 6 3 3 3 3
1219 Siddhartha Bikram Panday 2 26 17 2 2 1 1
1222 Younghyun John Kwon (권영현, 權玲鉉) 3 26 8 3 3 3 2
1227 JongHwan Oh (오종환) 3 25 16 3 3 2 1
1230 Seokchan (Channy) Yun 3 24 11 7 3 1 1
1235 Junhee Lee 2 24 15 3 2 2 1
1238 Yongho Shin 3 24 10 7 5 1 1
1244 Haanju Yoo 3 23 10 5 5 1 1
1248 Jaemyeong Mango Seo 3 23 12 4 3 2 1
1249 Lee Whanhee 3 23 9 4 3 3 2
1250 Annie Pedret 3 22 16 3 3 0 0
1251 Jae-Hyun Lee 3 22 6 4 3 3 2
1256 Youseok Lee 3 21 9 5 3 2 1
1260 Doo Young Gwak 3 21 10 5 3 1 1
1264 Beom-Jin Lee 3 21 7 4 3 2 1
1265 Sunku Kwon 2 21 17 2 2 0 0
1267 Byeong-Hak Park 2 21 17 2 1 1 0
1268 Min-Cheol Lee 2 20 17 2 1 0 0
1269 Hyuksu RYU 3 20 8 3 3 2 2
1272 Geonho Cha 2 20 13 5 1 1 0
1273 Jungsoo Yoon 3 20 9 3 3 1 1
1277 Euihoon Chung 3 19 6 3 3 2 2
1281 Seho Shin 2 18 8 6 2 1 1
1285 Jeong-Geun Yun 3 18 6 6 3 3 0
1295 Changhee Kim 3 17 4 3 3 3 2
1302 Jieun Yang 2 16 9 6 1 0 0
1306 Imdad Ullah Khan 2 16 10 2 2 1 1
1309 Changhoon Oh 3 16 3 3 3 2 2
1312 Sunwoo Kim 2 15 4 4 3 2 2
1316 Wonseok Lee 2 15 7 3 2 2 1
1319 Kahyun Lee 2 15 5 5 2 2 1
1324 김준표, Junpyo Kim 3 14 6 3 3 1 1
1342 Hyunah Park (박현아) 2 13 9 3 1 0 0
1347 Joo-Hyung Chae 2 13 7 3 2 1 0
1362 Heesup Yun 2 11 5 4 1 1 0
1392 Ji-Woong Yang 2 9 3 3 2 1 0
1399 JUNHO HAN 2 8 3 2 1 1 1
1411 Seongwook Lee 2 8 3 2 2 1 0
1413 Jun Yeon Yun 1 8 8 0 0 0 0
1415 Hyeong geun Kim 2 8 5 2 1 0 0
1418 Christiaan Prinsloo 2 7 2 2 1 1 1
1442 Hyunah Ahn 1 6 2 1 1 1 1
1450 C. Hyung Keun Park 1 5 5 0 0 0 0
1464 Sunyu Ham(함선유) 2 4 2 2 0 0 0
1465 Jaehwan Hyun 1 5 2 1 1 1 0
1475 홍석주 1 4 2 1 1 0 0
1508 Hyun-Mo Ryoo 1 2 1 1 0 0 0
1541 Won Ik Cho 1 1 1 0 0 0 0
1560 Gwanghyun Jo 1 1 1 0 0 0 0
