1 Haijun Yang 159 141123 18039 4815 4144 3616 3429
2 Huan Wang(汪欢) 77 36840 1052 436 356 354 350
3 Sijie Chen 68 31711 1005 371 371 321 306
4 Yafei Zhang 73 26579 4179 705 663 489 372
5 Deyue Yan 73 22138 2159 705 446 391 354
6 Minglu Li (李明禄) 53 20015 1681 610 295 274 266
7 benlong wang 50 16595 410 325 243 185 175
8 TAO WANG 56 15975 316 278 262 204 200
9 Shijun Liao 47 15120 3009 1416 1394 833 693
10 Yong Yu (俞勇) 53 14589 1281 987 958 723 697
11 Lei Xu 46 14066 2703 1218 785 773 758
12 Qinghua Zhu 48 14229 1794 1107 982 850 765
13 Min-You Wu 41 14075 2274 800 761 284 275
14 Jinfeng Jia 50 13869 1216 967 701 652 548
15 Dong Qian(钱冬) 23 12251 2723 2679 1529 1091 831
16 FENG LIU 55 11674 1130 523 521 293 276
17 Jian-Jiang Zhong 57 11110 400 297 264 261 255
18 yong geng 55 10730 982 303 284 279 256
19 Xiaojing Ma 49 10653 1504 697 481 421 392
20 Zhiguo Xu 45 10595 773 433 294 244 233
21 Lie-Wen Chen 40 9926 950 393 197 177 145
22 Weiliang Xia 32 9905 6438 319 270 164 163
23 Shi YongYong 39 9741 1369 1021 949 508 414
24 Xinping Guan 48 9539 553 206 205 161 150
25 Huai Sun 30 9150 3261 783 717 536 456
26 Zhengqiang Wang 24 9108 1049 164 58 45 45
27 xinyuan zhu 52 8996 391 306 251 246 240
28 裕庚 席 45 8853 789 291 264 224 178
29 Shengfang Ge 25 8529 6432 157 153 122 93
30 Xiaokang Yang 46 8228 431 297 234 205 199
31 Dr. Jiulin Wang 46 7767 855 451 351 322 295
32 Liping Zhao 41 7555 852 484 461 350 323
33 Zi-Feng Ma 42 7508 276 244 221 155 152
34 Fei Qi 43 7375 445 283 253 197 195
35 Dongqing Wei 48 7363 376 312 183 177 165
36 Yan LIN 36 6874 1669 201 192 165 165
37 Xuzhou Yan 38 6870 816 523 520 380 346
38 Liqing Zhang （张丽清） 32 6653 2898 424 290 187 119
39 Xiang Yang Kong 21 6146 1581 1211 836 629 347
40 Yixin Zhao 41 6003 555 383 343 232 221
41 Xingyi Huang 43 5744 300 242 239 212 208
42 Meixia Tao 39 5717 342 280 258 248 200
43 Quan Xu 34 5706 416 374 288 273 218
44 Kaixue Wang 40 5703 872 252 250 219 205
45 Xuejia Lai 25 5614 904 789 603 576 500
46 Jingfang Wang 32 5602 1652 440 272 194 147
47 Xiaodong Zhuang 37 5389 421 370 308 252 243
48 Yikai SU 32 5347 497 178 151 96 88
49 Xinbing Wang (王新兵) 38 5331 268 263 224 196 176
50 Minyi Guo 37 5290 187 182 178 169 122
51 Linpeng HUANG 33 5268 230 215 152 144 137
52 Haojin Zhu 36 5197 534 367 333 292 244
53 Weiping Zhang 29 5097 796 660 373 205 176
54 peng z.k 31 5066 983 627 478 225 183
55 SM ZHU 40 5026 537 232 225 218 176
56 Wang Zhang Yuan 38 4984 490 366 284 226 210
57 Bao-Liang Lu （吕宝粮） 36 4869 285 229 183 182 180
58 Shen Shui-Long 39 4856 187 181 180 149 121
59 Yuhong Xu 32 4506 1226 275 272 149 147
60 Jian Zhang 35 4387 606 529 183 116 112
61 Xinquan Jiang（蒋欣泉） 38 4373 227 169 159 147 135
62 Liang LI 21 4319 1445 534 455 287 218
63 Jianbo Wu 27 4077 462 398 375 346 342
64 Yanmin Zhu 34 3859 219 192 171 122 121
65 Hao Zheng 25 3855 1350 482 292 255 149
66 Rui-Min Shen 28 3841 377 341 320 311 155
67 Wen Chen（陈文） 33 3817 112 102 93 90 81
68 Ping Ao 29 3812 260 247 188 142 122
69 Daoli Zhu 33 3664 271 185 177 146 145
70 L.W. Zhang (Lu-Wen Zhang) 33 3661 262 167 153 147 144
71 Mingce Long 27 3632 710 548 298 215 134
72 Hongtao Lu 34 3534 316 155 137 115 108
73 Bo Yuan (苑波) 22 3508 422 374 325 310 302
74 Haibo Chen 30 3440 423 373 158 142 134
75 Zuyuan He 31 3369 244 197 195 181 165
76 Pan Liu (刘攀) 31 3272 325 198 145 138 127
77 Wang Zhang （张旺） 30 3174 204 176 172 114 102
78 liqin xiong 17 3146 526 465 432 343 294
79 Yanmin Qian 17 3104 2220 96 62 55 50
80 Yong X. Wang, MD, PhD 34 3073 302 159 140 114 68
81 Qiang Wu 21 3010 611 288 250 223 162
82 Ke Ma 27 2996 570 453 197 123 120
83 Guangyin Yuan 30 2950 248 110 110 104 101
84 Haosen Yang 23 2922 302 88 71 70 56
85 Feng Ping WANG 33 2873 148 133 127 112 101
86 Zhiwen Shi 22 2765 493 395 192 174 169
87 Weidong Luo 27 2750 205 198 188 171 146
88 Xian-Min Jin（金贤敏） 23 2708 459 459 269 227 223
89 Bingbing Ni (Professor) 26 2650 303 236 171 168 163
90 Jiantao Zai 33 2635 130 128 126 125 123
91 Xiaofeng Gao 16 2533 1466 81 74 62 46
92 Yongting Wang, PhD 31 2466 161 131 125 112 106
93 Zeng-Qi Wang 22 2455 328 300 213 197 169
94 Jian Cao 23 2454 117 64 64 59 59
95 Hong-Yu Ou 26 2450 309 205 179 151 111
96 Zhibin Jiang 26 2427 159 91 82 82 75
97 Wansheng ZHAO 18 2397 222 185 126 97 62
98 Shanbao Tong 23 2385 275 150 135 118 113
99 Hongru Ma 23 2364 242 157 140 135 135
100 Jie Ma 16 2363 1350 322 104 91 56
101 Genlian Fan 26 2337 393 217 159 103 85
102 Ya Zhang 22 2334 582 414 83 83 82
103 Xiangyang Zhu 26 2310 202 67 61 57 56
104 Shifeng wang 27 2291 186 172 168 124 104
105 zhenqiang yao 24 2259 226 133 106 71 63
106 Huchen Zhou 23 2233 394 220 199 162 129
107 Xiaoqun Zhang 15 2227 585 445 309 262 107
108 Dr. Xianxia Yuan 26 2213 155 134 103 90 89
109 Ying Zu 24 2204 321 222 173 128 122
110 Yaping Dan 15 2139 833 280 199 168 120
111 Weiyao Lin 21 2135 597 83 82 72 67
112 Zhiyu Hu 22 2109 166 138 120 118 88
113 Yu-Shi He 26 2107 144 143 129 111 108
114 Jian Ye 26 2097 346 98 95 94 92
115 Lei Fu（傅磊） 18 2094 573 210 198 111 100
116 Linjie Zhou 25 2088 135 121 113 110 89
117 Wenjie Zhang (张文杰) 26 2085 227 159 147 99 98
118 T.S. Ge 25 2062 217 161 157 109 96
119 Shuhui Li 23 2045 131 87 83 75 43
120 Cailian Chen 19 2040 553 169 110 87 81
121 Jing Bai （白晶） 22 2031 306 296 111 111 106
122 Wei-Lin Jin 23 2010 241 202 184 104 80
123 Liufu Deng 13 1995 619 334 322 133 98
124 Wende Xiao 25 1965 187 80 73 72 70
125 Yanjie Su 24 1909 319 122 100 73 68
126 Qinglei liu 23 1883 236 176 147 114 95
127 Junping Geng 22 1881 155 82 71 65 63
128 Thomas Sokollik 16 1844 450 246 176 171 134
129 Fan Wu 22 1838 152 97 94 94 86
130 XIAO-DONG ZHANG 23 1809 145 143 127 82 74
131 Fangyuan Zhang 20 1808 83 68 56 47 35
132 Lizhuang Ma (马利庄) 20 1765 124 102 96 59 39
133 Lilin Yi 19 1756 497 60 53 53 45
134 Hongzhi Tang 21 1752 196 105 97 96 87
135 Kai Xu 19 1749 217 200 152 128 121
136 Hai Zhao (赵海) 21 1748 191 177 101 90 54
137 Kenny Q. Zhu (朱其立) 16 1746 453 389 116 85 83
138 Xiaoxia Xia 19 1745 331 154 142 129 117
139 Shi Haiming 23 1735 77 75 72 71 69
140 Sheng-ce Tao 20 1695 244 144 94 91 78
141 Huating Li 19 1692 221 205 178 132 120
142 Xian-Ling LIANG 22 1687 79 73 70 63 62
143 Morteza Eslamian 25 1679 78 78 70 63 60
144 Weiwen Zou 20 1676 197 195 181 89 75
145 Changbo Fu 22 1670 287 128 89 87 86
146 Dali Wang 25 1666 246 114 93 90 75
147 Quan Chen 11 1649 1171 169 65 40 27
148 Linfa Peng 23 1644 109 99 98 93 78
149 Qingbo He 23 1620 114 95 92 77 66
150 Honglin Wang 18 1617 273 198 152 152 134
151 Yuanxin Wu 19 1614 214 191 172 122 90
152 Hepeng Zhang 19 1613 367 244 134 91 90
153 hongzi zhu 21 1604 228 92 87 87 87
154 meng zhang 23 1588 135 106 83 64 63
155 Jia Li 21 1577 391 116 85 76 73
156 Lin Yang 18 1559 51 51 45 32 30
157 Xuejun JIN (金学军) 17 1555 260 95 85 68 64
158 Rong Chen 17 1546 423 158 142 134 115
159 ping yi 19 1543 165 152 128 112 98
160 daizhan zhou 22 1523 161 142 109 98 69
161 Lin-Sheng Wu 24 1518 97 72 70 69 64
162 Tong-Xin Chen 18 1516 259 181 126 48 47
163 Yu-ping Chen 21 1506 95 88 84 80 70
164 Guan Ning Lin 10 1497 536 344 238 162 73
165 Weiren Zhu (朱卫仁) 23 1494 90 77 76 75 71
166 Antonio Miguel Garcia-Garcia 20 1491 125 118 93 78 64
167 Ning Lan 16 1451 169 133 111 92 90
168 Chi Xie 18 1447 192 162 111 99 88
169 Junmeng Cai 23 1431 100 99 94 73 68
170 Zhengwei Qi 15 1350 342 98 90 66 51
171 Ling Pei 20 1343 110 109 95 93 62
172 Feng He(何峰) 18 1327 259 130 128 118 83
173 Zhihua Zhou 18 1314 284 180 103 92 90
174 Guoying Gu (谷国迎) 17 1312 148 141 122 102 64
175 Guangtao Xue 17 1311 219 122 87 87 85
176 Xiaohua Tian 20 1275 78 71 66 64 52
177 Zhaoyuan Hou 17 1269 203 179 114 83 81
178 Huamiao Wang 17 1258 186 176 142 116 80
179 Yue Liu (刘悦，SJTU) 21 1256 127 101 87 72 59
180 Huijuan Dong (董会娟) 20 1255 102 89 88 86 77
181 Li Dewei 16 1246 264 115 62 53 52
182 Hongkai Xiong 18 1242 79 76 72 52 43
183 Li Song 17 1227 72 68 41 35 33
184 Weinan Zhang 19 1225 214 122 107 54 43
185 Bin Xia 19 1220 125 116 100 69 55
186 Ye Li 19 1212 125 121 106 80 61
187 Zhiyong Chen 20 1207 125 116 69 68 67
188 Chen jin-jian 18 1207 55 52 41 33 32
189 Yaohui Jin 18 1199 77 65 62 41 35
190 Chengbin Ma 19 1193 100 94 94 81 53
191 Qian Wang 19 1190 97 91 77 59 57
192 Mei-Ju Yang 13 1189 607 102 100 64 45
193 Huanan Duan 20 1184 119 77 74 63 51
194 陶飞 18 1166 155 86 76 68 60
195 Zhigang Qian 16 1156 331 154 129 76 70
196 Yonyyang Gong 13 1151 284 208 131 117 76
197 Fenggui Lu 17 1149 96 87 37 35 27
198 Hongguang Li 18 1132 53 51 43 42 39
199 Kan Wu 17 1103 154 154 80 72 65
200 Hongliang Zhong 17 1093 134 118 97 88 77
201 Fangwei Ye 19 1087 99 64 43 42 41
202 Yue Zhao 15 1075 605 56 43 39 38
203 Wang Hesheng 17 1073 196 108 77 59 45
204 Mingke Song 19 1064 140 108 99 59 58
205 Qiang Guo 17 1055 237 75 64 59 53
206 Linghe Kong 18 1044 171 103 59 57 44
207 Hua Liu 15 1041 367 62 48 36 26
208 Cai Hongming 12 1040 219 139 62 43 38
209 Yue Zhao 17 1030 40 39 38 38 32
210 Xiaofeng Gao 16 1023 81 74 62 46 38
211 Hao Zhong 12 1020 280 141 120 103 93
212 Dr. Nasr Hafz 16 1017 316 67 49 46 42
213 Bin Shen 16 1012 120 91 89 62 60
214 Tian Yang 16 1009 382 110 59 48 43
215 Lixu Gu 17 1008 71 52 52 43 32
216 Yujie Wang 19 1007 155 69 60 57 50
217 Xiaoying Gan (甘小莺) 16 996 97 71 70 52 51
218 Bangcheng Liu 12 989 291 155 134 101 55
219 Xuemin Lu 18 987 88 55 46 43 40
220 Sung-Liang Chen 17 980 107 88 84 67 62
221 Hua Bao 16 976 137 136 113 75 63
222 Lei Zhu 12 976 244 197 145 111 37
223 Weiwei Cai 17 964 122 97 75 60 59
224 Haitao Lu 17 960 192 122 79 64 52
225 Yongxin Zhu 16 951 85 56 47 36 35
226 Peter B. Shull 13 948 153 106 104 86 82
227 Jian Huang 15 939 153 116 93 56 54
228 Ying Cui 17 934 119 78 64 60 56
229 Xiaokun Gu 14 930 192 115 91 85 67
230 Pu Jing 17 921 202 79 68 66 60
231 Wenjie Peng 15 911 227 163 65 56 37
232 Zhu Jinhui 9 909 308 171 101 91 75
233 Yunlong Guo 14 895 179 118 114 100 84
234 Ye Ding 14 891 257 96 81 39 35
235 Jaehyung Ju 15 887 79 63 59 48 44
236 JING WU 11 886 498 126 56 39 22
237 Guosong Shao 7 869 764 29 18 12 11
238 Weiqiang Sun 15 863 77 65 35 34 33
239 Xin-an Zhang 16 851 145 112 65 61 58
240 Ying Rong 11 846 268 181 75 73 53
241 Guoyu Meng 12 845 228 173 93 64 56
242 Tao HANG 杭弢 17 842 109 62 56 55 50
243 Mingruo Hu 11 838 229 190 99 58 54
244 Fuyou Liang 12 836 213 109 100 77 59
245 Chengze Liu 13 832 212 86 74 57 49
246 Weikang Qian 13 830 218 109 90 46 41
247 Huai-Na Wu 16 823 187 80 60 57 45
248 Lei Zhang 11 822 360 168 55 49 35
249 Zhou Zhang 17 811 142 98 69 52 44
250 Tong Ye 15 809 151 83 59 45 30
251 Junfeng Sun 16 808 137 57 55 44 41
252 Fu Luoyi 13 803 219 87 77 56 41
253 GH Wan 13 802 157 149 92 80 45
254 Nan Li 李楠 4 795 685 63 32 8 3
255 Jun Mi 15 790 90 90 70 70 69
256 Cunqing Hua 13 777 203 64 49 47 46
257 xiangjun xing 15 775 114 90 66 52 39
258 Dong Han 10 758 303 115 76 48 35
259 Yongbing Li（李永兵） 17 757 96 60 39 28 25
260 Dan Huang (黄 丹) 12 753 213 121 85 63 45
261 Xinjun Sheng 15 746 67 40 39 39 35
262 Zhenli Xu 18 744 47 43 40 38 37
263 Chong Han 7 739 340 171 81 68 30
264 Bo Zhu 15 730 96 63 39 39 38
265 Lina Chi ( 迟莉娜） 15 729 105 79 75 71 45
266 Lin Shuhai 16 719 57 53 47 46 45
267 Jianping He 12 716 187 66 56 44 41
268 Na Ni (倪娜） 14 713 102 85 65 42 42
269 Yuge Niu 16 706 99 93 59 57 44
270 Jian Zhou 13 696 120 86 60 54 50
271 Bin Chen 13 687 95 93 47 40 36
272 Ming YANG 15 674 74 42 38 38 28
273 Xiaolin Huang (黄晓霖) 13 666 58 39 37 28 27
274 Leyun Wang 14 658 138 96 72 49 38
275 Yuan Deng 14 652 83 78 51 51 47
276 Xuesong Li 12 643 109 75 63 60 59
277 Ilya A. Vinnikov 9 643 312 65 64 39 37
278 Shixiao Fu 14 642 75 35 31 28 25
279 yansong zhang 14 641 57 45 43 42 42
280 Yinfeng Li 9 639 327 114 34 30 21
281 Hui Yu 16 638 84 69 57 41 41
282 Fangjun Hong 13 631 90 66 58 56 50
283 Yegao Qu 15 629 65 58 53 50 45
284 Peiyun Yi 14 624 99 54 36 29 27
285 Liang Hong 13 622 75 59 57 57 55
286 Shou-Hang Bo 15 617 126 55 52 44 43
287 Xiao LIU (刘晓) 14 616 180 48 34 33 28
288 Yin-Ning Zhou 16 615 69 54 34 32 27
289 Tao Wang 6 612 226 111 91 83 70
290 DU Jiangbing 13 611 84 52 49 37 35
291 He, Hao 15 601 61 39 34 34 33
292 Hao Hu 10 598 76 59 58 44 38
293 Bo Jiang 9 585 316 89 32 28 23
294 Yongxiang Hu 13 580 133 71 50 43 43
295 Qian Bian 9 580 157 125 69 62 51
296 Donghan Feng 13 580 148 37 25 20 18
297 Shichang Du 15 576 45 34 34 33 32
298 Tongsuo Wu 14 568 60 35 34 32 32
299 Xiaoyan Su 14 567 92 61 47 45 41
300 Zhimin Huang 14 567 93 68 63 46 44
301 Li Jiang 10 562 105 85 83 67 37
302 Jia Lin 14 554 86 83 49 43 41
303 Yiyin Wang 13 547 78 60 55 31 31
304 Chao Li 11 543 91 88 49 39 34
305 Xiaolei Wang 11 537 169 75 64 43 38
306 Yi Mou 13 536 69 58 56 46 44
307 Jingwen Leng 7 535 369 75 22 21 17
308 Xuhan Dai 11 526 137 85 39 30 25
309 Zhenghong Guo(郭正洪) 14 526 96 43 41 35 34
310 Guang-Yu Yang 12 514 120 92 47 33 29
311 Yubin Xia 11 511 112 61 44 38 37
312 Zhengwu Shen 13 504 56 35 32 29 23
313 Kolan Madhav Reddy 12 504 86 66 50 41 34
314 Chao Ping Chen 13 500 47 38 29 25 25
315 Shouqiang Huang 12 498 106 73 47 40 35
316 Fujun CHEN Ph.D. 7 496 184 97 79 52 32
318 Lei Zhou 12 476 98 39 39 35 29
319 Wei-Long Zheng 12 476 96 76 39 34 27
320 Shuai Gong （龚帅） 9 476 109 93 91 49 27
321 Yu Liang Wang 9 475 140 60 56 43 26
322 Xiaolin Wang 9 474 228 50 44 34 27
323 Wenbin Song 13 474 88 88 65 39 29
324 Xue-Cheng Xi 12 473 107 50 49 47 30
325 Lianchi Liu 8 468 169 58 40 35 25
326 Jian Gang JIN 13 467 69 61 50 42 38
327 Lei Zhang 9 460 133 60 58 53 49
328 Qiang Zou 11 459 100 68 45 36 26
329 Yuanjie Fan 8 457 144 138 74 23 23
330 Jinbei Zhang 10 456 176 66 41 36 17
331 Wei Li 9 455 137 64 56 34 33
333 zhe chen 13 454 66 39 35 27 25
334 Bin Chen 14 450 46 41 35 30 30
335 Xiuchang Huang 12 449 78 58 32 30 23
336 Liangjun Lu 12 443 58 51 43 36 29
337 Huijin Xu 12 443 85 55 52 32 24
338 Lechun Xie 12 435 117 40 32 28 21
339 Hao Qiu 11 428 135 72 33 30 22
340 Jianhong Shi 12 418 95 39 32 31 30
341 Ran LIU 9 415 129 69 38 34 28
342 Paul Weng 12 412 40 37 33 27 24
343 Weijun Wei 10 412 105 63 40 37 35
344 Dongkai Xu 11 411 59 54 51 50 27
345 Wenkang Huang 12 411 52 47 46 44 41
346 Jian He 9 411 99 49 42 40 21
347 Jiajun Gu 11 410 102 75 47 34 30
348 Dr. Jinyang Xu 10 407 78 57 48 43 31
349 Qingwen Liu (刘庆文) 12 407 41 37 34 34 24
350 Yongxing Shen (沈泳星) 10 399 135 69 33 29 23
352 Jun Li 11 395 68 62 36 34 30
353 Hailong Liu 10 392 112 70 50 47 24
354 emmanuel monod 11 391 65 56 36 23 18
355 Diwen ying 11 387 69 47 46 36 34
356 JingZheng Huang 10 386 98 73 62 33 22
358 Wan-Yang Gao 11 375 62 58 33 20 20
359 Jin-Jin Li 11 373 69 54 49 25 25
360 Yong Wang 11 368 71 48 46 45 37
361 Yaokun Wu 11 365 36 36 33 23 20
362 Futai Zou 10 362 64 57 36 26 25
363 Haomiao Xu 11 360 66 33 25 23 22
364 Juanru Li 10 352 89 35 27 22 20
365 Yanwen Shen 9 352 105 47 39 34 29
366 Xiao-Feng Shao 12 352 55 34 27 24 22
367 Linpeng Tang 7 350 137 61 47 43 14
368 Ruifeng Zhang 9 349 104 44 38 36 20
369 Suming Weng 10 348 43 40 36 18 17
370 Peida Xu 9 345 92 63 45 25 24
371 贺兴 Xing HE 10 343 63 42 33 32 25
372 Zhang Dali 10 335 62 57 45 32 26
373 Daxu Zhang 11 335 37 34 33 30 24
375 Min Tang 10 330 90 43 28 21 20
376 Yang Yang 10 323 63 49 38 37 14
377 YI XIONG 10 322 74 48 42 24 22
378 Zhiguo Lü 10 320 53 39 34 21 18
379 Yuanlin Zheng 10 320 36 23 16 16 15
380 Xueping Zhang 10 318 43 35 34 30 22
381 Tangbin Xia 9 315 58 55 31 31 29
382 Zhinan Zhang 10 314 30 23 18 16 15
383 Danping Zou 8 313 95 41 32 31 28
384 虞 国富 9 309 76 66 20 15 11
385 Xijun Ke 7 308 94 76 38 23 16
387 Yang BAO 6 304 93 83 40 38 27
388 Yu Long 9 298 102 26 17 16 16
389 Zhenni Feng 5 297 192 45 39 9 8
391 jifeng luo 6 288 183 46 16 13 11
392 Tian Tan 10 286 55 50 40 36 25
393 Samuel Drapeau 9 285 108 25 21 17 17
394 Sheng-Yi Zhong 9 282 52 30 27 25 23
395 Wei Tang 8 281 47 41 33 20 19
396 Zhibin Ling 10 279 19 16 15 15 14
397 Shanying Zhu 7 272 87 87 38 31 19
399 Xinchang Wang (王新昶) 10 268 38 29 21 17 16
400 Aidi Zhang 7 267 139 36 19 15 14
401 Zhenwei Yao 9 263 52 36 21 21 17
402 Douglas Zhou 11 261 31 30 24 19 18
403 Bing Zhao 12 258 37 34 24 19 18
405 Jun-lian YIN 8 257 48 28 26 20 17
406 Hongli Peng 8 254 47 28 27 26 13
407 Tao WANG 7 251 75 21 20 20 19
408 Long Zheng 8 250 43 27 24 18 14
409 Xinwu Liang 10 249 36 27 25 24 22
410 Xue Jiang 10 248 34 31 28 27 18
411 chunxing gu 9 247 35 28 23 16 15
412 Enmei Tu 9 244 45 39 29 20 18
413 Bingbing Zhao 6 244 89 44 42 28 14
414 Dr Chandrababu Rejeeth 8 242 89 66 19 12 10
415 yonghua zhu 8 242 42 38 37 31 27
416 Jiaqing Zhao 8 242 41 33 20 19 18
417 一飞 赵 8 238 26 17 14 11 11
418 Mingdong Zhou 10 237 59 26 23 22 22
419 Gang Xiong 8 237 26 19 18 16 12
420 Quanjun Yang 9 236 50 16 14 13 12
422 Hamid Reza Jafari Nodooshan 9 234 47 41 28 27 23
423 Wei Ye 9 231 38 29 23 16 16
424 Qiaoni Han 10 229 39 33 31 18 18
425 Xiang Yin (殷翔) 9 228 29 26 22 19 15
426 Shane Johnson 7 227 81 41 30 16 12
427 Bin LIU 7 226 100 16 13 11 10
428 Botao Wang 7 224 112 23 15 13 11
429 bhaskar rao 9 219 65 27 27 22 20
430 Ke Wu (吴科) 8 216 88 32 19 14 12
431 Junhui Qian 9 213 37 29 28 22 20
432 Shifei Yuan 7 210 96 26 19 15 13
433 Genliang Chen 9 209 39 27 19 18 12
434 Weishu Liu (刘维树) 8 208 46 43 33 17 17
435 Yun GU 7 205 41 37 31 28 11
436 Mehran Habibi 9 202 60 34 24 19 12
437 Chentao Wu 7 201 49 44 20 19 16
438 Yuanyuan Zhang 8 209 27 22 16 14 12
439 Hanyang Ma 7 198 70 47 21 17 9
441 Gabriel Alfranca 8 194 38 38 31 27 23
442 Qinhong Zhang 8 193 48 42 28 14 12
443 Deepanjali Dattatray Gurav 7 193 107 19 16 15 13
444 quanwen pan 7 192 39 37 29 27 27
447 Jinglai Li 7 183 54 26 19 14 12
448 Zhe Xu 6 183 68 34 30 18 12
449 Guoqiang Li 7 180 22 19 15 10 10
450 Zheng Xu 7 179 38 36 28 24 17
451 Qingdong Liu 8 178 23 17 15 15 15
452 XU Jun 7 174 49 34 28 28 12
453 Gang Li 6 174 77 28 17 16 9
454 feng xie 7 172 40 28 14 12 9
455 Shi-Cong Tao 8 172 30 26 22 19 14
456 L. Layne Guo 8 171 37 27 22 20 16
457 Fei Wen 8 171 28 15 13 12 12
458 Zhiwei Xu 8 169 43 26 21 14 13
459 Yinzhao Wang 7 168 37 32 30 19 13
461 Yueqi Luo 7 166 27 26 25 20 18
463 Zhang Dao-Feng 8 165 17 12 11 11 11
464 Xi Qu 5 165 86 34 16 9 7
465 Tian Huang 8 162 23 17 16 13 13
466 Shanhui Zhao 7 162 40 30 27 21 14
467 Ji He 8 153 25 19 16 15 14
468 Zhipeng Li 7 153 23 23 22 19 18
469 Yu Cai 6 152 53 42 13 12 10
471 yang pan 7 150 36 20 15 14 13
472 Jiani Zhu 4 149 81 45 9 6 3
474 Wenkai Jiang 7 147 33 30 19 18 15
475 Mohammad-Reza Ahmadian-Yazdi 6 147 60 33 19 9 8
476 Wei Dong 6 141 56 23 14 13 11
477 Yixin Cao 8 138 25 20 19 19 16
478 Fuxiang Ye 6 138 35 26 15 14 12
479 Zheng Zeng 6 136 37 31 21 10 8
480 Yi Jun Wang 6 136 59 24 14 11 9
481 Jiuchao Qian 6 136 54 31 14 8 7
482 Cheng Yang 6 135 42 21 21 16 13
483 Dalei Pan 7 134 33 21 17 12 9
484 Peyman Jahanshahi (PhD) 6 133 42 19 13 13 9
485 Wei MA 6 132 27 25 19 17 7
486 Ye Liu (刘烨) 6 132 36 20 15 13 11
487 Chun-Xia Li 6 132 42 21 17 13 6
488 Jiyou Li 6 131 47 25 21 11 6
489 Zhongpai Gao 7 130 23 12 11 10 9
490 Xinyi Le 5 127 42 38 10 6 6
491 Shengzhe Zhang 5 126 43 24 20 12 10
493 Binquan Kou 7 123 25 19 19 16 14
494 Shibei Xue 5 121 57 20 8 8 6
495 Meng-Han Hu 7 121 21 15 11 11 10
496 linjun lu 6 121 13 10 10 9 7
497 Haiying Che 4 120 55 39 14 5 4
498 Yunkun Deng 7 119 24 19 16 13 11
499 Qi Liu 5 119 66 17 14 8 5
500 Jianwei Liu 6 118 30 21 21 12 9
501 Na RUAN 5 118 32 26 8 6 5
503 Xiao Yu 6 116 26 16 14 11 11
504 Zhiqiang Wang 6 114 23 19 13 13 10
505 Ran Huang 6 114 25 22 13 13 10
508 Julie Lei Zhu 6 111 36 14 12 12 10
510 ghulam sarwar kaloi 6 110 24 22 18 8 8
511 lei zhou 5 110 33 25 11 7 6
512 Weipeng Li 7 108 21 17 16 16 11
513 Boxiang Wang 5 108 25 17 14 14 11
514 Dameng Deng 6 108 26 21 14 8 7
515 Bohui Wang 6 108 20 18 17 11 10
516 Li-Tao Zhu 4 107 49 23 13 9 4
519 Jing Xiong 7 105 21 12 12 12 12
520 Ruobing Jiang 7 104 22 21 11 10 10
521 Wei Pan 6 103 19 18 16 11 9
523 Kai-Ming Hu 5 103 30 22 14 9 5
524 Yanan Sun 5 103 28 20 15 11 10
525 Kan Ren 5 102 26 25 19 9 8
526 Shi-Feng Sun 5 102 18 17 14 11 8
527 Li Yang 7 102 27 12 12 10 8
528 张先刚 4 101 48 19 10 4 4
529 Wei Guo 6 101 38 18 13 11 9
530 Hanyang Zhuang 6 101 25 23 15 15 11
531 XINLIANG TIAN (田新亮) 5 101 22 20 12 11 5
533 Chong He 5 99 23 16 16 14 7
535 Binjie Qin 5 98 20 18 11 9 5
536 Ning Xie 6 98 37 11 11 11 10
537 Mohammad Mirzaie 6 97 37 16 13 10 9
539 Durga Prasad Bavirisetti 4 96 32 31 9 8 4
540 Haowei Jiang 7 95 21 14 12 11 9
542 王骏Wang Jun 6 94 21 20 15 10 7
547 Lu Chen 5 92 30 22 16 7 7
548 Su Zhu 5 92 30 22 16 11 7
550 James Fullwood 5 91 50 17 10 6 5
552 Fan Cheng 6 91 20 17 14 12 7
554 Tao Ren 5 90 26 22 14 7 5
555 Zhenguo Zhang 6 90 19 16 12 11 10
556 Liang Wu 7 90 17 15 13 13 9
557 Jian-Song Pan 5 90 38 14 10 9 9
558 Xiaoyuan Xu 5 88 24 14 14 7 6
559 Guiyuan Fu 4 87 35 21 15 5 4
561 Chengjie Xia 5 84 25 19 19 10 9
562 Projjwal Banerjee 4 84 60 11 8 4 1
563 Liyang Hou 5 83 18 12 6 5 5
564 Lu Zhang 5 83 19 16 11 10 5
565 Yuqing Zhang 5 83 26 21 11 9 5
566 Lizhi Pan 4 82 30 18 16 4 4
568 Sharmin Jahan 5 82 25 13 10 10 5
572 Chenxi Yan 6 80 18 16 14 9 9
573 Minwei Yang 5 80 23 17 14 10 10
574 Ruolin Wang 5 80 41 10 9 6 5
575 Li Zhang 6 79 14 10 10 8 7
577 Khalil Ismail Khalil Yousef 6 77 15 13 13 10 10
578 Haibo Li 5 77 20 13 11 10 9
579 Jianli Xiao 5 76 25 12 12 11 8
580 Chenxing Yang 5 76 25 14 12 8 7
581 Qiaofeng Li 3 76 41 10 7 3 3
582 Daniele Sartori 5 76 17 16 12 11 6
585 Kexin Xiao 6 74 20 19 10 9 7
586 Min Zhong 5 73 18 14 10 9 9
587 Feifei Chen 6 73 18 18 9 8 7
590 Huaxin Li 4 72 31 13 10 4 4
591 Songtao Hu 6 72 15 9 8 7 6
594 Cheng Wang (王成) 5 69 16 12 11 10 9
595 Guang Yang 6 69 24 9 8 7 7
599 Guang Yang 5 67 21 14 12 11 5
600 Wenzhi Wang 3 66 25 18 6 3 3
601 Qiang Xia 5 66 17 14 8 5 5
602 Xiaohui Zhao 5 66 12 10 7 7 7
603 Tao Song 3 66 36 22 3 2 2
604 Lichi Zhang 5 65 15 9 9 6 5
605 Weichao Guo 6 65 17 13 8 7 6
606 Yuanshen Zhao 5 65 15 15 11 7 5
607 Seyed Amin Rahimzadeh 5 64 22 12 12 12 6
609 Sunghan Ryu 4 63 34 7 5 5 4
611 Feier chen 5 63 8 8 7 6 6
612 Akbar Majidi 4 63 16 16 11 10 4
613 Ji, Luo 5 62 27 10 9 6 5
615 Dr. Amit Pratush 5 61 16 8 7 6 5
616 Arleen Ionescu 3 60 28 5 4 3 3
619 Lei Wang 5 58 16 11 7 6 6
620 Cheng Li 4 58 20 16 12 6 2
621 Bingqian Zhu 4 56 14 13 10 10 3
622 Bo Wang 4 54 25 8 7 6 4
623 Gaoming Zhu 5 54 21 7 7 5 5
625 Bin Chen 5 54 10 8 7 5 5
626 LI Ming 4 53 21 8 6 4 4
627 Shiqian Chen (陈是扦) 5 53 17 11 6 6 5
628 JI Xiang 4 52 21 12 9 4 2
629 Wentao Zhou 4 52 16 9 7 5 4
630 Wei Liu （刘伟） 4 52 15 11 8 4 4
632 Fanghui Liu 4 51 10 7 6 5 4
633 Diankai Qiu 4 50 24 8 7 5 2
634 Honghao Hou 4 50 11 11 9 4 4
635 Haibin Shao 5 50 12 8 6 6 5
637 Lei Chu 4 49 18 11 5 5 3
644 Yunwu Ma 4 47 17 10 10 4 4
646 Manzhao Hao 5 45 9 9 7 6 5
647 Ke Quan 3 45 15 13 11 3 2
648 Kai-Jia Sun 5 45 14 8 7 6 6
649 Feng Dong 3 44 13 11 7 3 3
650 Govindarajan Prasanna 5 44 8 7 7 7 5
651 Yun Long 4 44 9 5 4 4 4
652 Zhixuan Wei 4 43 17 8 5 4 3
654 Weixing Chen 5 43 10 7 7 7 5
655 Bozhong Liu 5 43 10 8 7 7 5
657 Lingrong Zhao 3 42 30 4 4 3 1
658 Zhehuai Chen 4 42 10 9 8 6 3
660 Nailong Wu 2 41 24 14 2 1 0
661 Guangzhen Li 4 41 11 8 7 6 4
664 Kuo Zhang 4 41 6 6 6 5 4
667 Bowen Ji 3 40 23 4 3 3 2
668 James Lin 4 39 10 4 4 4 3
675 Xiao Yang 杨晓 4 36 8 8 6 5 3
676 Dao-zheng Huang 4 36 9 7 7 4 3
677 Zhengxi Chen 4 36 11 8 4 4 2
679 Zhuosheng Zhang 4 36 8 4 4 4 4
681 Dr. S K Ghorui 3 35 15 4 3 3 2
686 Juan Li 4 34 10 9 6 4 2
697 Congcong Fang (方聪聪) 4 30 7 7 6 4 3
698 Lindong Guo 2 30 22 2 2 2 1
701 Haiyun Xin 3 29 6 6 4 3 3
704 Yanfei Deng 3 29 11 6 6 2 1
708 Jianfeng Ding 3 28 9 8 4 3 2
709 Yi Chen 3 27 16 5 3 2 1
715 Shuyi Lin 3 27 10 9 8 0 0
719 Frank Xu 3 26 17 5 3 1 0
721 Min Ju 3 26 9 7 5 2 1
723 Shuo Yang 3 25 11 5 4 3 1
724 Mingjie Jiang 2 25 17 7 1 0 0
728 Dian Chen 2 24 13 9 1 1 0
729 Zhongliang Xie 解忠良 3 24 6 4 3 3 3
731 Zhenqi Wei 3 23 10 4 3 2 2
736 Chenming Jiang 3 22 6 5 3 2 2
739 Pengcheng. Zhou 2 21 16 3 1 1 0
742 Xinxing Yin 2 20 9 3 2 2 2
746 Jia-Jun Ma 3 19 7 4 3 2 1
747 Shengan Zheng 2 19 9 7 1 1 1
754 Ahmed M.Mikaeil 3 17 6 4 4 2 1
755 Yi-Chao (Stephen) Wang 2 17 10 4 2 1 0
761 Sohaib Tahir 3 17 4 4 3 2 2
763 Yikun Yang 3 17 4 4 3 2 2
770 Liang Li 2 15 7 3 2 1 1
773 Ramphul Kamleshun 2 14 9 5 0 0 0
774 江丙云 2 14 5 4 2 2 1
798 Xiaodong Meng 2 9 5 2 1 1 0
816 Rockwell F. Clancy 2 7 5 2 0 0 0
824 Jie Li 1 6 4 1 1 0 0
825 Yan Fu 1 6 4 1 1 0 0
830 Syed Baqar Hussain 2 6 4 2 0 0 0
833 hamed vafaei Molamahmood 1 5 4 1 0 0 0
838 Yaoyu Hu 1 5 3 1 1 0 0
842 Ruiyun Zhang 1 5 2 1 1 1 0
845 Yabo Xue 2 4 2 2 0 0 0
846 李主斌 1 4 1 1 1 1 0
856 XIN ZHANG 1 3 2 1 0 0 0
