1 Qi Zhang 58 31870 9318 2565 2370 547 353
2 Jiannan Yang 60 30851 2440 960 749 492 320
3 Chen, Min-Shan 67 22453 1376 1264 484 333 311
4 Qiang Zhang （张强） 61 19518 909 743 406 298 264
5 Weizhong Li 16 15352 5259 2759 2424 1399 1291
6 Xihong Lu 66 14633 833 701 628 530 528
7 赵育林(Yulin Zhao) 38 13630 6436 767 522 469 290
8 Wen-Jun Li 46 12108 519 484 437 348 253
9 Xia Li 58 11908 657 597 368 336 333
10 Zhili He 58 10399 538 271 255 233 216
11 Yongjiu Dai 38 9560 1771 1013 973 598 382
12 Hu Xiaopeng 44 9369 266 165 146 133 121
13 Anlong Xu 46 9268 949 436 428 402 275
14 P. H. T. Tam 44 9123 699 642 623 523 407
15 shuanjin wang 44 9118 2062 932 281 190 146
16 Song Yang 44 8943 1653 546 487 415 393
17 Tan Cai-Ping 27 8565 6431 169 167 147 135
18 Ming Li 23 8223 113 103 78 62 50
19 Zexian Liu (刘泽先) 21 8107 6438 280 168 155 148
20 Minghao Yu 42 8018 833 628 573 528 405
21 Zhu Yapeng 21 7745 244 128 100 74 63
22 Yuanqing Zhang 44 7696 728 514 209 148 144
23 Zhenguo Chi 44 7136 776 368 283 216 206
24 Shengwei Liu 36 7054 845 619 501 418 381
25 Ching-Hsing Luo 27 6503 1778 1601 486 158 133
26 Huanjun Chen 39 6146 789 764 305 277 269
27 Mingmei Wu 43 6044 347 344 270 203 191
28 Hongsheng Wang 41 5743 477 286 267 210 177
29 Zibin Zheng 39 5724 523 398 313 250 236
30 Yunong Zhang 38 5712 255 238 195 177 150
31 Qingxiang Li 33 5448 822 623 505 487 223
32 Yunfei Yuan 39 5362 588 325 311 267 207
33 Fangguo Zhang 33 5347 619 529 353 170 165
34 Meng Yang 22 5247 1378 727 531 461 288
35 Jian Zhang, Jason 32 4695 374 292 289 272 232
36 Lizhi Liu 31 4648 390 352 309 284 226
37 Jun Wu 33 4587 1102 347 295 249 226
38 Shilei Xie 32 4573 628 405 399 363 341
39 Xiaoping Liu 38 4364 143 137 116 109 107
40 Tien Ming Lee 27 4173 932 530 327 325 259
41 Jun Zhang 33 3774 330 262 233 229 207
42 Xuchun Gui 29 3738 905 219 178 174 162
43 Jun-Liang Liu 33 3665 297 265 239 160 145
44 jun li 26 3445 361 300 286 277 262
45 Zhixiang Zuo 19 3305 1086 737 235 202 146
46 Jian Ren 23 2825 536 356 270 201 168
47 JY Zhou 29 2810 154 139 132 105 103
48 nan yao 19 2784 687 282 251 209 204
49 Changqing Yin 24 2734 374 254 254 178 154
50 Junqi Shi 26 2607 289 226 153 145 124
51 Song Huawei 23 2523 236 227 214 212 185
52 Xinyue Zhou 27 2491 374 267 148 106 100
53 Jian-Hua Yang 17 2428 686 432 241 144 136
54 Xiaoqi Zhou 18 2419 653 628 165 157 114
55 Chao Zhang 25 2377 321 230 132 104 99
56 Yabo Xu 22 2364 333 266 194 129 111
57 Z.F. Li (李仲飞) 26 2351 140 132 106 92 87
58 Ye-Tao Tang 25 2351 357 135 129 96 89
59 Hualiang Lin, MD, PhD 29 2303 152 116 92 73 68
60 Juntao Li 李俊韬 24 2245 528 154 119 118 102
61 Di Wu 23 2201 181 170 150 136 127
62 LI Feng-Chen 26 2140 124 112 94 85 79
63 heping li 25 2057 220 129 103 100 77
64 Yuedong Yang 24 2052 194 166 164 141 121
65 Zhenyu (Kevin) Yang 21 2045 384 178 172 149 130
66 Xin Li (李昕) 15 2039 501 293 213 201 188
67 MIAOZHEN QIU 29 2006 122 88 81 79 74
68 Weiqi Luo 18 1997 515 338 190 171 109
69 Qing Ling 23 1963 250 222 125 122 81
70 chongjun jin 20 1950 331 214 154 115 115
71 Jie Gong 19 1925 706 289 93 78 76
72 Jun Gong 25 1924 109 98 89 75 73
73 Chuan Liu 25 1920 270 137 81 75 65
74 Xuelin Tian 17 1908 788 147 128 105 70
75 Chaohong Lee 23 1897 240 119 116 106 104
76 Cunrui Huang 22 1870 204 138 115 107 102
77 黄存瑞 22 1862 204 138 115 107 102
78 Jian-Rong Yang(杨建荣) 13 1788 588 325 193 168 99
79 Zhiyong Yang 22 1763 186 171 127 108 108
80 LAI, De-Hua 16 1761 500 296 202 140 103
81 Jingyun Fang 18 1754 297 207 149 137 131
82 Yang-Fan Xu 21 1730 319 178 124 116 109
83 Min Li 18 1710 371 303 169 122 81
84 Zhenwei Peng 22 1700 258 163 119 114 107
85 Xu Chen 21 1698 292 218 116 91 59
86 连玉君 (Yujun Lian) 21 1660 173 146 126 96 82
87 Chun-Ting He 22 1654 246 129 91 89 84
88 Rui Zhang 20 1653 196 184 137 130 114
89 Jian-Feng Li 16 1641 647 173 142 88 82
90 Cong Liu 20 1625 280 244 148 131 103
91 Kai Yan, Ph.D.,Professor 24 1615 220 139 117 114 89
92 zhang nu 16 1610 309 308 206 167 140
93 Guan-Zheng Luo (骆观正) 19 1581 243 137 121 101 92
94 Meng Wang (王猛) 22 1573 182 129 124 103 80
95 Bao-Ming Chen (陈宝明) 19 1538 237 135 92 85 76
96 Suhua Li 17 1537 247 208 168 139 112
97 Xinyuan Zhao 15 1515 383 249 113 89 81
98 Xiao Ma 20 1474 204 172 56 44 44
99 Guoli Wang 18 1458 89 83 75 62 55
100 Jun Cui 19 1423 185 159 106 85 80
101 Shaohong Liu 16 1415 435 233 158 90 60
102 Jianying Shi 16 1396 312 153 152 139 99
103 Zebao Rui 23 1395 96 83 72 71 68
104 Tao Zhang 18 1388 130 125 117 115 111
105 Yong Zhao 18 1357 180 166 112 83 80
106 Zhi Xie 19 1356 287 148 110 100 90
107 Shushang Zhu (朱书尚) 14 1352 343 168 138 127 88
108 Shaoqing Chen 19 1347 203 143 101 66 66
109 De-shen Wang 22 1320 122 88 81 79 74
110 Meicun Yao 20 1301 134 91 71 45 42
111 Jianwen DONG 21 1299 164 92 52 51 49
112 Yuren Zhou 16 1278 230 217 137 96 54
113 Lihua Yang 18 1263 214 94 67 67 56
114 Chaozhi zhang 20 1262 80 75 69 62 54
115 Heye Zhang 16 1261 334 86 71 53 45
116 Xiantai Zhou 21 1254 92 78 66 62 46
117 Zhengjia Dai 15 1252 264 157 150 103 97
118 Xiangui Kang 14 1240 375 130 88 83 75
119 Jia-Rui Sun 18 1216 98 59 59 51 49
120 Hanjun Liu 20 1210 113 88 88 88 62
121 Qiao-Ping Wang 11 1207 415 296 125 106 92
122 Hai Zhu 17 1198 217 177 104 79 79
123 Peng Shao (邵鹏) 13 1177 432 197 136 125 42
124 Pengfei Zhao (赵鹏飞) 10 1161 370 228 159 98 87
125 Zhang-Kai Zhou 16 1155 331 90 84 61 55
126 Junhong XIA （夏军红） 19 1129 89 89 74 73 52
127 Jie Yao 12 1129 227 189 112 109 108
128 suhong zhou 18 1113 130 85 60 57 53
129 Lin Feng 14 1094 163 129 127 110 95
130 SHAODONG HONG 16 1087 171 116 108 95 56
131 Jian Zheng 18 1077 85 61 60 59 59
132 Qiong Gu 18 1070 86 67 42 41 40
133 Fan Li 16 1057 107 74 67 61 50
134 Yanhong Wei 17 1055 139 103 83 80 78
135 Shaojian Wang 18 1055 132 114 89 73 54
136 Jianlin Feng 9 1052 382 239 135 104 59
137 Qing-Yuan Yang 15 1050 176 112 92 87 80
138 Yongchao Huang 18 1046 129 94 91 87 68
139 Sheng YE 17 1031 275 106 93 43 41
140 Junjun Ding 11 1028 419 265 112 93 30
141 Xijun Wang 17 1019 61 60 57 47 42
142 Yan Pan 13 1018 280 263 107 41 39
143 Yanping Liu 14 1018 186 131 83 76 69
144 Jun Huang 8 1003 588 125 88 61 43
145 Yanqing Hu 15 972 124 123 97 92 63
146 李若建 15 971 37 26 25 24 24
148 Hong-Bin Wang 14 949 286 142 66 59 59
149 Ze-Liang Xiang 9 937 672 61 50 45 39
150 Minghua Xia 17 913 100 73 59 59 48
151 Ying-Hui Zhu 18 896 144 79 74 59 50
152 Xiaoli Huang 12 889 282 154 101 81 48
153 袁洋 17 886 69 61 53 52 49
154 Jian-You Liao 13 880 197 159 149 92 68
155 Hanjiang Lai　(赖韩江) 12 871 280 263 47 45 41
156 Junjiu Huang 13 858 284 91 71 66 55
157 Shao Yong Zheng 19 858 74 47 37 37 35
158 Wenkai Li 14 844 190 141 94 85 53
159 Weigang Wu 14 838 298 68 42 38 27
160 Hong Pang 14 818 106 50 45 30 24
161 WAN YUE 16 795 104 104 79 59 57
162 Kai Liu 17 757 90 65 45 42 42
163 Wei Shangguan 10 753 160 148 106 96 88
164 Zhiyong Lin 12 745 205 127 96 85 52
165 Guochao Peng 12 745 100 79 79 78 74
166 Quanzhong Li (李全忠) 16 732 84 80 58 39 35
167 xiaosheng he 12 707 76 70 66 58 57
168 Yulin Zhao (赵育林） 15 698 62 51 42 39 36
169 Chang-Dong Wang 15 687 68 60 38 37 33
170 Xueqin  Wang 15 686 152 56 52 33 29
171 Hongyang Chao 13 680 214 70 25 25 21
172 Hexiang He 11 680 146 128 117 92 40
173 Yan Zeng 15 678 92 79 65 50 43
174 Tian, Yuntao 17 674 70 58 49 47 41
175 Shengfu Tong 11 671 206 92 63 56 48
176 Zhipeng Gu 16 664 67 51 40 39 38
177 Longshan Liu 15 658 113 38 35 31 27
178 Weiliang Wang 15 642 81 77 47 38 37
179 Zhi-Jin Zhong 钟智锦 10 642 144 122 116 62 52
180 Wei Qin 15 638 93 81 52 46 45
181 Guoli Wang（王国利） 14 618 51 48 40 33 31
182 Heng Liu 12 617 133 82 44 32 32
183 Xiaojun Quan 13 609 80 55 52 50 50
184 Doris Chenguang WU 10 607 166 107 77 70 46
185 Chun-Mei Zhao 9 604 168 132 106 74 44
186 Zetao Chen 12 598 99 76 66 54 52
187 Cansheng Zhu 15 597 89 70 57 55 39
188 Liu Qiang 13 592 104 74 57 42 40
189 Renxin ZHONG 11 588 170 105 72 29 28
190 Yuanchao Li 13 581 137 68 59 52 44
191 Guanbin Li 9 575 228 146 46 29 23
192 Yabin GUO 6 574 325 91 61 29 25
193 Ming Pan 17 571 61 40 37 33 29
194 Dongsheng Guo 12 557 85 44 34 29 26
195 Liubin Pan 14 550 59 53 50 47 39
196 Kai Wang 12 546 113 48 35 30 28
197 Liu Yang 13 544 82 28 26 24 22
198 Jun Yue 13 544 89 54 52 52 50
199 Hankz Hankui Zhuo 13 543 106 71 39 31 29
200 Yuying Meng 9 536 163 61 56 53 50
201 Peng Sun (孙鹏) 10 536 92 80 63 55 48
202 Jingheng Wu 11 534 203 50 39 39 32
203 ZHENMING JI 12 533 135 49 45 40 39
204 Suprabh Prakash 11 533 65 61 57 52 40
205 Jianping Guo 11 512 199 46 28 23 19
206 Yingpeng Sang 11 508 150 53 38 35 30
207 Lvzhou Li 14 504 62 58 36 31 28
208 Zhu Mao 7 499 186 86 80 61 28
209 谢向生 11 494 61 58 51 38 34
210 lingling zheng 12 493 90 66 43 36 34
211 Feng Gan 11 490 123 93 56 26 22
212 Jin Wu 11 488 109 70 66 46 26
213 Hu Ge 12 483 67 59 44 42 42
214 Zhenhuan Liu 12 483 122 44 33 32 30
215 Guomei Zhou 11 482 103 72 50 45 35
216 Chengbiao Yang 10 480 141 87 55 33 32
217 Xiaoming Zhang 13 472 59 35 31 30 29
218 Dong Ren 11 459 84 72 69 63 42
219 Tongtiegang Zhao (Tony) 12 452 64 48 47 44 37
220 Xianzhong Lin 13 449 74 51 48 35 33
221 Ye Liu  刘 晔 12 449 92 43 38 35 29
222 Xuepeng Zhang  (张学鹏) 10 435 80 69 51 47 29
223 Yanjun Bao (包燕军) 8 431 211 40 37 35 35
224 lei zhao 11 428 76 49 47 35 32
225 Chuan-Xian Ren 11 417 67 58 51 40 27
226 Liqian Gao 13 412 56 44 32 31 27
227 zhanhong chen 12 409 55 54 37 37 27
228 song bin 8 402 90 79 53 52 51
229 Jiahao Yan 9 400 90 67 51 46 26
230 Haibo Tian 11 397 50 32 27 26 26
231 Bin R. CHEN 9 397 39 36 35 32 26
232 Guixing Chen 10 387 71 44 39 38 31
233 Xiaohua Xie 7 382 113 80 64 48 19
234 Andy Jinhua MA 9 375 73 71 62 43 25
235 Long Chen 10 375 93 50 36 26 24
236 Tongtong Xuan(宣曈曈) 13 373 65 31 25 25 23
237 Chufan Luo 11 372 95 49 34 33 30
238 Yanshuo Jin 8 369 199 52 31 23 18
239 Yujie Yuan 14 367 43 33 30 22 19
240 Xiaolei Shi 8 367 147 59 39 28 18
241 Dongyu zhang 9 366 72 47 46 39 38
242 wei xia 10 359 79 50 40 40 36
243 Yimin Chen/陈逸敏 11 354 80 59 48 36 28
244 KAIRONG LIN 10 353 42 34 30 25 25
245 OuYang PY (OuYang Pu-Yun, OuYang Puyun) 10 346 94 29 27 19 19
246 Jing Zhao 5 333 163 83 39 24 12
247 Kun Wang 11 331 43 40 39 32 31
248 Keze Wang 7 328 132 50 38 36 22
249 WANG, Shanquan (Alan) 8 311 56 56 41 39 18
250 Liuan Li 9 302 45 29 23 22 19
251 Haiyan Yan 8 297 36 27 25 12 11
252 Xiao-Dong Chen 7 289 164 51 23 17 12
253 Jiahao Huang 8 283 119 56 17 16 13
254 Jie Liao 10 282 44 37 31 25 25
255 Xia Pan 8 281 58 55 45 26 15
257 Huashan Li 9 269 64 27 26 21 19
258 yunfei du 7 269 80 39 28 24 13
259 weixiong xia 10 268 41 30 28 20 16
260 Haoyang Li 11 268 36 34 25 25 17
261 Ruchun Li（李如春） 9 266 70 46 39 26 23
262 Jianhui Du 9 265 44 28 27 25 23
263 Zhi Wang 9 261 58 54 33 18 14
264 Jianxiu Qiu 9 252 87 26 19 18 18
265 Yuhui Liao 8 251 79 69 25 19 14
267 Ming Yan 9 248 78 40 33 22 16
268 Najbul Hoque 9 248 58 39 32 25 20
269 Decai Ma 9 240 32 25 22 18 18
270 Ancong Wu 5 237 98 90 21 11 7
271 Tan Jin (金檀) 7 232 87 30 19 18 17
272 LUO Ming (罗明) 7 231 101 33 18 16 14
273 Jianyong Zou 10 229 35 22 20 18 18
274 Dr. Ganghua Chen 8 227 80 37 34 18 12
275 Wushao Wen 8 227 36 35 24 22 21
276 Zhi Zhou 6 225 85 85 56 41 18
277 Deene Manik Prabhu 9 209 41 21 18 18 16
278 Cenxi Yuan 8 207 73 22 13 11 11
279 Dengfeng Li 8 201 28 19 17 16 12
280 Zhihong Liu 8 199 44 34 18 14 12
281 Yiming Luo 6 197 85 36 19 8 7
282 Jian Chen 8 195 69 18 18 16 13
283 Zhuo Su 6 193 52 24 20 17 10
284 Jun Hu 8 193 37 27 22 19 18
285 Qijuan Yuan 6 193 108 41 13 11 11
286 Haiqing Song 7 192 40 38 32 20 13
287 Jiajing Wu 8 188 54 40 17 17 11
288 Xiangjun Du 7 187 56 38 34 13 12
289 Cai Jing-Heng 8 182 32 20 19 18 16
290 Xiao-Dong Zhuang 7 181 33 30 25 22 21
291 Muhammad Ismail 7 181 48 21 21 14 13
292 Minghui Ma 7 178 55 30 20 10 8
293 郭文亮 6 174 16 11 9 9 8
295 Wenpeng Zhu 7 168 64 25 21 14 10
296 Weihua Yao 5 166 60 42 32 16 11
297 Yue-Cai HUANG 9 164 46 18 18 13 12
298 Yi Xiang向毅 5 164 34 34 28 21 11
299 Xin Qian 钱鑫 8 164 25 23 18 17 14
300 王占永 8 160 26 24 14 13 11
301 Wenhui Gan 5 160 54 40 35 14 7
302 王相兰；Wang Xianglan 6 157 73 15 10 9 8
304 Pan Junhao 6 155 79 24 13 12 10
305 Ruixiang Xing  7 154 36 34 20 10 9
306 Yaju Chen 9 154 23 23 22 15 13
307 Partha Sarathi pal 5 153 61 43 14 8 7
308 Xinghua Sui 8 152 30 24 22 15 14
309 Siwei Liu (刘思威) 8 150 45 45 17 15 14
311 Su Yu Quan 7 144 30 23 23 17 9
312 Jiancai Xue 6 141 51 40 12 11 9
314 Luyang Wang 5 135 73 26 11 11 7
315 Hu Chen 6 131 30 24 16 15 14
317 Mao Liu 5 129 69 13 11 6 6
318 Duan Gui 7 128 36 24 16 13 10
319 Changzheng Li 6 125 36 18 14 12 7
320 Jianxiang Feng 6 121 37 23 14 9 7
321 Hiroyuki Kido 5 121 44 24 10 9 6
322 Xin Qin 7 121 24 19 18 11 8
324 Xu Liu 6 119 25 24 19 16 12
325 Zhan Hu 6 117 47 16 14 13 9
328 Qinghe Yao 6 109 34 16 9 8 8
329 Xiaoxing Huang 5 108 28 22 16 8 6
330 Francesco-Alessio Ursini 6 107 15 13 11 9 8
331 Tianshui Chen 4 105 65 16 9 8 3
332 Lun Li 5 104 43 21 11 11 5
333 Wei Wang 6 102 23 16 14 10 8
334 Xin Sun 6 101 13 11 10 8 7
337 Chizoba I. Ezugwu 4 100 50 18 17 10 2
339 Xinrui Shi 6 98 18 15 13 10 10
340 Dr. Muhammad Wajid Shah 5 96 39 22 12 9 7
341 Naga Raju Maddela 5 95 20 16 15 12 7
342 Sosa Sebastian 5 94 47 11 9 6 6
343 Yu Zhou 6 92 19 17 12 8 7
345 Lin Chen 4 90 11 10 5 5 4
346 Huichuan Yu 3 89 59 13 9 2 2
347 Haoyang Zhou 6 88 26 20 15 9 8
349 Haojin Zhou 3 86 66 15 3 1 1
350 Qiufan Zheng 3 85 50 29 3 1 1
352 Haiyan Wang 6 78 12 12 9 9 8
353 Shuqin Xu 3 75 51 6 5 3 3
356 Xiao-Ning Pang 3 71 46 10 6 3 3
357 hengchang sun 5 70 18 14 8 6 5
358 Xinru You 5 70 18 17 9 8 5
359 Bai, Ying 5 69 15 10 10 8 7
360 Zhuoren Jiang 5 69 18 12 9 6 5
362 Qi Wang 4 67 39 12 6 5 3
363 Litian Lin / 林利添 5 67 17 10 8 7 6
364 陈楚洁/CHEN Chu-Jie 4 65 19 14 8 7 4
366 Fengsu Hou 5 64 16 16 12 9 5
368 Ying Tang 5 63 14 11 7 6 6
370 Wei He 5 59 18 10 9 8 7
371 Mathieu Kumwimba Nsenga, Prof. Dr. 5 59 11 9 9 8 7
372 Miao Hu 5 58 12 9 8 7 6
373 You Zhang 4 58 12 11 11 10 4
374 Yizhao Luan 5 57 17 11 9 5 5
375 Shimao Li 4 57 13 12 10 4 4
376 Xiangping Chen 4 56 19 9 9 6 5
379 Raymond Yu Wang 4 53 18 9 7 4 4
380 Guohua Hu 4 51 18 14 6 4 4
381 Zefeng Chen 3 51 28 12 4 3 3
385 Hai Ou 5 48 12 12 8 5 5
386 Qian-wen Guo 4 47 14 10 6 5 4
387 Qihong Lu 4 47 8 8 8 7 4
388 Liang Pinghan 4 46 15 6 5 5 3
389 周如南runan zhou 3 45 21 7 4 2 1
390 Kunyi Zhang（张焜毅） 4 45 15 11 8 4 2
392 Zhizhe Lin 5 43 7 7 7 5 5
393 Jian-Yu Jiao 4 43 12 9 6 4 2
396 Yun Li 3 42 17 11 3 3 2
397 Xiuli Cen 4 41 14 8 6 5 3
398 Zhenqiang He 4 40 15 7 5 4 4
399 Xiaohui He (何骁慧) 3 40 11 11 10 3 3
404 Xuefeng Wen（文学锋） 3 38 18 7 3 3 1
406 Ying Xia 3 37 11 7 5 3 3
407 Yue Guo 2 37 25 3 2 2 2
409 Weicheng Cai 3 36 13 6 3 3 3
410 Sihua Liang 2 35 24 7 2 1 1
412 Ji Wu 2 34 29 5 0 0 0
413 Xin-Tao He 4 34 11 11 6 5 1
414 Hou, Chen (侯晨) 3 33 19 6 5 5 2
415 Yui Kuramochi 3 31 9 6 3 3 2
416 Peng Yao 4 31 8 7 5 4 2
419 Cho Kwong Charlie Lam 2 29 14 10 2 2 1
425 Aize Hao 4 25 7 7 4 4 2
427 Zeting Qiu 3 24 8 7 4 2 1
429 Huaqiang Zhou 3 23 8 7 4 2 1
432 Yabin Yang 3 23 6 4 4 2 2
434 Jiong Tu 2 22 11 3 2 2 2
437 Zuyao Liu 2 20 11 5 2 2 0
439 Yu Shi-Tong 3 20 5 4 3 3 1
446 Liwei Yan 2 16 9 3 2 1 1
449 Peijian Paul SUN 2 13 7 3 1 1 1
453 Hanhui Li 2 13 5 2 2 2 1
455 Zaiqiao Meng 2 13 7 3 1 1 1
461 Luzi Xiao 2 11 6 2 1 1 1
466 Yuan Huang 2 8 3 2 1 1 1
467 ZHU Kunrong 1 7 4 1 1 1 0
468 朱一文 1 7 4 1 1 1 0
469 Liyijun 1 7 3 1 1 1 1
484 Zhi-Tong LYU 1 2 2 0 0 0 0
