1 Yu Zhang 95 59773 1071 999 710 408 390
2 Jing Zhu 97 51291 957 908 813 698 593
3 GQ Chen（陈国强） 87 45291 3087 2077 1287 800 483
4 Yigong Shi 97 39605 5527 1854 1835 1782 1128
5 Jinghong Li 101 37831 2282 1674 1473 1091 986
6 Fei Wei 88 35109 1226 1111 1052 1033 980
7 yanluan lin 79 32104 571 270 237 201 192
8 Lin Liu (刘璘) 46 24807 339 275 191 154 150
9 Haijun Yang 56 23846 4188 2161 2130 1706 907
10 Peng Gong 82 22708 668 640 536 527 452
11 Junwei Cao 72 22478 4202 1217 1080 1021 762
12 Qiang Zhang 84 22311 1111 980 651 465 438
13 Yang Xu 61 20543 550 232 216 204 165
14 Minlie Huang 54 20445 634 273 229 202 176
15 Hongwei Zhu 72 18677 1025 905 841 810 442
16 Baoding Liu 62 18099 2399 1845 1790 781 655
17 Quan Zhou 57 17889 274 254 223 208 208
18 Zhang Jun 52 17422 629 406 372 363 343
19 Wenhui Duan 66 16866 1017 674 623 546 405
20 Yimin Liu 58 16502 2264 593 394 390 364
21 Jun LI (李 隽) 59 15631 1922 1025 949 734 665
22 Ling Wang 60 15565 991 991 991 847 537
23 Yu-Jin ZHANG 章毓晋 48 15442 1714 1334 1174 918 864
24 Zhihui Du 44 15414 4202 1147 923 761 507
25 Yule Liu       劉玉樂 41 15267 6525 1022 759 689 469
26 Boyang Xu 54 15146 942 558 490 379 228
27 wang shuxiao 51 14962 441 291 284 256 254
28 Qiang Zhang 62 14678 1486 1052 527 486 448
29 Gui Lu Long 48 14556 1316 1037 849 813 703
30 Boming Zhang 50 14446 336 140 134 127 111
31 Li Liang  DAE-THU 47 13889 1445 534 455 388 331
32 Changshui Zhang 59 13857 1410 654 469 402 391
33 Wenwu Zhu 57 13850 1067 447 398 381 367
34 Hui Wu 42 13750 1424 993 968 936 621
35 Dr. Lin-Hai Han 58 13205 1805 299 270 223 203
36 Jianqiang Wang(王建强) 55 12302 351 266 234 224 178
37 Xi-Qiao Feng (冯西桥) 50 12236 1717 439 374 350 345
38 Jianyong Wang 44 11700 2096 1298 761 725 471
39 Zhaoyin Wang 51 11532 525 353 328 297 289
40 Jia-Qi Huang (黄佳琦) 57 11253 438 381 367 349 337
41 Tang Jie 53 10983 1007 729 423 368 253
42 Zhi John Lu 24 10877 7288 1028 755 172 159
43 Junhua Li 56 10682 442 309 303 247 235
44 Zehuan HUANG 41 10216 2577 756 634 558 464
45 Wang Xiaoge 36 10187 4385 4202 762 504 399
46 Jianhong XU(徐建鸿） 43 9997 407 271 233 210 206
47 Yongxin Wang 47 9931 2063 399 235 163 121
48 Shi-Min Hu 50 9926 2435 526 216 210 197
49 Li Zhang 44 9911 1634 403 162 129 128
50 Chongqing Kang 46 9697 544 424 280 177 147
51 Bi-Jie Li 36 9631 1520 670 550 535 454
52 LIANG WANG 45 9618 272 251 230 223 203
53 Yinping Zhang 53 9597 596 483 313 256 235
54 Baohua Li 53 9304 700 303 229 224 207
55 HongYing HU 47 9201 626 256 248 198 195
56 Fan Yang 43 9023 1056 958 918 627 357
57 Daoxin Xie 43 8991 1375 578 501 435 423
58 Qionghai  Dai 49 8879 382 306 278 275 199
59 Bilu Liu (刘碧录) 40 8555 2282 1060 590 565 558
60 Jian Chen 51 8300 348 317 271 267 248
61 Xuegong Zhang 41 8126 1371 494 444 405 305
62 Shengwei Mei 40 8107 711 302 250 247 144
63 Zeng-Yuan Guo 42 8010 636 619 323 308 303
64 Xinzheng Lu 41 7758 761 660 295 204 193
65 WEI PAN 46 7623 422 271 251 213 200
66 Wei Xie 22 7573 1812 1721 973 474 441
67 Jinzhi Lei 19 7500 6524 128 66 63 61
68 Li Jinhui (李金惠) 46 7449 197 187 184 166 155
69 Haitao Li 28 7435 1232 867 686 468 399
70 gao xiaorong 38 7351 720 619 469 453 442
71 Jian Wu 28 7343 2067 684 602 551 550
72 Ye Wu 46 7144 570 441 274 256 242
73 Wenchuan Wu 40 7133 140 127 111 102 90
74 Zhisheng Niu 40 7103 706 498 289 176 116
75 Weimin Zheng 35 7096 1188 747 199 152 148
76 huan liu 36 6927 918 890 728 276 187
77 Jianming HU 37 6886 283 252 250 212 207
78 Lian Duan 段炼 43 6616 383 273 246 244 243
79 Jinliang HE 37 6531 135 113 110 95 88
80 Moran Wang 43 6469 386 362 296 283 268
81 Nieng Yan 42 6457 458 332 279 274 272
82 lei huang 39 6447 237 230 216 173 137
83 Jingkun Jiang 34 6367 1144 570 441 361 342
84 Jun Huang 42 6248 453 339 317 316 305
85 Jianhua Feng 39 6183 471 373 274 229 226
86 Maosong Sun 39 6077 393 217 195 170 159
87 Xu Zhiping 37 6053 674 433 321 294 237
88 zhigang xiao 45 6049 315 203 192 192 161
89 Hao Zhou 27 5964 991 582 549 492 449
90 Jianmin Wang 37 5957 613 417 244 190 165
91 Juanzi Li 36 5930 1031 423 246 242 237
92 Ruitao Lv 37 5802 779 779 424 386 317
93 Hang Hubert Yin 37 5765 474 319 315 293 257
94 Ying-Qing Xu 38 5752 858 365 284 278 254
95 Kun Yang, Dr., Professor 46 5731 233 228 196 188 174
96 Shuyun Zhou 26 5692 2015 540 432 325 284
97 Zhaocheng Wang 40 5650 598 162 142 135 134
98 Huaqiang Cao 42 5643 435 301 297 286 222
99 Jiwen Lu (鲁继文) 39 5593 426 335 303 241 219
100 Hamish Coates 35 5513 657 499 466 290 288
101 Ke Wang 35 5405 441 412 342 284 247
102 Xin-Bing Cheng 37 5325 325 306 299 281 248
103 Yihui Zhang 32 5293 596 465 453 443 309
104 Hui Zhai 31 5242 716 530 444 422 257
105 Xiongfeng Ma 33 5176 1205 616 335 287 237
106 Guoliang Li 42 5160 488 274 229 150 144
107 Haizhou Ai 31 4938 452 420 397 275 224
108 Yue Gao 36 4867 382 341 199 188 159
109 Zheng Yang 34 4781 506 364 355 310 293
110 Jingyu Xi 席靖宇 41 4744 319 200 161 159 157
111 Sean (Xin) Xu 16 4722 910 868 654 500 394
112 Shiji Song 29 4668 706 555 315 191 167
113 Shiu-Yuen Cheng 19 4639 834 554 492 422 417
114 Xu-Ming Xie 33 4624 248 146 122 110 105
115 Xiaofeng Wang 31 4621 504 504 441 338 263
116 Yong Li 33 4617 346 221 204 149 145
117 Yubo Chen 15 4580 1334 588 465 332 327
118 Peixue Jiang 36 4533 225 192 178 140 111
119 Liu Qiang 36 4522 102 97 93 91 89
120 chuanyi Liu 32 4453 649 206 196 172 110
121 Yu Xiang (向宇) 31 4443 585 445 342 290 199
122 Professor Binliang Lin 37 4433 275 145 140 134 125
123 Shao Li 33 4390 540 261 259 204 194
124 Huaping Xu 37 4386 366 345 206 200 177
125 Shixia Liu 34 4382 278 209 204 184 143
126 Bing Zhou 24 4355 671 580 558 473 305
127 Yi LUO 30 4293 188 179 158 112 104
128 PENG LIANG 36 4268 482 446 151 145 143
129 Kai Liu 33 4265 362 290 287 277 269
130 Can-Li Song 28 4226 967 701 368 308 267
131 Hong Yao (姚宏) 32 4141 651 289 289 239 224
132 Ming Zeng 8 4139 3469 259 116 114 45
133 Ningsheng Cai 34 4060 336 266 218 110 97
134 Ling Qiu 21 4057 964 760 535 276 221
135 Jiaping Wang 32 4001 302 213 210 202 186
136 Linglong Dai 33 3976 598 199 162 135 134
137 Bin Zhao（赵 彬） 34 3955 364 289 120 116 103
138 Hai Qi 25 3899 480 479 292 285 229
139 HEwu Wang 25 3898 173 97 96 94 90
140 Zhenhua Guo 22 3850 1310 683 276 172 130
141 Zechun Hu 34 3769 228 198 198 176 155
142 Ke XU 30 3736 137 113 104 95 88
143 Jun Zhu 31 3726 292 220 210 161 157
144 Chen Hongwei 30 3726 215 141 117 101 86
145 Ji-Song Guan 17 3682 1135 632 486 270 235
146 Bin Liu 32 3631 288 281 246 189 170
147 Zhao Xuebing 30 3625 751 411 243 234 145
148 Bo Hong 24 3616 453 442 300 269 165
149 Rau Pei-Luen Patrick 31 3611 275 260 161 153 141
150 Dan Pei 28 3551 307 236 205 198 190
151 Dan Li 27 3543 1423 201 151 147 117
152 Yi Cheng 30 3526 117 108 102 95 95
153 Qing Xia 30 3515 164 147 144 114 91
154 Jiangtao Wen 30 3511 725 269 155 136 121
155 Zhijie Chang 32 3502 540 184 138 130 125
156 Bai Benfeng 23 3436 527 480 391 290 227
157 Peter Ho （何佩生） 30 3356 430 399 193 189 157
158 Meirong Zhang 32 3347 176 137 130 114 108
159 Yunfeng Yang 31 3313 255 219 212 177 150
160 Yong Cui 29 3311 166 166 137 119 93
161 Xiaowo Wang 15 3297 1371 370 320 305 239
162 Zhidong Deng 19 3293 1505 184 84 82 80
163 Yu Wang(汪玉) 30 3281 231 189 142 99 74
164 Jiang Wanjun 28 3271 431 338 255 150 150
165 Yingying Zhang 31 3258 381 200 197 189 183
166 Jianwen Luo 29 3255 200 167 161 136 135
167 Xiong Zhang 30 3251 258 254 199 113 101
168 Qinglai Guo 27 3227 140 134 91 89 77
169 Xue Feng 23 3222 982 334 263 193 145
170 Guoping ZENG 曾国屏 25 3213 537 171 164 126 108
171 Zhaoyin Wang 30 3166 226 85 80 80 77
172 Woogeun Rhee 25 3165 461 306 256 250 188
173 Xuan Tian 20 3138 387 358 342 337 289
174 Jun Bi 26 3119 131 100 84 67 66
175 jian sun 24 3117 1019 230 219 195 151
176 Min Zhang 30 3103 176 154 121 100 90
177 Rui Jiang 25 3051 545 540 197 144 93
178 Yong Xu (徐勇) 23 3049 674 538 157 145 143
179 Yanping (Yan-Ping) CAO 27 3001 350 252 161 130 125
180 Shengbo Eben Li（李升波） 27 2997 707 224 180 107 106
181 Zhiyuan Liu 24 2983 393 217 195 170 159
182 Chunxiao Jiang (姜春晓) 24 2967 248 230 206 160 144
183 Wu Ji 28 2960 378 199 188 66 64
184 Zhu Xiaoshan 20 2946 436 396 317 224 214
185 Song Cen 岑松 26 2936 529 398 111 82 81
186 Jun Ni 27 2932 330 256 234 141 137
187 Jianjiang Feng (冯建江) 26 2917 290 277 237 187 164
188 Sheng Zhou 29 2898 289 116 103 97 93
189 Pingyi Fan 27 2865 127 113 85 85 77
190 Fenrong Liu 18 2862 257 233 116 70 58
191 Qianchuan Zhao 24 2858 371 198 187 159 139
192 Changxi Yang 28 2847 159 140 114 82 80
193 Huaping Liu 26 2838 112 105 101 101 96
194 Song Jian 27 2761 277 231 164 86 77
195 Mingwei Xu 25 2735 182 151 137 114 95
196 Xiaoying Bai 33 2730 261 168 103 103 94
197 Qiang Yao 31 2713 146 145 98 91 88
198 Shuiqing Li 30 2706 146 145 117 114 98
199 Yu Tian 29 2697 422 121 118 103 76
200 He Tian (田禾) 30 2696 158 152 136 125 124
201 Jinchun Chen 29 2688 273 177 162 136 130
202 Lin Gan  干林 22 2655 565 330 249 203 157
203 Yanan Du 27 2636 471 146 145 138 102
204 Yanbin Huang 18 2628 911 348 218 211 195
205 Qingbin Li (李庆斌) 28 2611 160 77 73 72 60
206 Yang Wu (吴扬) 24 2596 616 264 213 209 138
207 林峰，Feng Lin 25 2571 239 200 183 114 112
208 Xue-Ning Bai 27 2550 203 203 193 145 138
209 Jun Yang 20 2549 527 485 450 127 101
210 Chen Chen 21 2546 1077 268 144 129 94
211 Minghua Chen 23 2527 141 61 57 53 52
212 Xufei Mao 23 2517 473 230 205 177 105
213 Yu-Sung Su 11 2504 833 585 390 329 93
214 Xiao He 26 2484 528 233 118 114 89
215 Qixin Chen 25 2476 424 147 137 133 131
216 Yonggang Meng 26 2473 86 80 76 71 70
217 Gui-Li Tian 20 2471 438 367 325 325 255
218 Minlie Huang 23 2469 273 229 202 176 126
219 Keqiang Li 23 2466 224 123 107 66 61
220 Zhilin Liu 24 2452 421 330 147 122 117
221 Qunyang Li 18 2447 961 233 138 134 128
222 Yun He 23 2426 577 254 94 91 78
223 Le Yu 21 2411 536 176 138 137 106
224 Bing-Yang Cao (曹炳阳) 27 2391 188 142 122 109 105
225 Steven White 18 2380 871 274 198 167 119
226 Wen Lijie（闻立杰） 22 2378 613 244 165 165 138
227 Peng Cui 25 2365 240 230 138 93 87
228 Li Li 24 2364 194 133 123 108 93
229 Thomas Fang Zheng 23 2343 460 60 55 42 41
230 Keyou You  游科友 19 2331 555 312 146 124 122
231 Xiu LI 18 2329 986 212 135 86 81
232 Ziyang Meng 19 2303 469 285 279 226 129
233 Wei Chen 26 2303 138 102 92 88 65
234 Shanjin Huang 27 2293 168 129 126 124 113
235 Xiaoyuan Zhang 24 2291 482 240 151 97 96
236 Da Yan 25 2287 229 141 129 120 107
237 Xiaoyan Li 21 2286 574 249 138 133 127
238 Zhanli Liu 19 2249 723 281 84 64 54
239 韩志富han zhifu 20 2244 312 306 244 211 187
240 Wenguo Weng 24 2237 170 76 73 72 56
241 姚强 22 2227 152 136 126 81 72
242 Wang Xin 24 2202 184 137 132 130 112
243 Yong-Bin Yan 25 2200 127 105 105 90 89
244 Feng Liu (刘锋) 23 2193 144 83 74 67 62
245 Lexian Yang 20 2184 464 427 181 163 107
246 (Samuel) Qing-Shan Jia 22 2175 379 211 198 116 113
247 Yujue Wang 25 2167 129 116 103 95 84
248 Yuantao Gu 18 2164 543 331 120 105 89
249 Hongsik Jeong 22 2150 302 209 193 121 105
250 YIXIANG SHI 24 2148 218 110 97 87 71
251 Yongheng Yang 16 2125 786 786 461 195 108
252 Qiangfeng Cliff Zhang 14 2102 405 294 265 238 231
253 Qi Lu 16 2086 447 304 295 164 118
254 Sigang Yang 22 2081 212 127 101 70 62
255 Lin Mei 21 2078 530 256 186 160 116
256 Chao Chen (陈超) 22 2073 543 179 130 109 105
257 Jianfeng Yu 17 2065 737 312 234 159 126
258 Borong LIN (林波荣) 23 2065 129 124 103 88 81
259 Peng Lin （P.Lin 林鹏） 25 2059 293 207 93 92 60
260 王忠静 21 2058 386 87 82 70 59
261 WANLI LIU 21 2046 229 147 120 119 116
262 Bing Li 23 2044 394 164 159 143 123
263 Ding Guiguang 20 2035 190 157 138 124 108
264 Zhijun Zhang 26 2016 116 116 105 105 88
265 Di Long 27 2012 146 140 127 110 76
266 Yang Liu 22 2002 278 267 136 133 127
267 Mingpeng Yu 23 1993 245 216 130 116 112
268 Yang Liu 21 1989 386 163 128 127 91
269 hexi baoyin 24 1985 138 99 67 64 53
270 yongpan liu 19 1970 230 189 143 129 97
271 Jiwu Shu 21 1963 111 107 78 76 75
272 Peng FENG 19 1944 422 183 95 66 51
273 Shaoze Yan 20 1931 58 53 52 44 40
274 Yue Peng 27 1914 120 119 106 83 78
275 田富强 27 1871 63 63 63 57 56
276 Wei Xu 13 1869 670 500 127 100 96
277 Xiaoqing You 18 1863 353 228 168 166 147
278 Yu Xia 24 1861 120 95 92 84 79
279 Meihua Liu 18 1857 420 280 187 154 124
280 Cheng Tang 23 1851 325 255 147 136 112
281 Xianlai Zeng(曾现来) 26 1841 184 105 94 92 79
282 Mingsheng Long 19 1831 417 190 138 128 124
283 Wen-Zheng Zhang 21 1815 162 125 101 84 73
284 GENG Hua 22 1813 170 146 113 104 75
285 Qi LI 24 1812 268 148 126 115 77
286 Chuangang Ning 24 1797 96 72 61 60 55
287 Fang Zhang 23 1737 298 192 155 100 95
288 chen shen 18 1737 308 153 92 64 55
289 Xinggang Lin 20 1726 254 111 92 81 55
290 Yong-Jin LIU 23 1720 137 125 112 104 78
291 Yi Lu 24 1699 310 156 91 84 71
292 Yan-Fu Li 23 1689 175 108 100 87 80
293 Jose C. Pastor-Pareja 14 1689 458 258 173 166 145
294 Qinghua Zhang 22 1686 210 180 130 123 87
295 Wenhua Chen 22 1672 128 116 88 85 69
296 Haohuan Fu 19 1654 536 102 75 64 46
297 Yongwei WU 23 1640 67 56 55 55 54
298 Jinhan Mo 18 1634 596 134 109 90 90
299 zhe wang 25 1631 126 74 71 63 59
300 He-Ping Li 21 1629 143 131 118 100 80
301 Haixin Duan,  段海新 22 1608 81 75 61 49 49
302 Xudong Zhang 20 1607 148 135 122 113 109
303 Zhangqi Yin - 尹璋琦 21 1591 236 181 120 97 89
304 dong wang 13 1576 585 313 169 130 108
305 Sheqin Dong  董社勤 17 1571 425 58 56 53 44
306 Xiaolin Hu 18 1564 275 121 118 100 70
307 Wen-An Yong 22 1558 179 142 105 68 62
308 Luyan Sun 11 1553 469 389 231 124 101
309 Wenjian Yu 19 1546 289 69 57 50 50
310 Wenjia Cai 18 1546 527 174 134 117 97
311 Chao Chen 20 1538 176 132 125 116 103
312 Guijin Wang 20 1525 381 101 48 47 41
313 Lai Wang 14 1501 781 97 50 39 38
314 Zhizhong Li 21 1482 142 121 72 61 59
315 changfu you 22 1480 183 170 65 38 37
316 Longbo Huang 19 1476 239 195 130 110 78
317 Xun Lan 20 1457 168 159 131 115 85
318 Ye Xiang 21 1447 189 117 102 62 61
319 Xiaomeng Huang 16 1432 536 161 102 58 51
320 Liming HU 16 1424 140 121 59 52 50
321 Bin Xu 18 1411 270 94 82 79 72
322 Bo Li 18 1394 350 130 120 68 48
323 Meng Khoon Tey 15 1381 263 240 137 110 99
324 Shuming Liu 17 1379 263 116 93 70 70
325 Re-Bing Wu 22 1374 72 64 57 54 53
326 Huaqiang Wu 23 1372 79 66 63 61 56
327 Ming-Tian Zhang, Associate Professor 15 1366 254 159 152 111 111
328 Yuan Feng 21 1364 83 78 75 63 52
329 Wei Zhang 19 1356 75 63 63 55 40
330 Hanbo Yang 18 1353 200 133 120 97 89
331 Jia Li（李佳） 20 1351 224 116 91 78 64
332 Zhiwei Xu 20 1350 388 104 69 67 57
333 Lianyi He (何联毅) 20 1347 170 103 103 70 68
334 Bo Li 13 1342 290 254 192 144 135
335 Kai WANG（王凯） 19 1338 100 64 59 43 41
336 Zhibing Wang 16 1336 299 102 88 49 40
337 Fan YANG (杨帆) 21 1322 97 86 74 67 59
338 Nan Li 15 1321 369 160 157 114 82
339 Xiaoqiang Tang 20 1320 93 54 39 37 36
340 Qiang Song 18 1313 146 137 70 49 43
341 Baolong Wang 20 1312 99 79 68 64 61
342 Peng Jiang 15 1283 376 160 123 120 99
343 Jian Yuan 17 1281 206 122 116 71 54
344 Ligong Chen 16 1268 188 178 139 127 90
345 Yanying Feng 13 1245 180 166 164 144 134
346 Jiliang Wang 17 1238 364 101 88 62 47
347 Gang Fang (方刚) 17 1219 83 82 74 69 67
348 LIBAO SHI 18 1219 111 68 46 43 40
349 Gang Ye 21 1213 102 92 71 47 46
350 Dengyun Zhai 14 1199 279 193 154 102 98
351 Lei Shi 19 1178 76 75 65 56 51
352 Wei Xue 17 1163 161 102 76 45 39
353 Bo Yuan（袁博） 17 1149 146 100 97 84 80
355 Wei Zhang(张帏) 16 1130 188 107 91 75 70
356 Ji-Jiang Yang 15 1129 164 111 82 60 59
357 Yi Liu 19 1125 234 87 46 44 37
358 Liu Le 17 1123 149 76 74 61 55
359 Xiang Chen (陈翔) 13 1123 150 148 147 140 120
360 Jinli Suo 17 1121 197 126 76 50 47
361 Jun Hu 18 1121 113 56 53 49 46
362 Dong Wang (王东) 18 1121 50 47 44 44 38
363 Wenfei Wu 10 1120 593 168 143 62 36
364 Peng Pan 17 1119 91 90 82 67 60
365 Yinhai Zhu 18 1114 205 139 77 56 55
366 Xunhua Guo 17 1113 264 61 50 48 48
367 Xuedan Zhang 16 1108 164 92 72 60 53
368 Ning Ge 17 1107 123 40 37 36 35
369 Haifeng Jia 17 1106 134 98 83 58 45
370 Peng Liu 14 1106 209 140 138 108 94
371 Jianshi Zhao 18 1105 99 87 49 48 48
372 Yixin Dai 12 1097 285 233 217 102 71
373 Xiaohuan Guo 14 1096 354 210 145 98 44
374 Pengtao Huang 19 1095 162 89 88 61 57
375 Jun Li 19 1088 127 52 50 45 41
376 余锡平 13 1077 233 81 76 68 57
377 Zhen Chen 19 1075 70 66 51 47 31
378 Qingyan XU 17 1072 40 36 33 30 28
379 Huadong Meng 18 1069 77 75 47 46 38
380 Qin Gao 14 1064 275 260 86 76 53
381 Chenglong Bao 7 1060 838 66 51 36 29
382 Xiping Yu 13 1058 233 81 76 68 57
383 Han Hao, 郝瀚 17 1057 90 83 83 75 53
384 Shimin Fu 14 1055 180 139 77 76 66
385 Fang Yang (杨昉) 18 1037 77 45 45 42 34
386 Hao-Fan Wang 16 1028 255 147 136 61 48
387 Xudong Fu 17 1025 85 53 47 45 44
388 Zhenhua Li 16 1017 100 97 96 78 66
389 Yang Yang/杨洋 16 1014 193 162 83 64 64
390 ZHU Xufeng 18 1014 73 66 61 61 56
391 Xinjie Yu 11 1008 417 417 112 35 29
392 Hao Zhang 11 1006 527 100 65 48 43
393 Fang LIU 17 1004 75 58 56 55 45
394 Ruina Xu 14 1002 236 49 44 41 39
395 Xiaoxiao Xue 15 1000 179 130 69 63 50
396 Xue FENG (冯 雪) 17 999 75 43 34 30 30
397 Zhongyi Huang 16 997 187 133 95 61 53
398 Huan Li 14 990 172 143 124 98 48
399 刘连臣 15 985 128 103 74 39 36
400 Wenzeng Zhang 15 969 89 51 38 30 26
401 John Steinberger 16 967 102 86 82 79 73
402 Lu Yuexiang 18 962 152 89 76 62 60
403 Lei Liu 18 957 78 70 56 46 42
404 Guangxue Wu 15 955 93 69 53 51 50
405 Xi Lu 16 954 387 159 53 52 42
406 Xiaowei Zeng 15 949 165 129 86 84 82
407 Lin Zhang 17 942 70 63 60 46 42
408 Wei-Xi Huang 14 933 167 90 85 68 66
409 zhi deng 11 933 328 89 85 78 41
410 Maokun Li 15 929 140 94 75 74 36
411 LIU Xiaoli 15 927 38 28 28 24 20
412 Jin chen 14 927 228 228 128 78 56
413 Yunzhou Li 15 926 126 88 78 48 40
414 Hongzhi Zhong 18 926 64 64 64 59 57
416 Chunlai Chen 15 922 182 108 83 78 78
417 shunhong zhang 15 922 277 171 58 57 48
418 Chenye WU 13 916 270 165 101 74 55
419 Qiang Wei 12 908 197 148 97 72 66
420 Mircea Trif 14 906 155 136 85 76 67
421 Chih-Hao Pai 12 906 374 101 67 56 45
422 Cuiping Han 13 878 196 99 99 84 83
423 Kewu Peng 17 877 88 55 37 33 33
424 Hailong Yao 15 877 218 166 64 63 59
425 Yang Shao 17 875 99 63 53 51 41
426 Fei TENG 17 873 95 71 68 52 43
428 Jinping Tian 17 865 110 71 68 43 37
429 Jianbin Du 14 860 216 124 80 66 60
430 Zhenyu Liu 17 858 86 56 52 37 34
431 Ruobing Zhang 14 858 96 75 39 38 38
432 Xiaosheng Xiao 17 851 66 62 62 53 42
433 Yugong Luo 14 848 50 42 31 29 25
434 Xing Sheng (盛兴) 17 846 105 87 76 64 51
435 Haiwang Zhong 15 837 164 50 37 31 30
436 Zhigong Song 12 835 294 149 122 75 38
437 Wei Wei  (魏韡) 15 829 74 70 52 50 33
438 陶慕轩 Tao Mu-Xuan 15 816 59 48 47 45 34
439 xuemin zhang 15 814 129 126 64 54 40
440 Chao Lu 18 811 94 82 45 43 38
441 老师 窦 14 807 170 48 48 35 34
442 Xu Zhang 16 806 233 53 52 44 42
443 Zhong Wang (汪忠) 13 806 160 106 91 73 60
444 Ma Xiaoxiao 14 804 172 118 65 57 54
445 Zhi Wang 13 798 116 106 73 59 51
446 Qianwen Sun 10 795 143 129 113 97 79
447 Huafeng (Jason) Chen 8 788 258 221 130 45 39
448 Freddy Hongyan FU 12 782 219 117 82 48 46
449 Yuhang Li 15 782 174 128 61 54 50
450 Xing Fu 16 779 91 74 48 36 34
451 gong shengping 13 773 46 42 36 33 32
452 Lei TAN (谭磊) 18 770 52 45 44 39 37
453 Jiecheng Cui 13 765 230 107 68 64 37
454 Jin Gu 12 764 305 66 62 59 53
455 Yang CHEN 10 759 253 239 64 53 25
456 Nan Zhang 张楠 15 757 89 61 50 48 43
457 Cunjing Lv 17 755 88 80 66 48 46
458 Bin Cao 13 753 114 107 69 67 54
459 Yu-Shen Liu 14 752 71 57 39 33 28
460 Kunlun Zhang 17 746 73 70 59 51 47
461 Xue-Qiang Zhang 10 742 162 148 118 109 55
462 Xinzheng Shi 10 740 178 113 72 70 65
463 Qiushui Chen 17 739 92 71 51 50 45
464 Yinji Ma 16 735 62 51 50 47 36
465 Xuning Feng 14 734 113 65 64 54 50
466 Hongsheng Zhao 12 728 102 88 83 47 44
467 Xiaodong Ji 14 728 67 62 59 59 52
468 Yu-Xin Ren 12 724 232 87 45 34 33
469 Bo-Quan Li 12 724 150 147 136 45 44
470 Zuoqiang Shi 13 722 109 97 97 63 39
471 Hong Ma 11 722 174 94 66 62 62
472 Jiansheng Chen 13 719 130 118 64 53 32
473 NAN HUA 11 719 131 125 64 18 16
474 M Zhao 15 718 169 112 52 48 43
475 Yue Cao (曹越) 10 716 417 91 49 39 24
476 Wang, Xingzheng 14 715 105 78 73 65 37
477 岳东北 Dongbei Yue 16 713 78 46 38 29 27
478 Jiaxin Hu 16 713 122 52 46 39 36
479 Wu Wei 16 701 68 64 61 50 46
480 Shu-Tao Xia 13 699 101 26 25 24 22
481 Jiangwei Li (李江伟) 13 698 192 143 69 46 38
482 Hongxu Qi 10 694 278 119 109 47 39
484 Yankai Lin 6 687 393 115 100 48 13
485 Lifeng Han 15 680 56 54 48 43 41
486 Yuelu Jiang 12 670 94 80 79 70 43
487 Chong Yan 10 656 148 109 96 81 81
488 Wei Li 14 655 196 73 52 48 38
489 Dameng Liu 13 654 173 72 63 49 48
490 Ning Chen 11 652 94 88 87 68 65
491 Kaibo Wang 14 652 107 73 56 42 36
492 Yuqi Bai 14 648 69 51 41 38 37
493 Jing Xu 14 647 76 66 35 33 31
494 Ying Chen 12 647 92 41 33 27 20
495 Xueqing Li 12 643 97 56 51 38 33
496 Hao Wu 9 643 315 101 91 49 17
497 胡振中(Zhenzhong Hu) 12 640 174 91 66 34 21
498 Qiang Han 13 639 183 79 74 42 41
499 Yongbo Xiao 12 633 137 93 52 38 38
500 Lu FANG 14 631 42 40 39 38 30
501 Kaiyu Cui 14 630 75 34 30 26 22
502 Kun Xu 14 628 127 107 71 38 37
503 FANG HE （何方） 12 628 214 65 64 39 39
504 Huan Li 14 628 42 36 28 26 21
505 Zhongwu Zhai 9 626 195 103 94 68 66
506 Zahra Gholami 10 622 327 72 31 25 23
507 Haibo Min(闵海波) 14 621 94 78 62 50 37
508 Yuchen Guo 11 620 157 105 86 57 42
509 Xiaolei Wang 13 617 77 56 47 34 33
510 Renrong Liang 13 606 65 58 53 33 25
511 Bing XIONG 12 605 35 32 28 26 24
512 Fengtian Han 13 605 41 34 24 22 22
513 Zhengshuo Li (李正烁) 17 605 46 46 40 34 26
515 Jintao Liu 10 602 146 128 93 46 46
516 Xinyu Gao 13 598 199 74 48 47 31
517 Ben Xu 12 595 130 89 64 36 34
518 Xiao Zhao (赵枭) 14 594 143 79 44 43 39
519 HUI WANG  (王辉) 9 593 156 103 74 69 41
520 Xiaoang Wan 14 592 58 49 45 42 37
521 Wei-Qiang Zhang (张卫强) 11 592 142 33 29 22 22
522 Zhen Chen 16 591 74 49 45 41 39
523 Jinlei Jiang 12 586 110 55 44 42 30
524 Meng Li 12 583 75 41 39 37 37
525 Zhi-Hai Zhang 13 580 78 53 45 45 35
526 Yong Xu (徐勇) 15 576 91 84 48 46 43
527 Chao Zhang 8 574 328 67 39 38 35
529 Wentian Mi 10 568 158 152 58 52 41
530 Liang Ma 11 567 125 114 47 40 39
531 Ji Wu 8 567 188 49 41 35 29
532 Guoqi Li 14 567 60 55 42 37 32
533 Weijun Yu 6 567 373 84 42 13 11
534 Hui Lu 13 566 82 37 37 35 27
535 hao chen 15 563 52 40 39 39 33
536 Huijun Chen 15 547 81 49 41 38 25
537 Remy Mevel 14 546 69 50 34 33 29
538 Xiaoming Tao 10 544 114 80 66 27 24
539 Zhiyong WU (吴志勇) 12 537 43 42 30 21 21
542 Cong-Qiao Xu 7 523 296 105 37 26 12
543 Qibing Li 11 521 74 44 43 42 40
544 Mengchen Liu 8 515 184 112 87 65 20
545 Timing QU 11 514 39 23 23 23 20
546 Qi Wang 12 513 67 51 50 44 39
547 Yong Jiang (蒋永) 13 511 84 47 46 42 37
548 Zixiong Peng 10 508 202 65 53 25 23
549 Bo Pang 12 507 132 49 44 26 25
550 Yuhan Dong 12 500 75 72 35 27 27
551 yuning gao 9 495 208 77 48 26 26
552 Youyou Lu 12 494 111 78 51 44 27
553 Zhihong Zhao 13 491 62 41 37 33 33
554 Wenjun Jiang 13 489 68 53 52 48 46
555 Rak-Kyeong Seong 12 487 126 35 33 29 28
556 peng wang 7 485 182 146 44 14 12
557 Kai Liu 8 483 123 121 70 69 21
558 Zhu Cao 11 477 133 60 46 44 35
559 Bin Wang 13 473 93 30 28 26 25
561 Lih-King Lim 9 471 143 88 59 45 27
562 Fanghua Jiang 12 464 138 45 31 31 26
563 Prof. Zhen Zhang 11 461 74 66 45 36 32
565 Qi Wang (王琪) 11 457 121 51 43 42 35
566 Chao Yang 11 455 90 67 50 39 37
567 Yongqiang Lyu 13 453 60 45 44 20 20
568 Wu Liu 12 453 69 50 45 42 41
569 Xiaoming Zheng 9 443 89 74 46 38 23
570 Ke Rong 戎 珂 11 442 89 43 33 25 24
571 nianlong luo 10 435 87 76 32 26 21
573 Ye Zuochang 13 432 39 31 24 24 19
574 Changli Li 11 432 86 65 46 42 37
575 Xiaohang FENG 6 432 229 107 25 21 15
576 LinLing Kuang 10 427 68 36 36 32 26
578 Jinjin Li 12 426 70 50 37 37 28
579 Han Zandong 9 422 71 25 21 19 11
580 Yi Shan 10 421 142 58 53 36 30
581 Wei Yujun 10 419 71 63 56 55 28
582 Yi Zhu 12 414 89 48 37 33 26
583 Yali Si 10 412 91 63 48 44 36
584 Zhen Zhang 10 412 140 53 44 39 30
585 Shao-Kai Jian 9 404 98 70 48 46 45
586 Yutong Li , 李禹橦 11 402 83 46 39 38 32
587 Dan Zhang 12 398 98 51 30 22 22
588 Chao Liu 10 396 67 64 46 31 26
589 Guozhong Wu 10 396 52 47 46 37 34
590 chuang liu 9 389 107 83 51 27 18
591 Pingke Li 8 387 125 73 67 23 22
592 Hang Su 11 381 51 32 26 24 20
593 Tianyu Ma 11 380 31 23 23 18 15
594 Lihao Zhao 11 376 72 37 34 32 29
595 Tianyu Qi 11 375 72 68 54 30 29
596 Song-Hai Zhang 9 373 82 72 51 27 27
597 Qianwen Chen 14 372 57 36 33 30 25
598 Wenjia Jing 10 369 110 34 32 31 31
599 Tianguang Meng 11 369 66 39 32 25 23
600 Jisong Zhang （张吉松） 11 367 37 34 34 23 23
601 Ya-Long Cui 7 366 152 58 52 31 26
602 LAN Yuxin 8 365 71 58 56 54 31
603 Shaohua Chen 9 363 86 64 47 34 33
604 Jing Wang 10 363 69 40 38 32 27
605 Milin ZHANG 10 362 63 36 31 21 20
606 Ming Ma 9 360 55 51 50 46 30
607 Chitra Shukla 11 358 51 50 38 36 29
608 Yangnan Gu 9 354 65 49 48 45 32
609 Pengcheng Chen 9 353 122 100 46 34 12
610 Tracy Xiao Liu 5 352 106 106 78 52 7
611 Quanyin Tan 10 351 93 55 38 30 27
612 Tao Zhang 10 345 82 51 49 32 22
613 苏瑞意/Su Ruiyi 10 344 79 41 37 35 31
614 XL Zheng 8 343 143 81 20 13 13
616 Xuefeng Wang 7 341 158 52 41 31 17
617 Feng Xu 10 341 67 48 44 26 24
618 Liu Xujie 11 340 41 40 29 26 24
619 Tie-Fu Li 11 339 61 47 29 26 18
620 Shuzhang Niu 8 339 77 59 52 48 41
621 Jianwen Pan 9 338 45 45 44 36 33
622 Chun Yang 8 336 199 23 19 18 17
623 Zhuo Chen 10 335 91 53 39 37 29
624 Wenyu Huang (黄文誉) 7 331 161 60 25 20 8
625 HoT Ng 9 327 105 53 31 31 18
626 Feng Yan 12 327 48 44 38 26 22
627 Chijie Zhuang 11 326 59 28 22 19 17
628 Guoqiang Tang 8 325 76 55 33 29 26
629 min zhang 10 324 45 38 34 28 25
630 Jianing Wu 11 321 58 36 23 17 17
631 Dr. Yanfei Li 10 320 53 36 21 18 17
632 Ling Tong 7 319 69 60 42 37 20
633 Fanghua Xu 12 319 43 35 30 28 27
634 Yahui Liu (刘亚辉) 10 318 32 27 23 21 20
635 Suhui Li 8 318 84 53 51 38 36
637 Peng Zhou 11 315 40 30 22 22 20
638 Jing Miao 6 314 180 61 19 15 11
639 Chengdu Qi 7 311 114 99 29 21 17
640 Dejun Zhu (朱德军) 11 307 26 24 23 18 18
641 Alexander White 7 305 98 90 52 33 13
642 Jianwei Zhang 8 305 180 23 14 13 10
643 Huimin Lei 10 305 99 61 28 16 16
644 Lixue Xia 10 303 52 48 31 26 22
645 Min Ouyang 7 300 87 73 55 39 12
646 he lingbing 10 300 48 45 24 24 23
647 Guanzhi Cheng 6 298 130 103 29 11 8
648 Yi Wang 9 296 63 36 33 31 28
649 Quan Yuan 9 293 20 16 14 14 11
650 Wei Haoyun 8 292 39 33 18 16 14
652 Xiaoyu ZHANG 4 291 129 124 25 4 4
653 Ye Yuan 8 291 83 46 32 24 23
654 Pengju Ji 11 290 45 45 40 26 25
655 Tian You 9 288 68 46 36 32 22
656 Chun Yu 9 288 56 26 18 16 13
657 Jin Shang 8 283 76 35 31 21 18
658 林佳瑞 (Jiarui LIN) 4 281 204 35 16 9 4
659 Xu Cong 9 281 33 31 24 21 12
660 Jianfei Chen 9 280 57 55 27 27 27
661 Haiyan Ding 7 279 76 40 34 24 15
662 Keliang Wang 6 278 148 39 34 27 16
664 LI, Shangyuan 8 274 92 63 35 17 14
665 Chao Jia/贾超 10 274 55 54 19 17 14
667 Kaiyuan Guo 4 271 231 14 7 5 4
668 Yu Jiang 10 270 53 46 30 21 20
669 Di GUO 7 270 96 44 30 30 13
670 Pingping Lin 10 269 66 36 25 23 21
671 Liheng Bian 10 267 50 47 32 21 17
672 Fangzhao Wu 9 267 87 27 21 20 15
673 Hai Jiang 8 266 45 40 30 28 25
674 Enlai Gao 8 266 121 28 28 20 12
675 Ruifeng Yao 7 266 95 60 32 19 19
676 Jizhen LI 8 263 67 41 34 22 13
677 Lin Xie 7 262 67 65 38 37 30
678 Yiyang Zhang 10 260 39 32 30 25 22
680 Wujun Shi 10 258 50 43 41 19 14
681 安浩然 10 258 54 35 29 25 23
682 Qiang Li 6 257 103 91 29 11 8
683 Wan-Lu Li 10 257 42 37 27 24 21
684 Xiaodong Liu 7 255 73 65 36 26 15
685 Qianli Huang 9 251 41 37 29 24 19
686 Yao Zhou 9 251 57 42 27 19 13
687 Lin Gan 8 250 45 39 34 27 24
689 Kezhi Li 6 250 120 37 34 16 10
690 Lingwei Ma 8 247 43 37 27 19 16
691 Jia Lu 8 244 95 45 20 16 15
692 Genquan Duan 6 243 116 35 34 24 15
694 Sohrab Mirsaeidi 8 240 44 39 22 20 18
695 Gang Ou 9 238 41 26 25 24 22
696 Jie Zeng 7 238 27 24 22 21 20
697 Xibin Han 8 237 66 53 30 15 10
698 Mingxing SUN 9 237 43 34 31 22 22
699 Wang Tianyang 7 236 72 58 28 14 13
701 Chuanyang Li 8 235 68 29 21 20 17
702 Dong Li 9 233 42 38 29 18 14
704 Zhenbo Wang 8 231 42 40 34 26 18
705 Zhufeng Shao 10 230 30 23 20 20 14
706 chuang zhang 6 229 113 25 23 19 12
707 Yong Cheng 6 229 128 39 24 10 8
708 Bo Yan 8 228 50 49 37 25 21
710 Xiaole Zhang 9 225 36 32 24 22 21
711 陈博 施 8 224 47 38 24 19 18
712 ciqi mei 5 224 139 26 23 14 5
713 Hui Cao 7 222 74 60 20 13 13
714 Fei He 7 221 33 31 15 12 10
715 Jie Xu 9 220 22 20 19 16 16
717 Bin Wu 7 220 58 50 46 20 18
718 Lei Zhao 9 219 39 33 28 19 19
721 zehui li 6 214 66 61 39 13 10
722 Haidong Tang 6 213 80 48 23 21 17
723 Hao Sun 7 213 38 36 23 19 19
724 Xudong Zhu 6 212 81 45 35 19 7
725 Wenbin Shi 8 212 53 41 28 18 18
726 Yue Qin 7 211 97 25 20 20 16
727 Yao Lu 4 211 181 13 13 7 7
728 Xin PEI 8 210 62 46 22 17 11
729 Zhengpeng Wan (Jason) 8 209 44 43 28 24 17
730 Liang HE 7 208 24 22 21 12 10
731 Guo-Yang Li 9 207 35 28 26 14 14
732 Cunchao Tu 7 206 63 48 26 16 9
733 Pengfei Zhang 7 205 72 29 26 25 16
734 Fei Qiao, Ph. D., Associate Professor 6 199 29 28 10 8 7
735 Du Yongchang 8 199 24 23 22 20 15
736 Yufei Zhang 7 199 24 21 18 16 13
737 Wenlong Wang 8 199 57 24 16 12 12
738 Yan Wang 8 198 47 46 23 22 17
739 Liu Hong 8 198 63 26 20 15 12
740 Lu Wang 7 197 51 35 23 22 19
741 Mingchao Zhang 7 197 51 43 35 25 13
742 Qiang Tang 唐强 5 196 85 61 19 11 7
744 Huandong Wang 6 195 54 39 27 27 22
745 Xiangying Ji 6 194 63 30 24 24 23
746 jia jia 7 192 45 41 38 21 12
747 Dongbin Wang 7 192 44 39 24 18 16
748 Ming Fu(付明) 10 192 23 21 15 13 12
749 Wen Huang 7 191 42 39 38 28 22
751 Feng Feng 8 190 23 23 19 17 12
752 Wu Hao 7 189 60 29 21 21 13
754 Ningqin Deng 7 188 52 30 26 18 15
756 Guangkun Ren (Alex) 7 187 31 28 19 19 18
757 Zhigang Wang 6 187 72 27 25 24 12
758 Jiaqiang Liu 7 186 59 28 27 19 18
759 Ren-Ci Peng 6 186 67 34 22 22 17
760 Yongzheng Wen 8 185 59 24 23 14 13
761 Dongsheng Yin 10 183 32 18 17 15 13
762 Yu Zhou 8 183 35 31 21 20 16
763 Heng Su 6 182 63 33 31 16 14
764 Zi-Long Zhao (赵子龙) 8 182 41 38 18 17 17
765 Laming Chen 7 179 40 28 18 15 10
766 Chen Wang 9 178 26 19 16 16 15
767 Fujian Xu 7 177 41 38 21 17 16
768 Gaoqiang Chen 7 176 44 33 24 13 13
769 Xiao-Long Ouyang 6 176 39 36 34 30 7
770 Zhonghua Zhang 8 175 37 29 28 16 14
771 Sun Xuefeng 9 174 33 30 18 15 14
772 Ying Zhang 7 174 29 27 23 17 17
776 Sheng Wu (吴胜) 6 172 68 23 18 11 9
777 Siqi Hong 7 170 55 33 19 16 12
778 Zhen Wu 6 170 53 42 26 20 12
779 Jianjian Wang 8 170 29 21 19 16 14
780 Ting Sun 7 170 43 38 27 19 11
781 Xiaoxu Yan 9 169 38 19 19 17 16
782 Tao Xue 6 169 72 16 14 10 9
783 Yuchao Hua 8 169 43 20 17 16 14
784 Chuanchuan Hou 5 169 69 60 17 10 5
785 SUN Hao 7 168 31 21 21 16 10
788 Fengli Xu 6 167 54 39 24 19 14
789 Le-Hua Liu 刘乐华 7 166 35 24 21 20 18
790 Zhen Xu 6 165 35 30 23 19 11
791 Zihan Huang 8 165 40 40 14 13 12
792 Haikun Jia 9 165 20 18 15 15 14
793 Shaobo Cheng 7 165 37 33 19 12 11
794 Kun Qian 5 165 60 49 26 11 10
795 Jingtan Su 8 163 25 22 21 19 14
796 Jawayria Mujtaba 6 163 44 40 28 23 9
797 Weiye Zheng 6 163 59 25 23 18 15
798 Zhirong Shen 8 161 30 24 17 17 14
799 Jian-Ya Ding 6 161 46 38 34 11 9
800 Lu Zhang 8 161 38 19 16 14 9
802 Shaowei Huang 7 160 17 14 12 10 10
803 王程韡 7 160 44 10 9 9 8
804 Yuqing Wang 8 159 33 23 19 17 16
805 Sheng Yu 6 157 53 33 14 10 10
806 Hao Wu 6 157 36 25 22 19 10
807 Ni Xu 7 157 40 19 14 12 10
808 Tao Jin 4 156 122 11 6 4 4
810 Rajan Singh 6 155 35 18 16 15 11
812 Xiaoke Jiang 9 154 21 21 17 13 11
813 Yu Zhang 8 154 64 17 12 10 9
814 Xinchun Chen 8 154 39 19 19 15 15
815 Yucheng Hu (胡煜成) 7 153 30 28 22 18 15
816 Rong Gao 8 153 29 19 14 12 12
817 Chongxuan Li 6 153 65 43 16 10 9
818 Gao Yuan（高原） 6 151 30 21 9 8 7
820 Bin Dang 7 150 42 27 19 12 11
821 Rui Wang 8 149 31 15 13 13 11
822 Yanfeng Gao 5 149 35 34 17 15 7
823 Yongqiang Qin 7 148 56 25 11 10 9
824 Zhiyuan Jiang (姜之源) 5 147 88 9 6 6 6
826 Geng Deng 6 147 45 25 17 13 10
827 YAN TANG 5 147 50 31 23 22 16
829 Hao-Bo Li 5 145 64 19 14 8 7
830 Fuqiang Chu 8 145 23 20 19 18 14
831 Leilei Sun 7 144 45 25 23 8 8
833 Zhanpeng Fang 5 143 78 20 15 13 11
834 Han Wang 4 142 77 27 14 6 4
835 Sihao Zhao 6 142 39 24 23 13 6
836 JIA DAI 4 142 48 41 28 18 3
838 Yin Wang 6 141 79 79 79 19 9
839 Kai Wang 7 141 25 19 19 18 15
840 Lu Zheng 6 140 44 33 17 12 9
842 Hao Ma (马豪） 5 140 62 32 12 6 5
844 Wei Rao 5 138 59 39 11 10 9
845 Abdul Raheem 6 138 77 14 12 9 9
846 Hongchen Yu 7 137 20 19 15 12 11
847 Hao Ge (葛昊) 8 136 45 21 17 15 11
848 Mao-Hua Zhang 5 136 72 33 13 10 6
849 binheng Song 7 135 30 14 13 12 11
850 Yichen Zong 6 134 48 24 16 13 11
851 Guozhao Ji 7 134 22 16 14 12 10
852 Xinwei Shen，沈欣炜 7 134 36 19 15 12 9
853 You Wang 6 134 38 29 21 17 10
854 Yangyang Fu（付洋洋） 8 134 15 12 12 11 11
855 Dongchao Guo 5 134 36 36 19 18 13
856 Yilin Sun 7 134 21 18 11 10 9
857 Xiaoqing Xu 6 133 26 19 17 14 11
858 Xiaopei Li 6 133 47 27 17 14 13
859 Jieliang Zhao 7 132 36 20 14 12 9
860 Jintao Chang 8 131 27 20 18 14 12
861 Chunmei Gu 6 130 47 41 10 10 8
862 Keren Dai 4 130 67 29 17 10 3
863 Chen Tianyuan 7 128 29 16 16 15 14
864 Junming Zhu 5 128 60 21 14 8 7
865 Xinyu Zhang 3 128 80 38 3 2 2
867 Deshan Meng 6 127 36 19 12 9 8
868 Yihua Ren 6 127 53 25 15 11 7
869 Bingyang Liu 6 126 67 18 13 9 6
870 Jingwen Yu 7 126 33 27 20 13 10
871 Kate Smith 7 126 25 13 12 10 9
872 Hayato Shimabukuro 8 125 20 20 15 15 13
874 Jiamin Wu 4 124 70 70 34 8 5
875 Min Zhou 6 123 35 14 12 11 10
876 Ran Shu 5 123 42 24 14 12 9
877 Han Wang 6 123 29 22 12 12 11
878 Huarong Gu 6 123 24 19 19 10 10
879 Shuhua Zhang 6 121 29 19 14 13 12
880 尹玄武(Xuanwu Yin) 6 121 38 24 18 12 10
882 Lantian Li 6 120 16 13 12 10 7
886 Xian Tang 7 119 50 11 11 8 8
887 Yang Jiao 4 118 54 24 17 15 4
888 Haitong Yu 6 117 40 24 14 7 7
889 Jingjing Wang 6 117 25 25 16 9 9
890 Yangyu Guo 5 117 46 22 17 8 5
891 Yanan Yuan (原亚南) 6 117 21 19 17 8 8
894 Haixiang Gao 6 115 33 20 16 12 7
895 Lin Zeng 4 115 77 14 11 4 3
896 SIXIONG YOU 5 115 67 18 9 7 6
899 Yu-Ping Wang 5 114 56 14 13 7 6
901 Xu Chen 6 113 24 18 16 15 14
902 Qiang Guo 6 113 20 18 15 11 10
905 Tianyao Huang 7 110 25 25 13 11 10
906 Xin-Ji Liu 6 110 26 24 19 13 11
907 Miao Wang 5 110 41 39 14 8 5
910 Han Liu 5 109 32 21 21 10 5
912 Jiangtao Wang 6 109 18 15 14 13 12
913 Haipeng Mi 7 108 30 14 10 9 8
914 Ye Wang 3 108 58 31 18 1 0
915 Tianmin Wang（王天民） 5 108 52 24 12 8 5
916 Jun-hong Hao 7 107 23 12 11 11 11
917 王毅 （Wang Yi） 6 107 45 9 8 8 7
918 Feng Bao 5 107 34 32 16 11 5
919 Yangchao Shen 4 106 37 31 24 7 4
920 Shahzad Salam 5 105 53 16 9 8 6
921 Can CHEN 6 105 14 14 12 8 7
922 Jin JIN 6 104 15 15 12 12 8
923 Lei Hou (侯磊) 5 104 49 23 7 6 6
925 Bin Xu 6 103 25 18 17 10 8
926 Xiang Wang 4 102 62 14 7 5 3
927 Xianyu Wang 5 102 46 24 12 7 6
928 Hehe Li 5 102 56 12 7 7 5
929 Mingxing Zhang (章明星) 7 102 25 17 14 9 9
932 Chi Zhang 5 100 33 23 18 12 6
933 Shuhao Wang 7 100 15 15 11 9 8
935 ZhaoChu Luo 6 100 17 11 11 9 8
937 Xin Wang 4 100 42 24 23 6 2
939 Shihan Xiao 4 99 27 27 27 10 4
942 Reza Gholizadeh Aghoyeh 4 97 43 34 4 4 3
943 Danna Shan 5 97 48 16 13 8 7
944 Wen Song 6 97 28 27 11 9 7
945 Wenqian Shen 6 97 29 13 13 11 9
946 Zhibo Wang 5 96 45 14 9 6 6
950 Conghong Huang 4 95 30 21 18 10 4
951 Xiaolei Xie 5 94 24 21 12 7 6
952 Yue Sun 6 94 24 16 15 11 7
956 Jie Zheng 5 91 22 11 10 9 9
958 Xiaochen Zhu 6 91 20 20 16 14 12
959 Jun Cai 4 91 32 18 13 9 4
961 Fang Su 5 91 46 9 8 6 6
962 Yan Cheng 5 90 29 11 10 10 9
963 Wang Fei 6 89 22 21 8 8 7
964 Zhiyuan Tang 6 89 32 13 10 7 7
965 Weihong Li 5 88 20 15 12 12 7
966 Pengyu Chen 6 87 27 14 12 10 9
967 kejin zhao 5 87 14 9 6 6 5
968 Yinpeng Dong 6 87 15 14 13 13 12
970 Wanshan Zhu 4 86 32 21 15 12 12
972 He DING 4 86 42 16 13 5 3
973 Mingxiang Hu 3 86 46 22 8 3 3
974 ran ding 4 86 40 13 10 7 4
975 Hanchen Jiang 6 86 23 16 12 11 10
976 Wei Yin 5 85 19 18 14 8 8
978 Min Zheng 5 85 22 13 12 8 6
979 Xuefeng Cui 6 84 19 12 11 9 6
980 Lei Jiang 6 83 18 12 7 7 6
982 Longzhuang He 5 83 20 12 6 5 5
983 Xiaoli Lu 5 82 26 11 11 7 6
984 Ruo-Yu Dong 7 82 19 19 10 8 8
985 Xiaoxiong Zhong 6 82 12 8 7 7 7
987 Jianxiao Wang 5 81 22 14 11 9 6
988 Xuemei Hu 6 80 19 14 12 11 11
989 Xu Liu 6 80 15 9 9 9 9
990 Sheng Chen 5 80 25 18 16 7 6
991 Weixin Huang 5 79 14 10 8 6 5
993 Chunsheng Jiang（蒋春生） 6 79 25 21 11 9 8
994 AWAIS SIDDIQUE Saleemi 5 79 22 22 9 9 9
997 Hailin Hu 4 78 49 15 5 4 3
998 Guifang Fan 4 78 36 21 7 4 4
999 Zhiwen Wang（王志文） 5 78 22 10 9 7 7
1000 tianhu deng 4 77 33 12 6 6 4
1001 Fang Yuan 6 77 16 10 8 7 7
1002 Maomao Zhang 5 76 20 13 9 7 7
1003 Tao Shen 3 76 47 9 5 3 2
1004 Qingcheng Hu 6 76 27 11 9 6 6
1006 Ruyuan Deng 5 74 26 9 8 7 6
1007 Han Qu 6 74 20 10 8 7 6
1009 Liang Mei 5 74 18 14 9 6 6
1013 Yanchen Liu 3 73 36 23 13 1 0
1015 Yisen Wang 5 71 13 9 6 5 5
1016 wei cao (曹伟) 5 71 26 8 7 7 6
1018 Weiqi Ji 5 70 18 17 12 10 6
1020 Jiaxun Lu 5 69 11 10 10 6 5
1023 Baicun Wang 5 68 24 7 7 5 5
1024 Ruishan Xie 6 68 19 11 11 9 6
1025 Long Jin 5 68 11 11 11 9 8
1026 Xiyan Xu 4 67 39 11 8 6 3
1031 Wei Wang 4 66 20 12 10 8 3
1034 Jian Zhao 5 66 20 9 7 6 5
1036 xia liu 5 66 15 12 9 6 5
1039 Yongsan Li 5 66 19 14 11 6 5
1043 Wensheng Xie 5 65 20 13 11 8 5
1045 Hao Jiang 5 64 28 15 8 5 5
1046 Tong Li (李彤) 4 64 21 15 10 5 3
1047 Yu WANG 王宇 5 64 19 16 8 6 5
1048 Mingming Nie 5 64 15 11 7 6 5
1049 Renfang Huang 4 63 17 14 6 6 4
1050 Kai Gao 2 63 32 30 1 0 0
1051 Zhenyi Ju 4 63 30 9 9 4 4
1052 向帆 3 63 45 4 3 2 2
1053 Yaxiao Liu 6 62 10 10 9 7 6
1056 Kunjin Chen 4 62 34 9 6 6 4
1057 Jun Zhang 5 61 18 13 12 5 5
1058 Guohao Dai 3 61 20 17 15 3 3
1059 Juntao Huang 4 60 22 11 7 4 4
1060 Linmei Hu (胡琳梅) 4 60 15 12 11 5 4
1062 Jianbin Jin 3 59 26 21 8 2 1
1063 Zhipeng Yan 5 59 35 5 5 5 5
1065 Tan Yi 5 58 13 9 8 5 5
1066 Haitian Pang 6 58 10 9 8 7 7
1067 Jiaxin Mao 3 57 25 19 4 3 2
1068 Tianqi Zhang (张天琦) 4 57 20 12 11 5 2
1069 谢驰宇 Chiyu Xie 5 57 14 11 10 7 5
1071 Jingwei Yang 4 57 20 14 6 6 2
1073 Cheng Luo 5 56 13 6 6 6 6
1075 Yuntao Wang 4 55 26 13 5 5 3
1076 Gongzhuang Peng 5 55 10 9 7 7 7
1085 SONG Jian 4 54 15 9 8 8 4
1086 Zicheng Liu 5 53 14 8 8 5 5
1088 Xiangming Meng 5 53 11 11 7 5 5
1091 Haozhi Huang 4 52 15 13 10 6 3
1092 Zhigang Yuan 4 52 21 10 8 5 3
1093 Tauseef Anwar 5 52 14 7 6 6 6
1094 Manzoor Ahmed 4 52 16 10 10 8 4
1096 Lijun Gao 3 51 29 8 8 2 2
1098 xinhe wang 5 51 15 14 7 6 6
1101 Li Zhang 4 50 22 10 5 4 3
1102 Mohd Yawar Ali Khan 4 50 12 10 7 6 4
1106 Omid Shekoofa 3 49 20 8 5 3 3
1116 Yinan Sun 4 47 14 14 7 4 3
1119 Peng Zhao 4 46 16 8 8 5 4
1120 Chen Sun 4 46 17 11 8 7 1
1122 Xukun Liu 4 46 11 9 7 6 4
1124 Tao Dai 3 45 13 13 10 3 3
1126 Fangzhou Liao 4 45 12 10 8 5 4
1128 Gururaj Kudur Jayaprakash 3 44 24 7 4 3 2
1129 Mingchao Liu (刘明超) 4 44 18 6 6 4 4
1130 An Wang 4 44 14 7 7 7 3
1132 Yao Xiao 4 44 10 8 7 5 4
1134 Zhixiang Chen 3 44 16 8 7 3 3
1136 Yongyou Cao 4 43 10 10 7 4 4
1137 Yuanhang Dai 3 43 10 7 7 3 3
1138 Xin Li 5 43 11 9 6 6 6
1140 Jingwei Zhuo 3 43 31 5 5 1 1
1142 Jianfeng zhou 3 42 20 11 3 2 2
1143 Fei Xue 4 42 10 6 6 6 4
1144 Muhammad waqas 3 42 32 3 3 2 1
1146 Yuchao Zhang 3 42 21 4 3 3 2
1151 Yang Tang 3 41 14 13 9 2 2
1153 Xinyue Shen 3 41 15 7 4 3 3
1156 Wenhua Wan 2 40 30 6 2 1 1
1159 Shiqing Deng 4 39 11 8 6 5 3
1164 Fuan Pu 4 38 16 5 4 4 3
1170 Yongliang Wang 4 38 12 6 6 4 4
1179 Shuang Chen 3 36 15 8 4 2 2
1180 Mengmeng Wu 3 35 12 7 6 3 2
1186 Ke Feng 3 34 11 6 4 3 3
1194 Tianmao Lai 3 33 11 5 4 3 3
1196 Bang-Dou Huang 3 33 11 10 7 3 1
1198 Xinzhi Wang 4 33 8 7 5 5 3
1204 Ruizhe Li 3 32 6 6 5 3 2
1205 Zhiqing Xiao 3 32 6 5 4 3 3
1209 Zhizhen Zhong 3 31 8 8 6 3 2
1212 Jianhua Pan 2 31 12 12 2 1 1
1214 Mingyue Zhang 3 30 15 5 3 3 2
1220 Zheng-Yang Huo 3 29 11 9 6 2 1
1221 Fengchun Li 3 29 12 6 3 2 2
1224 Hu Qingda 4 28 8 4 4 4 2
1225 Mohsin Rafique 3 28 11 7 3 3 2
1226 Fengbin Tu 3 28 11 8 4 2 1
1227 Lida Huang 3 28 11 10 5 2 0
1229 Zhaojian Wang 3 28 10 10 6 3 2
1236 Xiaohe Hu 3 27 10 8 7 1 1
1240 Mohammad Shidujaman 3 26 11 5 4 2 2
1241 Yan Wang 4 26 11 5 5 4 1
1243 Minglei Yang 3 26 9 7 3 2 1
1244 Yue Gao 4 26 8 5 4 4 2
1248 Enya Shen 3 26 7 7 6 3 2
1249 Wen Qi 3 26 11 9 4 2 0
1260 Tao Wang 3 24 5 5 4 3 2
1278 Chao Wu 2 22 10 4 2 2 1
1281 Cindy (Sin Yi) Tsang 2 22 11 6 6 2 2
1282 Yanjun Du 杜艳君 3 22 6 5 4 3 2
1286 Wen Hu 3 21 9 5 3 2 1
1300 Shreyank N Gowda 3 20 6 4 3 2 1
1306 Jianbang Xiang 2 19 10 9 0 0 0
1311 jiarui fang 3 19 8 5 4 1 1
1312 Penghui Li 3 18 7 4 4 1 1
1315 李广德 2 18 7 5 2 2 2
1318 叶志鹏 2 18 6 3 2 2 1
1327 Lindong Yang 2 17 12 4 1 0 0
1338 Qingtao Tang 3 16 6 3 3 2 2
1341 Wen-Hao Pan 潘文豪 2 16 9 2 2 2 1
1342 Gan Gao 2 16 7 4 2 2 1
1343 Guohe Liang (梁国贺) 2 15 8 2 2 2 1
1349 Weiran Shen 3 15 3 3 3 2 2
1353 孔郁斐 2 14 6 4 2 1 1
1356 Hailong Shi 2 14 6 3 2 2 1
1359 Yu Zhou 3 14 6 3 3 1 1
1393 Yichuan Wu 3 12 4 4 3 1 0
1414 Zhenzhi Wu 2 9 3 2 2 1 1
1427 Qizheng He 2 9 6 2 1 0 0
1437 Wenhui Zhang 2 8 4 3 1 0 0
1446 Qingyu Li 2 8 2 2 2 1 1
1457 BIAO XU 1 7 5 1 1 0 0
1463 尹西明_Ximing YIN 2 7 2 2 1 1 1
1466 cheng zhang 2 7 3 3 1 0 0
1495 Xunwang Dang 1 5 4 1 0 0 0
