1 Shu-Hong Yu 118 45304 900 899 729 690 547
2 Linpeng Wang 67 33029 1087 449 362 317 308
3 Jian-Wei Pan 82 30240 5000 1158 1126 976 658
4 Yong-Fei Zheng/郑永飞 85 26821 930 881 741 669 631
5 Han-Qing Yu 86 25778 992 462 450 379 334
6 Jinlong Yang 75 22108 740 592 560 527 378
7 Mingzhe Li 54 19891 2067 389 384 354 335
8 Xiang-Yang Li (李向阳) 69 17432 649 628 364 352 337
9 Shiyong Liu 75 16666 508 455 408 372 346
10 Gongming Wang 45 12127 1462 833 826 628 625
11 Feng Wu 吴枫 53 11342 514 460 306 278 260
12 Xiaoguang Li 50 10682 483 393 262 261 228
13 Guo-Ping Sheng 50 9089 992 450 226 216 188
14 Hai-Wei Liang 41 8859 900 583 426 421 370
15 Yao Hongbin 49 8647 592 425 375 344 301
16 Guoqiang Bi 26 8627 3121 1278 670 475 269
17 Xiaojun Wu 49 8478 1661 335 305 275 241
18 Yu-Ao Chen 38 7474 658 651 556 331 304
19 sun jinhua 36 6551 684 391 150 101 98
20 rui jiang 40 6362 803 378 193 146 124
21 Pingwu Du 42 6065 718 410 357 268 248
22 Chao-Yang Lu 37 5915 657 628 331 295 277
23 Weixin Huang 45 5891 265 192 154 152 147
24 Rongbin Zhou 19 5767 2155 1377 666 282 204
25 Genqiang Zhang (章根强) 33 5675 687 584 449 418 345
26 Min-Rui Gao 31 5504 729 570 421 392 271
27 Zhenyu Li 42 5491 527 269 261 260 239
28 Yiqing Hu 9 5396 2865 1889 276 224 22
29 Yi-Fu Cai 40 5367 533 297 242 224 212
30 Hengxing Ji 34 5306 618 616 304 254 248
31 Nenghai Yu 35 4831 331 243 217 199 193
32 Xiaodong Zhang 30 4722 886 854 317 298 231
33 HengAn Wu 27 4686 1292 861 286 243 129
34 Zhang Yongdong 33 4673 357 306 279 278 120
35 xuan shouhu 35 4609 332 301 283 235 157
36 Shuang Cong 30 4529 949 227 155 130 126
37 Jian Liu 32 4451 565 192 82 79 71
38 Zhengfei Wang 30 4402 1448 300 176 153 149
39 Kong, Xu 28 4380 842 431 255 246 227
40 Kun Qu 28 4340 700 437 292 265 257
41 Ligang Liu 31 4309 472 331 235 235 184
42 Jinming Hu（胡进明） 33 4250 408 372 262 216 164
43 Junfeng Xie 23 4243 1163 854 421 231 223
44 Liangbin Li 36 4235 206 201 160 152 117
45 Qunxiang Li 35 4224 560 235 193 181 173
46 Haojun Liang 37 4110 190 133 117 112 106
47 Shao-Bing Zhang 22 4038 444 418 411 326 315
48 Yongfu Sun 32 4014 378 318 289 264 258
49 Tao Li 33 3975 388 272 269 263 222
50 Ruiguo Cao 19 3964 1058 581 347 300 219
51 Gang Pei 31 3930 336 242 203 186 161
52 Liansheng Zhang 24 3845 1441 464 176 122 73
53 Ming-Wei Wu（吴明卫） 33 3839 448 168 139 116 112
54 Kai Chen 23 3810 1204 394 231 188 174
55 Tao Chen 32 3793 226 221 176 168 160
56 Jiuhou Lei 33 3749 236 197 137 123 107
57 Xinguo Ren 25 3553 1030 286 280 270 160
58 Zuqing Zhu 35 3547 183 113 95 88 87
59 Yilin Xiao 26 3509 927 278 195 189 169
60 Qinghua Liu 29 3495 325 289 258 172 171
61 Haiyong Xie 25 3493 1029 405 259 253 108
62 Zeng-Bing Chen 27 3485 657 277 198 172 157
63 Yang Mu 32 3450 216 213 181 159 154
64 Jun Jiang 35 3428 232 197 196 135 115
65 Zhen-Yu Wu 19 3413 900 426 374 249 230
66 Maikun Teng 33 3330 235 187 165 144 125
67 Qingsong Wang / 王青松 27 3293 684 150 101 98 83
68 Junling Lu 31 3261 381 188 177 148 125
69 Chong Xiao 29 3212 421 325 252 186 174
70 Changle Chen 33 3210 357 181 126 125 100
71 Jie Wu 29 3125 214 204 169 155 137
72 Yue Lin 26 3093 378 255 251 245 230
73 Haijiang Zhang 28 2989 577 302 207 121 119
74 Zeming Qi 32 2986 148 146 105 101 101
75 Fengjia Fan 24 2974 384 354 199 172 155
76 Yao Huajian 22 2973 686 532 356 164 138
77 Liusheng Huang 28 2962 118 115 107 57 54
78 Xu Li 25 2866 535 158 132 117 110
79 Wenhua Zhang 28 2865 378 261 260 239 190
80 Chang-Ling Zou 30 2817 131 131 116 107 107
81 Wang, Yuming 30 2787 192 192 138 109 94
82 Cong-Zhao Zhou 26 2769 569 434 84 70 70
83 Guang-zhong Sun 16 2736 661 461 241 232 230
84 bo zhao 21 2706 421 304 223 192 181
85 Youjin Deng 27 2705 421 186 135 131 119
86 Hong Jiang 31 2672 182 160 155 141 140
87 Zhang QingChuan 24 2661 137 136 81 81 76
88 Hangxun Xu 24 2630 374 350 275 112 111
89 Feng-Chao Wang (王奉超) 21 2603 861 286 243 148 125
90 Shui-ming Hu 29 2522 150 114 73 63 61
91 Yong WANG 24 2481 359 89 81 79 52
92 Cheng Ma 25 2476 221 206 187 180 163
93 Ying Zhang 25 2458 239 201 154 146 133
94 weiming zhang 25 2435 331 151 142 127 127
95 Zhouqing Xie 26 2417 208 178 152 121 100
96 Zhen-Sheng Yuan 19 2399 628 304 223 192 167
97 Junlin Xiong 17 2376 657 443 210 170 107
98 Zhou Wengang 23 2349 678 240 111 87 72
99 Tengchuan Jin 17 2349 1019 256 184 124 93
100 Wei Chen 27 2346 184 104 103 98 77
101 Chao Xu 25 2335 285 169 156 143 136
102 Shuai Chen 17 2333 421 304 223 192 186
103 Daobin Liu 14 2234 1661 98 83 42 38
104 邹纲 23 2218 136 113 66 64 55
105 Bo You (游波) 20 2218 371 230 204 197 119
106 Zhenhua Qiao 19 2210 374 254 181 179 176
107 Yun Xu 22 2207 434 138 115 68 57
108 Lei Zhu 23 2174 290 225 186 141 117
109 Hui-Hui Li 21 2172 330 213 212 139 130
110 Chun-Hua Dong 24 2114 244 164 116 107 107
111 Fang Huang 22 2067 192 181 149 121 116
112 liping yang 27 2046 226 138 132 123 117
113 Kai Xing 20 2030 468 162 140 128 103
114 Zhen-Hua Ling 24 2017 174 123 112 96 90
115 Ya-Rong Zheng 17 2015 421 392 271 237 140
116 Fang-Wen Sun 26 1996 131 107 84 81 81
117 YU Yugang 21 1982 154 144 133 128 91
118 Jiahu Qin 23 1929 204 154 143 117 113
119 Sixia Yu 25 1912 261 148 81 74 72
120 Kaifu LUO 23 1891 165 145 127 120 111
121 Guangming Liu 25 1886 162 94 93 79 71
122 Xiao-Hui Bao 18 1882 331 269 223 146 135
123 Ming Gong 22 1852 237 144 98 92 91
124 Chun Zhao 26 1845 134 106 87 76 71
125 Aidi Zhao 20 1836 560 126 114 92 88
126 Huang wen 25 1820 263 87 85 82 75
127 Wu-Jun Liu 24 1811 182 160 140 113 103
128 Du Xiao-Jiao 20 1798 699 217 150 110 87
129 Ge Shan 19 1791 416 264 174 169 90
130 Xiang Wu 16 1780 508 468 256 120 78
131 Ning Xu 23 1770 245 121 109 108 108
132 jianwen liang 27 1762 99 98 79 75 75
133 Yong Ni (倪勇) 20 1756 375 151 143 72 69
134 Wen HM 21 1737 316 154 140 136 83
135 Wenyi Zhang 24 1719 179 99 77 74 70
136 Xiaodong Ye(叶晓东) 24 1676 149 124 110 106 97
137 Xinming Zhang 21 1673 177 149 93 87 87
138 Chao Wang 21 1652 227 140 101 79 78
139 Bin Yu 25 1648 105 103 87 81 75
140 Pengzuo Chen 17 1645 335 262 138 134 121
141 Teng-Yun Chen 19 1642 237 157 140 127 100
142 Xingxing Chen 20 1640 281 102 88 74 55
143 Chen, Xiao-Wu 21 1594 79 75 62 53 51
144 Jiansong Deng 19 1593 222 184 119 77 74
145 Jun Zhang 16 1577 325 269 107 89 83
146 Jie Ji 22 1566 83 71 66 58 54
147 Yunfei FU 21 1563 230 107 107 84 84
148 Xiang CHEN 15 1555 293 193 98 89 84
149 shangfei wang 20 1537 198 121 121 56 54
150 Xu Peng 7 1535 532 456 262 198 53
151 Kun Qian 19 1530 192 150 147 136 95
152 Zhenpeng Su 23 1529 164 125 86 84 74
153 Juan Yin 16 1521 296 269 156 152 107
154 Rui Liu 25 1518 77 72 71 70 63
155 Yongqian Shi 23 1505 103 86 81 72 59
156 Jianwei Liu 20 1482 189 140 133 109 108
157 Qi Liu 18 1451 171 133 127 100 78
158 Xi-Lin Wang 16 1418 310 228 141 135 116
159 Guoyong Xiang(项国勇) 18 1405 223 196 160 101 98
160 Ao Li 17 1403 196 178 130 124 93
161 Yu Vincent 16 1371 416 57 49 39 38
162 Jun Du 18 1370 322 281 55 42 36
163 Xianglong Hu (胡祥龙) 18 1370 262 205 147 124 90
164 Xifeng Ren 21 1344 120 106 62 61 57
165 Zhijun ZHENG (郑志军) 17 1339 377 177 93 84 71
166 hongwei li 20 1337 184 103 98 77 73
167 zhongqing Wu／吴忠庆 21 1335 134 89 75 69 65
168 Can Gong 14 1328 543 43 36 31 31
169 Yao Zhang 13 1303 740 103 94 75 36
170 Wenjian Luo 15 1297 233 76 50 47 43
171 Qiang Ling 15 1286 172 157 141 129 105
172 Zheng-Wei Zhou 18 1276 95 93 93 56 54
173 Nan Yan 19 1266 295 231 165 67 51
174 Shuji Ye 21 1261 121 87 80 75 72
175 Hefu Liu (刘和福) 13 1250 302 249 156 104 66
176 Shuang Wang 17 1246 184 103 98 73 70
177 Fazhan Shi 13 1233 415 121 121 79 70
178 Ye Hong 19 1231 368 72 48 47 39
179 bi-heng liu 18 1227 342 126 68 63 58
180 Xin Li 11 1220 291 222 190 114 86
181 Zhu Mao 21 1211 124 70 66 65 61
182 Panlong Yang 20 1206 63 48 44 42 41
183 Yan Xu 17 1204 147 147 96 96 92
184 Ah Di Liu (刘阿娣) 18 1204 193 145 95 86 74
185 Jin Ran 19 1199 157 113 96 92 91
186 Yachen Zhu 18 1168 166 112 71 51 49
187 Peiquan Jin 17 1146 91 71 47 25 24
189 Hongli Xu 16 1125 45 43 36 30 27
190 hongliang jiang 17 1110 199 101 101 94 88
191 xing zhang 21 1087 99 94 79 71 68
192 Yonglong Luo 18 1082 52 52 44 41 37
193 shouhong guang 13 1066 248 209 171 103 69
194 xing rong 14 1058 312 121 121 70 67
195 Kun Huang 18 1055 111 93 89 74 74
196 Guhuan Liu 15 1052 147 128 105 95 84
197 xiangfa zhou 15 1052 267 131 96 81 44
198 Zhen Dou 19 1031 134 104 103 81 54
199 Xiaona Li 21 1026 75 75 67 61 55
200 Cong Shen 18 1005 85 73 66 55 47
201 Derek Qingxiong Weng 15 999 186 153 53 51 42
202 Zhihua FENG 17 984 165 52 41 41 36
203 Wei Hu 16 983 92 85 79 76 67
204 yin feng 9 982 262 190 156 122 115
205 ma,xinan 15 979 251 132 63 55 47
206 Wang-Ye Li 15 967 209 139 129 58 56
207 Dong-Sheng Ding 17 948 116 92 90 56 42
208 xing liang 12 944 363 121 111 42 41
209 XingCan Yao 11 944 331 277 119 74 27
210 Xisheng LUO 16 943 62 57 48 48 41
211 Zhen-Yi Cai (蔡振翼) 15 943 149 114 79 68 63
212 Ruowen Zong 13 939 189 167 112 83 77
213 Huaiwei Ni 15 931 151 110 105 76 71
214 Zhouwang Yang 12 919 222 184 74 62 52
215 Peng Hu 18 908 73 72 56 50 44
216 Gang Wang 15 904 72 72 65 64 60
217 Zi-You Yu 11 901 294 104 86 78 63
218 Xinmei Tian 15 886 182 123 111 56 34
219 Huai-Ling Gao 12 882 226 140 124 81 57
220 Junhua Yuan 15 876 126 111 92 75 56
221 Yong Ding 丁勇 13 874 172 143 114 85 75
222 Yuan Cao 曹原 10 864 296 152 93 89 65
223 Ping Wu 10 861 261 239 72 63 52
224 Zhou Shiming 18 857 72 53 51 48 42
225 Lihua Yang 14 848 135 123 110 85 76
226 Shan Xi Tian 15 845 74 50 42 40 38
227 Yongjun Li 14 842 149 107 91 72 58
228 Zhengjin Yang / 杨正金 18 842 78 73 56 50 48
229 Ping Zhu (Plasma Physics) 16 837 153 95 51 49 43
230 Kem Zhang 12 832 167 113 96 90 63
231 G Zhao 14 832 88 69 62 58 32
232 Erqiang Li (李二强) 16 804 135 79 72 49 42
233 Wei Yang 16 792 57 44 42 36 31
234 Jiuchang Wei 15 790 43 38 35 32 29
235 Hongyan Guo 9 788 305 144 94 90 59
236 Shiwu Zhang 13 783 108 55 45 36 31
237 Ling Lin 8 770 376 146 133 32 29
238 Quan Wen 9 769 122 121 119 108 106
239 Hai-Ou Li 14 765 97 96 73 46 41
240 lan zhang 15 753 138 105 47 44 43
241 Qiquan Luo 13 746 378 72 34 33 31
242 L. F. Zhu 15 745 53 53 46 42 42
243 Xianghui Xue 16 742 72 62 56 56 44
244 Juyong Zhang 15 740 116 98 67 53 37
245 Jingyi Luo 14 734 150 124 75 52 42
246 Xing Ding 7 733 270 230 78 54 33
247 Feng Zhang 17 732 78 50 42 40 35
248 Jie Wang, 12 729 252 92 92 75 75
249 Chang Liu 9 719 296 141 93 78 41
250 Dong Liu 13 718 185 51 50 39 39
251 Ting Si 15 709 69 62 56 34 31
252 Zachary J Smith 14 705 245 61 37 37 37
253 Guanyin GAO 14 699 86 84 40 39 34
254 Jun Liu （刘军） 17 692 60 56 43 37 29
255 李旭 16 682 94 62 47 47 37
256 Tianpei Zhou 11 681 138 121 70 55 53
257 Chao Wang 12 676 339 52 34 30 25
258 Weiwei Shang 14 669 65 58 52 51 48
259 Haiping LAN 6 667 493 69 32 32 27
260 Yue-Wei Yin 殷月伟 11 665 209 66 46 43 39
261 Wei Leng 13 646 113 80 80 72 72
262 Anting Wang 14 643 63 61 45 44 42
263 Hongyuan Jiang （姜洪源） 12 641 153 68 66 57 42
264 Shijing Tan 11 620 119 114 88 81 45
266 Yinhua Xia 11 614 134 96 76 71 47
267 Zhiwei Xiong 14 604 98 56 53 39 37
268 Chao Wang 14 599 45 31 27 26 25
269 Peiqun Yin 10 585 255 98 53 37 31
270 Hai-Lin Yong 7 582 296 68 63 56 36
272 yu kang 11 575 101 79 61 48 39
273 孙亮 (Liang Sun) 12 572 111 58 52 49 25
274 Jin-Ming Cui 15 571 84 62 59 38 35
275 Wen-Shuai Zhang 10 564 325 63 59 27 21
276 Ruan, Ke 9 563 236 90 53 45 26
277 C. B. Wang 13 559 79 78 56 47 31
278 Zhuo Hao 8 551 243 86 64 52 36
279 Sian-Jheng Lin 14 545 93 49 47 37 31
280 Kai Han 13 537 160 53 37 34 23
281 Yanlei Hu 14 537 36 31 26 25 24
282 Qinglong Gou 11 533 133 66 36 26 25
283 Feng Wu (吴锋) 14 528 82 44 34 32 30
284 Yingwei Pan 10 524 174 80 67 57 48
285 Xun Chen, PhD 13 518 62 56 47 35 27
286 Gang Cai 10 518 106 106 91 49 49
287 Ke Tian 11 514 73 65 64 58 55
288 Song Chen 12 505 51 41 21 20 18
289 YiHeng WEI · 卫一恒 14 505 50 40 39 33 30
291 Zihe  Gao 12 502 71 66 45 45 39
292 Na Wang 10 502 163 32 25 22 21
293 yantao Hao 10 497 99 69 56 53 50
294 Yujie Wang 12 496 83 80 54 48 31
295 Chao Tian 13 487 63 50 31 28 23
296 Zhigang Zhai 11 483 62 48 34 25 24
297 Yong-Liang Jiang 13 479 70 37 35 30 29
298 Cai Hongbing 9 473 190 59 51 26 23
299 Xi Li 13 471 45 31 27 26 20
300 weikang wang 12 470 94 53 49 37 34
301 查勇 10 467 133 66 35 26 25
302 Liansheng Zhuang 10 465 193 44 42 40 31
303 Haiyun Xia 12 462 70 56 35 29 16
304 Shuhong Jiao 8 458 194 98 75 32 21
305 Wei  Shao 8 455 223 59 54 34 28
306 Wei Gong 10 449 105 45 44 37 35
307 Weihua Tong 5 447 222 184 16 9 6
308 Wei Zhang 11 447 92 90 56 35 27
309 Laibing Jia 9 446 92 75 56 45 36
310 Xiaolong Guo 12 445 71 46 44 41 35
311 Song Shao 13 437 63 59 31 29 26
312 JIN FAN 10 426 91 64 51 35 20
313 Kai Sun 8 420 131 116 60 59 17
314 Yu-Huai Li 9 419 152 78 54 39 30
315 Tao Ding 11 417 100 70 68 48 26
316 Kaiqin Chu 8 412 245 51 20 19 15
317 Zhe Jiang 12 411 66 60 39 34 27
319 Lin Ke 11 403 93 76 42 33 26
320 Haijun Ren 10 402 83 43 30 23 22
321 Yinxing Xue 12 398 60 36 30 28 22
322 Yuanwei Zhang 11 392 78 71 46 45 34
323 shuai shi 11 392 92 56 35 28 27
324 Pankaj Dwivedi 13 391 43 37 36 25 25
325 Cheng Li 6 390 201 66 54 48 10
326 Jian Huang 11 390 72 58 29 27 19
327 Mingyu Wu 11 387 52 33 31 25 23
328 Huo Yongheng 12 387 75 44 43 34 30
329 Qi Shen 7 387 156 89 58 32 22
330 Haoliang Huang 10 385 46 42 37 34 31
331 Jianbin Zhou 10 377 75 37 36 35 29
332 zi-qiang wang 9 375 144 49 42 24 24
333 Rui Li 10 374 65 55 36 25 20
334 Shiping Liu 刘世平 10 365 93 71 29 21 18
335 Xufen Wu 10 362 77 53 48 36 28
337 Hui Li 8 353 155 52 42 36 10
338 Haisheng Tan 10 353 137 31 25 20 18
339 Dong Hou 11 352 68 48 41 33 23
340 赵三平 11 351 45 35 26 24 22
341 Yu-Chun Wu 8 346 62 60 59 26 23
342 He-Liang Huang 8 345 141 78 33 28 17
343 Mouyuan Sun 12 344 48 47 39 27 21
344 Yubin He 10 342 78 38 31 28 24
345 Chun-Rui Hu 9 334 103 49 41 37 30
346 long jiao 7 328 222 39 14 14 11
347 chen geng 8 325 144 51 24 16 11
348 Wanyin Tao 11 314 50 50 42 37 31
349 Zhi-Yuan Zhou 11 312 35 28 27 25 23
350 Zhang Weiping （张伟平） 9 308 66 51 38 24 24
351 Yi Wang 11 304 38 36 36 30 18
352 Pengfei Wang (王鹏飞) 11 304 44 43 41 25 22
353 Dao-Bo Li (李道波） 8 302 79 45 33 30 26
356 Linshuang Long 9 297 48 47 35 34 26
357 Junfei CHU 10 294 40 35 28 28 27
358 Zhongti Sun 7 292 107 71 45 22 21
359 Zong-Quan Zhou 8 290 88 51 41 24 16
360 Xiao Xiong 9 290 50 44 37 30 28
361 Huang Jian (黄建) 10 290 58 55 34 29 26
362 Junlun Li 8 288 39 32 31 30 29
363 Lei Gong 10 288 49 32 27 25 24
364 Xiaohai Xu 9 285 76 36 29 27 21
365 Wenchao Huang 9 282 43 41 38 33 24
366 Sen Kuang 7 277 126 33 28 18 14
367 Linna An 10 277 61 46 37 31 29
369 Ruiqi  Zhang 7 275 93 62 36 31 15
370 Xu, Liang 8 275 81 57 41 27 21
372 Qun He 8 273 98 25 25 23 22
373 Yong Su 8 272 76 36 29 27 21
374 Zhou Li （李周） 7 272 59 47 39 35 33
375 Lei Geng 8 271 126 41 35 17 11
376 Xiaoming Yan 8 271 86 34 24 21 15
377 Yang Zhou 9 269 78 39 35 33 22
378 Ammar Bin Yousaf 10 268 48 36 34 25 21
381 Xiabing Zheng 8 264 70 56 52 32 16
382 Jianyuan Xiao 9 264 79 32 32 26 20
383 Hui Li 8 261 58 44 30 30 17
384 Yi Zheng 8 260 127 43 21 20 16
385 Balal Yousaf 9 258 41 33 29 20 19
386 zhijie han 9 258 44 36 20 17 14
387 Jianye Wang 9 257 49 35 33 32 24
388 Shiyan Xiao 11 255 31 28 27 26 21
389 Linhui Yu (余林辉) 6 255 103 41 36 24 22
390 Zhaofan Qiu 7 253 80 53 42 30 12
391 徐斌 7 253 72 47 34 30 25
392 Jianmin Ji 8 250 84 51 20 11 10
393 Li Yuan 6 249 59 54 45 40 15
395 Yan-Lei Zhang 6 248 107 81 14 13 8
396 Yong Guan 8 246 56 40 30 20 20
397 Qi Zhang 7 246 121 32 31 21 15
398 Yubo Yan 7 245 63 44 29 28 28
399 Wei Wang 8 245 49 44 29 24 20
400 Qiu,Shican 6 242 112 40 33 30 14
401 Yang Sheng 8 242 37 28 25 14 14
402 Yueyi Zhang 6 241 98 36 27 27 25
404 YF Ren 5 240 122 47 25 18 14
406 Zhi-Long Yu 7 235 68 57 36 36 11
407 Yingce Xia 8 232 100 27 15 14 14
409 Dang-Zheng Liu 8 228 39 27 23 22 16
410 Xiangdong Chen 8 227 59 46 35 26 14
411 Guoqiang Li 9 227 36 26 22 21 19
413 YinBo Zhu (朱银波) 6 225 76 57 28 18 8
414 Sakander Hayat 6 222 66 58 30 21 7
415 T. Xia 5 221 97 92 15 9 7
416 Jingwu Wang 6 219 76 56 17 14 9
417 Xingxing Huang 6 217 86 44 29 23 11
418 Yong-Le Nian 7 214 57 27 25 16 15
419 Song Lu 8 210 46 27 23 19 16
420 Chengyun Yang 5 207 112 40 18 16 11
421 Wenhan Cheng 7 206 75 21 17 16 14
422 Guangyue Xu 8 206 59 28 20 19 18
423 Biao Zhang 8 202 40 30 29 29 24
426 Xiaofeng Jia 9 197 22 19 18 16 16
427 Daochuan Jiang 7 196 69 26 20 14 13
428 Dongdong Wang 8 195 55 27 25 20 19
429 Zhibo Hou 7 193 52 23 22 20 19
431 Hongjia Chen 9 189 32 17 16 15 14
432 Wenlong Cai 8 189 35 33 29 27 18
434 Xiang Ji 7 188 40 40 26 18 14
435 abhishek shukla 7 187 56 39 21 19 13
436 Qian Chen (陈谦) 7 185 81 26 21 17 13
437 Hui Zhu 7 184 40 36 24 24 21
439 Yuquan Chen 6 181 50 33 20 18 15
440 Haozhao Li 8 181 23 20 18 16 14
441 Hancheng Lu 7 179 13 10 9 9 9
442 Akif Zeb 9 179 42 24 21 17 14
443 Yu-Qing Wang 9 176 25 21 21 18 16
444 Hongdong Shi 6 174 56 32 26 22 11
446 Kebiao Xu 6 170 61 48 22 11 9
447 Guangzhong Dong (董广忠) 5 169 50 45 30 17 17
448 Guang-Wei Deng 7 168 46 34 15 11 10
451 Huaxian Wan 7 162 45 34 18 14 14
452 liu wang  6 161 78 22 16 13 11
453 YONG HU 4 161 76 53 20 9 2
455 liao shanhui 5 160 88 29 13 6 6
457 Xiande Zhang 8 158 23 19 14 12 10
459 Huan Chen 7 157 33 32 27 17 16
460 jin hong 7 156 27 27 24 22 10
461 Arun Kumar Awasthi 8 155 41 20 13 13 11
462 Hongjun ZHANG 7 155 32 26 20 17 10
463 Dan Miao 5 153 46 44 38 8 6
464 Changda Wang 7 153 26 19 18 14 14
465 Ihtisham Bukhari  9 152 34 13 12 11 11
467 Ammar Hawbani 5 149 99 16 12 6 6
468 Fuxing zeng 7 148 47 21 15 13 11
469 Wenbo Zhao, 赵文博 8 148 23 17 14 13 12
470 Cen-Feng Fu 4 146 72 34 16 15 4
471 Muhammad Imran 8 143 21 14 14 13 12
473 Yanhui Tu 7 142 33 24 23 18 15
474 Lei Mao 5 141 54 23 23 7 6
475 Weichuan Huang, 黄伟川 8 140 18 18 13 13 11
476 Tong Xu 8 139 29 14 14 13 10
478 Zilei Wang 6 138 46 13 10 9 8
479 Ming Fu 5 138 47 36 16 9 8
480 xiaolin ge 6 138 38 31 24 22 9
481 Ke Zhang 6 137 46 30 17 12 12
482 陈功 5 136 48 42 15 9 7
483 Wageesh Mishra 7 134 32 26 19 15 11
484 Yu Wang 5 134 61 38 15 7 5
485 Sheng-Yang Gu 7 133 33 25 14 13 10
487 Hou-Dao Zhang 7 132 24 22 22 20 8
488 Ming Li 6 131 23 22 14 14 13
489 mingjia shangguan 7 130 29 16 15 12 12
490 TengFei Nie 4 130 55 39 16 15 3
491 Jiguang Rao 6 130 31 29 26 12 11
493 Shoujun Ding 7 128 20 14 14 12 10
494 li hui 6 126 37 30 23 6 6
495 Dongbao Yao 6 124 31 27 16 13 13
496 Jingwen Wei 4 124 50 30 17 17 4
497 Chao Wang 5 123 50 38 11 8 6
500 Jianghong Deng / 邓江洪 5 119 32 30 22 13 9
502 Hao Yin 6 118 32 16 11 9 8
504 Liming Liu 6 117 48 19 15 10 9
505 Haibin Zhang 6 116 28 21 21 13 13
506 Shengru Li 7 116 18 18 15 15 11
508 Yun-Guang Han 4 114 73 11 9 6 4
509 Songsong Cheng 5 114 19 18 17 15 10
511 Xiaodi Zhu 6 113 29 23 20 14 13
512 Lao Zhaoxin 7 112 31 22 13 12 12
513 XiaoWei Chen 6 112 25 17 10 10 10
514 Taixiang Liu (刘太祥) 7 111 28 14 14 13 11
515 Yuanfei Lin 6 110 25 17 10 10 8
517 Qijing Zheng 5 109 40 24 16 12 7
518 Wu Shangquan 6 109 17 15 14 13 11
519 Yulei Wang 5 108 32 31 11 9 7
521 Dr. Venu Gopal 8 105 33 13 12 12 10
523 Jingwei Zhou 6 103 32 30 15 9 9
524 Sheng Lin 6 102 23 20 12 10 8
525 Pan Zhou 6 102 25 16 15 13 8
529 Zhongting Hu 6 100 21 18 17 13 8
530 Sheng Ang 4 98 53 23 8 4 3
531 Qiangling Duan 6 98 17 14 12 11 9
532 Zheng Ruan 6 98 32 17 15 9 8
533 Xiao Chen 6 96 25 12 10 8 7
534 Bo, Li 5 96 18 14 12 11 10
535 Xiao-Ming Fu 5 96 28 18 15 15 11
536 Xin Fang 5 96 25 12 8 7 6
537 Tingwei Zhang 7 96 35 16 10 8 8
539 Jiahao Zhong 6 95 26 18 16 14 7
540 Feng Jin 6 95 31 18 12 8 8
541 Rulin Wang 5 94 21 18 18 16 8
542 Yi-Huang Shen 4 93 39 18 12 8 2
545 Futian Liang 5 92 30 6 6 6 6
546 Jinting Kang (康晋霆) 4 91 57 14 10 4 2
547 Shahid Qamar 6 91 30 10 10 7 6
551 XiaoMin Hu 6 89 20 16 12 11 11
554 Jingyong Cai 6 88 26 14 14 7 7
556 Rong-Jun Ni 6 87 21 21 11 10 9
563 Wancheng Yu 4 84 39 13 13 5 4
564 Puyuan Yang 5 83 16 15 10 9 7
565 Shuchao Cao 5 83 20 15 14 13 8
567 Jie Chen 5 82 40 12 10 7 7
569 Xiao-Ning Zhang 5 81 23 10 10 10 8
571 Ruiyu Chen 6 80 19 10 8 8 7
573 Weiwei Ji 5 80 26 13 13 9 5
574 Ming Li 4 80 37 20 17 4 1
575 Yi-Tao Wang 6 80 24 16 11 10 6
576 Xinzhou Deng 4 80 29 26 18 4 2
578 Zhen-Hua Wan 5 79 12 9 6 6 5
581 Quanhao Zhang 4 77 21 16 14 11 4
583 Chenglong Jiang 5 76 16 10 8 7 6
584 Feng Weiguo 4 76 36 12 10 7 4
585 Shilong Liu 5 75 27 14 9 8 6
587 Wen Zheng 5 74 14 11 8 8 7
588 Hu Jin 5 74 30 14 13 9 5
589 Fang Qin 5 73 26 11 10 9 7
590 李涵 5 73 17 15 15 9 5
594 Hongke Zhao 5 70 22 14 8 6 5
597 Qixing Zhang 4 70 17 14 5 4 4
598 Jean felix MUKERABIGWI 6 69 12 9 8 7 6
600 Bing Xu 4 69 22 19 12 7 4
601 Jingui Xie 4 68 15 14 12 11 4
602 Jincheng Ni 4 68 22 13 12 7 4
606 Chengliang Wang 5 66 14 14 9 5 5
608 Xinglong Wang 5 65 18 9 8 8 6
609 Haitian Zheng 4 65 23 15 11 8 4
612 Qumber Abbas 5 63 19 11 8 7 6
613 chen mingyi 5 62 15 12 9 7 5
616 Qiwei Lu 5 61 22 11 6 5 5
619 Shujahat Ali 3 60 37 15 5 1 1
620 Liang Gong 3 60 26 16 4 3 3
624 Ahmed Munir 4 59 19 13 13 6 3
625 Zhang Huanjie 5 58 11 11 10 7 5
626 Chuang Liu 5 58 25 8 8 7 6
627 Chunshan Liu 4 57 18 14 13 6 2
629 Yu Liu 4 56 10 10 6 5 4
632 Hongwen Song 4 55 23 11 7 6 3
636 luming sun 5 54 13 12 8 6 6
638 Tingyu Gou 4 53 28 11 8 4 1
640 Liangxin Wang 3 52 31 13 4 3 1
645 Muhammad Ifzan Arshad 4 50 17 9 5 4 3
646 Penghui Xiong 3 50 37 4 3 1 1
647 Yuyang Tan 4 50 13 6 5 4 4
648 Hongli Guo 3 49 30 5 4 3 3
649 Lei-Ming Zhou 4 48 14 11 9 9 3
660 Zhiqiang Zhu 4 43 15 8 6 4 3
661 Yingfeng Chen 4 43 12 7 5 5 4
662 Zhefeng Wang 4 42 11 9 6 5 4
664 YU Bendong  余本东 5 41 9 7 6 6 5
665 Hussain Tariq 4 41 20 6 6 6 1
666 Biao Chang 3 40 16 11 8 2 1
669 Yaguo Tang 4 38 14 9 5 4 3
675 Yi-Na Li 4 37 17 8 4 4 1
677 Hengjie Liu 3 37 17 4 3 3 3
680 Jing Zhou 3 35 17 5 4 3 2
681 Yao Shen 4 35 10 7 7 4 2
685 dongdong hou 3 34 25 5 3 1 0
689 Lu Wang 3 33 11 9 5 3 2
696 Shaowei Wang 4 31 10 7 5 5 1
697 Zhenya Huang 3 31 14 8 4 2 2
701 Junyeong Lee 3 30 7 6 4 3 2
702 Wenqi Ren（任文奇） 3 30 10 8 5 3 2
703 Beilei Sun 3 30 14 5 5 2 2
705 迟逢逢 3 30 10 5 4 3 2
711 Xiangyu Chen 3 27 9 4 3 3 2
712 Qifu Huang 4 27 11 5 4 4 2
715 Ming-hao Jia 3 27 12 8 6 1 0
722 Guang-yu Zhang 2 26 12 8 2 2 1
723 Hansong Guo 3 26 6 5 3 2 2
727 Tuanwei Li （李团伟） 2 26 15 9 1 1 0
733 Dongcai Lu 3 24 7 5 3 2 2
742 Jianing Xi 2 23 12 5 2 2 1
743 Sami Ullah Jan 3 23 9 5 5 1 1
746 Chengfu Ma 3 22 5 4 3 3 3
751 Wenzhong Wang (王文忠) 2 22 11 7 2 1 1
759 Tiannian ZHOU 3 20 12 5 3 0 0
781 Kun Hu 2 17 6 3 2 1 1
788 Zhenxing Tang 2 16 11 3 2 0 0
790 Huan Shan 2 16 7 5 2 2 0
791 李家强 3 16 3 3 3 3 2
801 Qian Zhao 2 14 8 4 1 1 0
809 Fangsheng Huang 2 13 7 3 2 1 0
810 Qinpei Chen 2 12 5 3 2 1 1
823 Yat Yen 2 11 3 3 2 2 1
827 Robail Yasrab 2 10 5 2 2 1 0
851 Qi Xu 2 7 2 2 2 1 0
871 Faiz Wali 1 5 1 1 1 1 1
894 Rao Kashif 1 3 2 1 0 0 0
895 Chenxi Wei 1 3 1 1 1 0 0
914 Salman Zulfiqar 1 2 1 1 0 0 0
942 Zhang Lidong 1 1 1 0 0 0 0
