1 Michael Karin 236 251076 13723 5410 5247 5243 5098
2 Professor Vivek A. Sharma 180 164611 16358 4601 2967 1864 1807
3 Rob Knight 143 127131 11475 4996 4708 3647 3536
4 criqui m or criqui mh 133 120271 8831 8780 6372 5786 5567
6 William Sandborn 156 99430 3007 2108 1832 1506 1462
7 Joseph Wang 152 96342 3221 2422 2186 1490 1465
8 Anders M. Dale 133 95617 5545 4325 3990 3834 3360
9 glass ck 142 95230 4551 3842 3385 2868 2424
10 Jerrold Olefsky 143 78635 1852 1676 1457 1424 1317
11 Joseph L Witztum 137 78102 3418 3385 2125 1969 1768
12 Don W Cleveland 142 77796 5453 1808 1436 1336 1291
13 Ming T. Tsuang 145 76936 4023 2637 2570 1253 1178
14 L J Sham 81 76495 48474 2025 1442 1117 942
15 Arnold L. Rheingold 105 72811 663 616 464 432 429
16 Bernhard Palsson 136 71530 1797 1285 1189 1120 1079
17 PABLO TAMAYO 62 69639 14457 12757 4665 3907 3521
18 Murray B. Stein 133 69561 1241 1126 1097 1042 1036
19 Keith Rayner 130 64899 6240 2717 1799 1422 1372
20 David Cheresh 129 64861 3377 2771 2437 2291 1839
21 Jay Giedd 111 62767 4729 4277 1866 1531 1501
22 Ronald Graham 76 61750 12565 7434 5603 2754 2499
23 Mark H Ginsberg 133 61606 4361 1809 1425 1114 989
24 Steven A. Hillyard 122 60334 4386 2005 1895 1837 1827
25 James D. Hamilton 62 58550 20670 8973 3268 1986 1975
27 Shu Chien 127 58214 1051 963 844 758 751
28 Ajit Varki 115 53601 5909 3481 1628 1229 1145
29 J. Silvio Gutkind,  Ph.D. 119 52786 1827 1449 1315 1104 1064
30 Robert Weinreb 115 51812 1228 594 583 578 554
31 Mark A Geyer 117 51475 1548 1400 1394 1219 1062
32 Milton Saier 113 51311 3893 1767 1125 926 880
33 Bing Ren, Ph.D. 83 50080 4551 3314 3286 2418 2356
34 Alan R Saltiel 101 49160 4727 3717 2983 2943 1321
35 Mihir Bellare 97 48714 4759 2844 1923 1812 1486
36 Sonia Ancoli-Israel 111 48618 7168 1807 1230 1017 980
37 Razelle Kurzrock, MD 107 47118 1330 970 953 716 691
38 Mark Ellisman 108 46756 2461 1513 1174 1016 1012
39 Yoav Freund 48 46220 15669 8454 2915 2858 2120
40 Trey Ideker 76 45489 11238 2864 2291 1864 1743
41 Julian Schroeder 114 45148 1791 1498 1235 1089 1010
42 Michael Pratt 64 44899 9468 9278 3817 2772 1880
43 Richard L Gallo 105 44386 3185 2634 1851 1216 1201
46 Pavel Pevzner 88 42549 6442 3814 2077 1906 1176
47 Veerabhadran Ramanathan 94 42494 3011 2351 2145 1640 1333
48 Shang-Ping Xie 85 41585 15799 1560 867 787 639
49 David Kriegman 62 40592 13572 5094 4142 1892 1157
50 Alan Hofmann 105 40372 974 751 619 584 533
51 Scott Makeig 73 38656 8716 2183 1992 1700 1472
52 Vineet Bafna 64 37281 15652 5277 1772 826 655
53 Irene Litvan 85 37131 4076 2826 1975 1664 1182
54 paul k. dayton 82 36259 7723 2671 1730 951 776
55 Amin Vahdat 84 35547 4717 2665 1585 1574 1426
56 Steffanie A Strathdee 91 35509 1237 1200 809 793 668
57 Miroslav Krstic 83 35132 9112 985 926 804 662
58 Hyonny Kim 69 34891 3659 2298 640 388 362
59 Soumita Das 79 34759 659 351 327 316 300
60 Stefan Savage 76 34028 1969 1869 1795 1627 1472
61 Lawrence Marshall M.D. 75 33418 2942 2263 1690 1280 961
62 Jeremy N. Rich 88 33408 4777 1349 1186 1045 910
63 Gordon Hanson 73 32701 2165 1926 1774 1705 1607
64 Ivan K. Schuller 82 31473 4221 1355 1035 814 777
65 Marc Andre Meyers 76 31135 3197 3028 2242 1505 1016
66 Jeffrey L. Elman 63 31059 9404 3829 3004 1765 1472
67 roberto malinow 69 30936 2455 1467 1364 1345 1324
68 Harold Pashler 82 30692 2451 2325 1622 1392 1239
69 Lynne Talley 59 30610 15292 1642 1560 1240 1227
70 Maryann E. Martone 63 30410 15802 1012 612 598 532
71 Antigona Martinez 79 30253 952 939 930 721 478
72 Lawrence K Saul 46 29782 12380 2901 2033 1759 1552
73 Charles C Berry 76 29723 4750 1869 1704 1000 971
74 James Andreoni 51 29700 4768 2916 2680 1809 1290
75 John P Pierce 93 29688 844 808 669 635 588
77 Davey M Smith 79 29383 750 345 336 316 293
78 Kelly A. Frazer 57 29208 5166 4230 1353 1294 1276
79 Patricia S. CHURCHLAND 48 29191 12657 3920 2701 597 594
80 James Fowler 66 28970 4604 2512 2310 1860 1717
81 Richard T. Carson 56 28945 7855 3118 1350 1129 1013
82 Maarten Chrispeels 95 28534 804 762 639 589 526
83 James T Kadonaga 78 28285 1646 1449 1193 1175 1120
85 Terry L Jernigan 87 27959 1404 1314 1130 888 799
86 Michael J. Sailor 89 27654 1508 1318 896 740 676
87 Gary J. Bennett 80 27608 5266 1493 822 715 531
88 Philip E. Gill 54 27563 11195 3116 1113 888 737
89 Elena Martinez 74 27513 1594 1150 945 501 434
91 J. E. Hirsch 67 26869 7809 2100 1027 908 706
92 Ronald G. Thomas 73 26848 2856 1885 1129 1007 989
93 Li Xie 67 26668 663 472 439 339 272
94 Richard C Atkinson 58 26605 10015 1866 920 824 694
95 Guy Bertrand 77 26490 3498 685 671 594 590
96 Barry Lebowitz 53 26362 5698 2667 2614 1161 1081
97 Elizabeth A. Winzeler 61 26119 3741 3573 2541 2489 1209
98 Stephan Haggard 66 25854 2434 2026 1441 1398 1223
99 Henry Abarbanel 70 25788 3387 2936 2090 1952 743
100 Daniel F. Kripke 81 25510 1558 1127 1017 903 781
101 Michael L Norman 81 25324 1741 1339 1328 802 697
102 Michael Ziegler 79 25312 672 587 483 416 369
104 Mark Tuszynski 90 25285 931 902 698 695 575
105 Peter Novick 77 24774 1724 1086 956 889 843
107 Jonathan Sebat 39 23401 6028 2590 2451 1652 975
108 Sumeet Singh 59 23290 1061 859 858 595 549
109 Alexandra Newton 71 23264 1918 1896 1091 1020 890
110 Daniel McDonald 26 23039 11475 3536 1840 1777 1097
111 Kai Wang 44 22997 566 509 319 241 158
112 Sunil K. Sinha 77 22913 2650 1229 691 507 497
113 Cheryl L. Rock, PhD, RD 75 22027 1594 1001 794 687 635
114 Tzyy-Ping Jung 59 22007 2183 1992 1700 1472 1051
116 Truong Nguyen 60 21610 6867 688 410 388 358
117 Lisa Levin 82 21605 619 585 583 580 569
118 Joseph Califano 71 21528 1474 1218 837 735 727
119 Hovav Shacham 42 21161 2898 1997 1969 1686 1574
120 Ju Chen 78 21037 1368 814 733 717 615
121 Bhaskar Rao 59 20995 1620 1286 1134 815 781
122 William Gerwick 78 20981 590 414 401 379 350
123 Geoffrey M. Voelker 70 20827 1869 1048 810 765 747
124 pradeep k. khosla 76 20683 743 737 597 504 383
125 Daniel T. O'Connor 74 20671 984 814 506 382 354
127 Peter Asbeck 72 20550 1288 463 422 397 394
128 Charles Elkan 52 20472 4272 1552 832 765 754
129 Eric Fullerton 72 20377 1098 777 705 499 458
130 Charles Kennel 66 20239 2545 1017 976 939 924
131 Adam J. Engler 39 20117 8922 1390 1038 963 601
132 Richard Averitt 60 20103 2408 1624 867 804 785
133 Ronald Ellis 74 19850 1314 888 705 695 510
134 Linda Zangwill 79 19785 594 583 548 542 518
135 Jean Mandler 62 19637 3107 1746 1509 836 649
136 Matthew Shugart 45 19624 4142 2578 2313 1367 1001
137 Stanley J. Opella 78 19474 966 483 437 373 368
138 David Sandwell 65 19452 4277 2003 721 714 659
139 Ariel Feldstein 58 19336 2324 2046 897 777 774
140 M. Di Ventra 63 19199 1958 1028 668 638 570
141 nambi seshadri 42 18943 9250 1036 820 749 703
142 Patrick Diamond 71 18930 1628 1590 535 416 395
143 Allan Timmermann 67 18933 1222 1038 958 895 712
144 Rajesh K. Gupta 62 18805 733 698 511 469 436
146 Robert C. Dynes 67 18777 2032 1008 931 800 526
147 Xiang-Dong Fu 75 18618 812 723 645 584 535
148 John Kelsoe 69 18597 1108 968 951 951 519
149 Benjamin Grinstein 66 18498 1653 807 699 619 595
150 David Kleinfeld 72 18239 788 700 686 396 385
151 Vicki H. Grassian 76 18150 636 521 387 384 363
152 David Schkade 44 17975 2814 2554 1187 836 763
153 Farinaz Koushanfar 44 17827 6445 2536 2535 2535 739
154 Adam Burgasser 76 17594 615 605 432 393 367
155 Yuan Taur 56 17566 3469 1284 1018 949 413
156 Paul Jensen 71 17349 953 713 584 460 359
157 Joseph Gleeson 73 17325 1122 967 477 370 359
158 Lawrence R Frank 56 17262 2655 1607 890 795 772
159 George Sugihara 46 17236 2759 2120 1738 898 628
160 Arshad Desai 62 17050 2276 778 762 754 678
161 Kimberly Prather 72 17045 1333 614 535 436 380
162 Seth Cohen 68 16844 1231 1187 670 602 525
163 Liangfang Zhang 67 16739 1789 846 638 543 523
164 Kaare Strom 47 16743 1623 1611 1573 1302 979
165 Stephen Adams 41 16490 2461 1763 1590 959 938
166 Lev Tsimring 59 16489 2090 1952 964 777 695
167 William McGinnis 60 16362 2785 1100 903 847 668
168 David Broide 64 16346 1288 805 537 512 496
170 Dean Tullsen 51 16131 2004 1878 1051 909 862
171 Susan Tapert 70 16084 624 488 458 370 367
172 Sin-Ae Lee 58 15879 837 823 485 311 304
173 Victor D Vacquier 65 15861 1079 938 458 416 364
174 James Rauch 33 15787 2708 2117 1597 1481 1357
176 Adam R Aron 46 15539 2558 1458 1215 772 719
178 William Cain 74 15159 461 425 374 341 253
179 Wilfred W. Li 48 15060 1588 612 267 256 252
180 Yannis Papakonstantinou 49 15004 1562 1243 1123 1017 690
181 Russell Impagliazzo 51 14934 1423 1339 952 907 766
182 Gene Yeo 50 14808 984 968 733 685 608
183 Peter Shearer 68 14741 908 479 405 361 329
184 Garrison W.  Cottrell 50 14706 2624 1075 646 564 500
185 Christopher J Kane 66 14701 510 471 464 403 387
186 David A. Lake 52 14662 1363 937 904 861 740
187 Elizabeth Villa 28 14634 10733 526 359 241 234
188 Ralph F Keeling 50 14583 1784 1596 836 765 765
189 Pieter C Dorrestein 66 14503 737 429 423 391 293
190 Jonathan Shurin 43 14436 2780 2243 1903 766 436
191 Elsa Eleanor Cleland 46 14362 2243 1484 1252 928 706
192 Dan Hallin 37 14219 5428 5424 5424 5420 2268
193 Steven Cande 45 14189 4082 1807 707 496 406
194 David G. Victor 52 14143 1109 847 779 739 725
195 John Wixted 63 14131 1104 854 768 740 479
196 Lisa Tauxe 66 14106 578 524 521 400 364
197 Robert Guza 65 14071 941 612 456 399 394
198 Gert Lanckriet 49 14027 2427 1463 791 696 606
199 Stephen Mayfield 59 13956 1899 1888 469 391 380
200 Hannah Carter 22 13938 4338 3074 2916 577 509
201 Terry L. Conway 57 13841 855 571 554 546 493
202 Shantanu Kumar 47 13729 545 305 270 252 219
203 Andrew Dickson 42 13717 2106 1674 1674 1051 835
204 Nuno Vasconcelos 67 13721 974 801 606 561 422
205 Jongdae Lee 35 13688 6417 946 652 598 546
206 Bradley Scott Moore 66 13590 737 629 460 455 391
207 Javier Movellan 48 13558 2423 721 607 597 488
208 Erin N Smith 51 13510 1500 1379 1108 951 698
209 Yehuda Bock 59 13424 660 555 535 516 440
210 Joel Sobel 36 13386 4052 1316 1063 906 692
211 Kun Zhang 49 13348 1592 1058 820 805 473
212 Barry Naughton 43 13300 2506 2093 862 660 523
213 Jacqueline Kerr 59 13296 1924 532 493 472 412
214 Valerie Ramey 37 13206 2331 1359 1164 686 633
215 Terence Hwa 61 13160 751 625 591 567 550
216 Hubert Staudigel 65 13111 507 437 387 347 329
217 James Robinson 21 13249 3985 2839 1453 1453 1366
218 Zhuowen Tu 55 12752 970 769 727 721 619
219 Yuanyuan Zhou 58 12727 851 780 438 413 396
220 Prashant Mali 32 12705 4858 1089 845 816 505
221 Victor Vianu 46 12651 5317 624 387 332 313
222 Koichi Masuda 65 12643 485 450 357 283 277
223 David Benson 50 12478 3197 1217 591 477 436
224 William Bechtel 50 12387 1257 879 615 594 544
227 Michael Bouvet 60 12310 631 341 259 224 222
228 Gail A Laughlin 56 12271 938 713 457 427 415
229 Jorge Cortes 45 12191 2232 1409 672 601 517
230 Francesco Paesani 41 12180 4514 3257 254 209 184
231 William Trogler 57 12163 799 590 308 305 297
232 Ramesh Rao 53 12158 1401 782 474 358 348
233 Gourisankar Ghosh 55 12066 1097 843 651 649 645
234 Robert F. Hevner, MD, PhD 60 12058 901 661 567 419 345
235 Diana Deutsch 51 12017 2473 1386 460 429 342
236 Guy Perkins 56 11788 1513 684 551 493 366
237 Binhai Zheng 42 11781 1988 1210 752 628 554
238 Lucila Ohno-Machado 47 11751 721 663 564 485 468
239 Kristin Cadenhead 54 11738 1178 956 410 357 355
240 Daniel Sievenpiper 47 11634 4143 487 420 334 226
241 Lilia M. Iakoucheva 34 11632 1566 1072 972 904 876
242 Catriona Jamieson 34 11597 2867 1570 824 799 728
243 Sanjaya Saxena 48 11554 901 770 747 706 438
244 Barton W. Palmer 56 11541 986 698 605 598 429
245 Henrik Wann Jensen 45 11498 1175 1119 973 889 549
246 Karen Pierce 41 11479 1395 912 839 658 487
247 Ying Shirley Meng 52 11376 1808 501 498 379 336
249 Juan C. Lasheras, 64 11337 418 360 347 322 279
250 Michael Holst 36 11284 5361 1618 300 283 239
251 Henrik Iskov Christensen 56 11180 617 394 221 212 200
253 Lera Boroditsky 37 11135 1461 1445 899 786 686
254 Christine Fennema-Notestine 49 11087 1314 888 799 629 423
255 James D. Hollan 33 10985 2224 1904 1904 1223 867
256 Ludmil B. Alexandrov 41 10936 3005 948 804 457 401
257 Anita Raj 51 10898 1414 564 431 326 283
258 Greg W. Rouse 44 10650 1676 777 668 617 339
259 Caroline M. Nievergelt 46 10640 1501 1108 951 720 633
260 Gregory J Norman 55 10629 614 586 556 549 544
261 Kenneth Intriligator 49 10597 867 662 481 468 467
262 Alexander Vardy 51 10583 1514 681 416 395 381
263 Roger Gordon 45 10558 734 664 574 569 465
264 Karen Oegema 54 10527 975 831 412 396 394
265 John Hildebrand 56 10509 498 365 352 264 260
266 Jose A Boedo 54 10505 765 362 340 306 303
267 Ralph J. Greenspan 51 10456 1107 795 508 484 398
268 Katja Lindenberg 55 10423 324 316 292 236 226
269 Alysson Muotri 42 10404 1025 968 676 511 464
271 Steven Constable 48 10347 2349 1402 413 385 280
272 Diane M. Jacobs 43 10338 1957 478 469 453 403
273 Rohit Loomba, MD, MHSc 52 10335 756 625 480 375 284
274 Christopher Bowd 57 10325 594 548 542 461 411
276 Gert Cauwenberghs 48 10250 1294 579 526 264 245
277 Sunder Mudaliar 52 10232 981 539 502 439 340
279 Yunde Zhao 50 10205 889 722 717 655 473
280 Clark Gibson 32 10183 3018 1025 660 655 641
281 Ravi Ramamoorthi 52 10138 630 564 476 431 430
282 Mark William Bondi 55 10075 665 361 295 294 289
283 David L. Boyle 57 10052 842 530 391 261 237
284 Zhaowei Liu 41 9853 1762 1002 802 529 386
285 Linda K McEvoy 55 9837 1294 455 341 286 268
286 Hao Su 25 9838 6317 884 343 231 223
287 Alex C. Snoeren 44 9803 1137 864 628 439 439
288 Eli Berman 30 9778 2933 1833 536 509 392
289 Graham Elliott 29 9760 5864 321 306 245 240
290 Alexander Norbash 55 9748 1122 658 360 271 249
291 Pradipta Ghosh 30 9723 6413 858 253 134 126
293 Sonia Martinez 35 9672 2232 1400 672 468 468
295 Michelle J. White 51 9585 624 521 495 434 360
296 Andrew Kehler 29 9583 6434 920 269 161 97
297 Guy Masters 44 9572 1406 1009 616 480 457
298 ADJ Haymet 55 9560 803 488 318 275 246
299 Loki Natarajan 52 9561 635 454 380 316 314
300 Kaixuan Ni （倪凯旋） 37 9543 1763 1001 934 553 539
302 Eli Berman 27 9459 2982 1833 536 536 509
303 Michael David 49 9418 916 658 608 598 528
305 Gregory Light 53 9322 742 518 414 357 324
307 Daniele Micciancio 41 9170 1071 650 637 634 476
308 Wouter-Jan Rappel 47 9141 1241 780 750 454 272
309 harris jp 53 9136 421 262 256 237 228
311 Douglas E. Smith 35 9094 1021 921 889 789 748
312 Jennifer E. Smith 42 9054 2243 636 481 436 393
313 Paul Siegel 48 9035 432 401 301 284 272
315 Yi-Shuan Li 48 8980 963 751 601 390 327
316 Vytenis Babrauskas ("Vyto") 46 8932 1011 862 723 449 333
317 Tajana Simunic Rosing 47 8930 559 417 377 296 257
318 John M Newsam 43 8872 1229 824 540 442 426
319 Michael Smoot 12 8835 2864 2671 1743 783 296
320 Steven D. Edland 49 8828 852 519 495 476 270
322 David Kirsh 32 8806 2224 1397 1002 355 316
323 Larry Smarr 47 8789 658 520 400 386 384
324 Peter B. Ernst 52 8783 678 650 298 262 253
325 Flatau Piotr 31 8747 3099 751 730 622 390
326 Alan Simmons 54 8743 682 647 253 240 238
327 Kevin Zhu 26 8669 1305 905 864 863 711
328 Natacha Akshoomoff 39 8648 1395 1062 728 449 387
329 Joseph Vinetz 48 8615 1882 291 221 216 176
330 Kenneth Vecchio 53 8566 381 309 298 280 247
331 Leslie A. Crews 48 8543 999 998 475 426 424
332 Ken Kreutz-Delgado 41 8543 1134 929 729 507 332
333 Frank Vernon 40 8505 2578 1225 386 160 138
334 Donald J. Hagler, Jr. 47 8447 438 424 390 387 361
335 Seana Coulson 41 8447 965 811 774 626 379
336 James Brewer 42 8439 1182 878 636 384 341
338 Nikolai Rulkov 40 8423 1952 743 387 385 351
339 Eric Schmelz 47 8286 685 627 373 322 276
340 Wesley Thompson 49 8245 731 686 223 214 212
341 Simpson Joseph 28 8136 5361 262 218 168 134
342 W.K. Melville 47 8130 513 500 469 285 244
343 Sushil K. Mahata 53 8119 354 272 271 199 198
344 Catherine Constable 42 8108 2349 367 296 255 203
345 Tae Kyoung Kim, PhD 44 8094 1123 262 243 214 195
346 Brian Keating 38 8098 1747 664 533 364 303
347 Janusz Puc 11 7970 5849 662 610 299 217
348 Adam Feist 28 7911 1285 979 824 780 655
349 Petr Krysl 29 7884 3775 340 337 320 309
350 Virawudh Soontornniyomkij 19 7867 6413 245 166 133 91
351 Michael M Fogler 43 7798 1107 459 362 345 328
352 Michael Goldbaum 36 7783 1609 1487 700 440 228
353 Andrea Tao 25 7779 1968 1313 669 517 417
355 Ralf Goericke 46 7745 1232 573 429 405 395
356 David W Pierce 43 7715 1052 520 442 390 356
361 Vitali F. Nesterenko 45 7545 797 488 280 279 260
363 Davey Smith 45 7488 334 285 267 236 229
365 Lin Chao 40 7459 571 521 494 492 467
366 Edward D. Ball 43 7436 348 229 218 217 207
371 John Serences 41 7313 651 647 420 417 394
373 Sutanu Sarkar 38 7289 1637 671 293 265 236
374 Mark G. Myer 43 7280 831 370 302 265 228
375 Joshua Graff Zivin 42 7275 685 574 454 296 288
376 Stuart Sandin 35 7270 1903 636 523 393 365
377 Arthur J. (Art) Miller 40 7251 688 638 544 360 286
378 Dan Kaufman 42 7247 1295 1051 231 188 183
382 Carl McIlwain 39 7156 1005 738 595 357 345
383 Elizabeth Twamley 41 7128 1060 433 406 343 292
384 R S Burton 48 7096 470 283 274 249 229
386 Gabriel A. Silva 33 7066 2007 420 399 361 334
387 Alexander Groisman 47 7011 597 357 275 269 267
388 Shadi A. Dayeh 34 7002 1951 490 479 351 305
389 Christopher Charles 38 6998 780 323 320 306 289
390 Roger E. Bohn 28 6970 2434 1015 416 397 348
392 Edward Vul 32 6952 1239 1107 1104 307 247
393 Sanjoy Dasgupta 32 6922 997 576 396 362 304
395 Michael E. Baker 46 6905 305 268 232 181 168
396 John Ravits 35 6907 695 563 425 368 364
397 Yury Miller 40 6898 790 437 405 399 329
398 Tiffany Greenwood 38 6874 1108 947 357 312 297
399 Thomas Hermann 47 6872 1393 197 189 188 185
400 Huilin Zhou 35 6857 1084 857 484 381 366
401 Cinnamon Bloss 36 6848 1108 951 440 387 368
404 Garey Ramey 33 6802 2331 795 379 243 210
406 Christopher Mathews 38 6764 617 454 371 334 284
407 Kelli L Cain 35 6740 1289 546 472 369 294
408 Julie Wetherell 44 6731 1032 342 332 265 249
409 Ping Liu 38 6732 590 365 335 252 186
410 James Friend 42 6720 448 338 306 222 216
411 Frank E. Talke 36 6685 1097 327 150 81 77
412 Samuel R. Ward, PT, PhD 35 6676 1718 513 358 334 211
414 Loren Mell 42 6642 415 344 293 252 247
415 Brent Mausbach 48 6580 317 227 213 195 193
416 David R Hilton 47 6570 417 212 173 171 168
417 Sheng Zhong 28 6565 2023 669 598 559 499
418 David M. Roth 45 6517 307 237 232 203 198
420 Shaochen Chen 45 6421 354 337 277 275 253
422 Siddharth Singh 38 6362 375 227 174 166 159
423 Mauricio de Oliveira 30 6341 1537 670 576 357 267
424 Keiichiro Ono 17 6327 2864 1743 783 321 216
425 Tamar Gollan 34 6326 569 459 423 388 388
426 Simon Schenk 31 6316 1424 1085 439 351 331
427 Carol E Franz 38 6315 647 629 337 240 235
428 Erik Gartzke 35 6265 722 634 506 377 353
429 Rany Salem 29 6267 1556 1379 481 304 211
430 Li-Fan Lu 22 6262 1484 928 731 716 672
431 Alin Deutsch 37 6254 900 843 499 253 247
432 Steven Swanson 37 6239 472 436 401 321 305
433 Leonid Butov 39 6238 527 422 396 375 238
435 Congjun Wu 41 6183 652 307 266 261 260
437 Kit Pogliano 45 6155 400 391 249 204 201
438 Vish (Viswanathan V.) Krishnan 28 6151 1925 758 472 439 292
439 Sven Heinz 22 5992 2868 358 324 305 279
441 Mike Burkart 38 5936 443 293 169 163 158
442 JoAnn Trejo, Ph.D. 44 5904 363 288 269 221 220
443 Karen Christman 41 5901 483 397 385 364 233
445 Kerri Boutelle 40 5766 372 306 281 275 268
446 Shantanu Sinha 41 5746 351 347 311 180 180
447 Bruce Wheeler 45 5738 323 218 203 200 199
449 Abraham A. Palmer 40 5712 754 302 208 171 141
450 Marissa Westerfield 20 5681 1472 940 608 491 438
451 Dan Dubin 40 5629 727 452 382 201 191
452 Renkun Chen 20 5620 3584 473 354 161 124
453 Roland R Lee 39 5614 342 308 278 268 254
455 Shu-Hong Zhu 35 5608 457 448 399 357 291
456 Lisa Madlensky PhD, CGC 37 5591 674 635 454 366 295
457 Ruth J Williams 37 5571 804 541 289 232 231
458 Andrew Chisholm 36 5564 528 308 290 264 241
459 Janis H. Jenkins 39 5546 756 572 370 245 226
460 Ian Galton 41 5542 367 285 221 188 171
461 Christian M. Metallo 35 5530 894 558 473 340 260
463 Karsten Zengler 35 5504 753 567 329 318 215
465 Leslie J. Carver 27 5439 832 502 385 367 320
466 Neil Chi 32 5432 626 448 406 290 288
467 James W Golden 40 5416 489 343 328 323 269
468 Eric A Bushong 26 5393 1012 597 476 370 353
470 Jan Kleissl 40 5363 354 236 225 186 172
472 rossen valkanov 24 5293 799 575 530 499 476
473 Darren J. Lipomi 29 5285 1449 595 536 244 239
474 Chun-Nan Hsu 31 5251 630 607 533 342 300
475 Neal Devaraj 30 5245 538 515 353 353 283
476 Pedro Cabrales 39 5225 473 201 185 129 121
477 Donald Durden 39 5146 380 377 292 276 207
478 Paterno Castillo 37 5118 652 433 301 299 239
479 Nuno Bandeira 31 5078 1482 391 249 198 156
481 Richard Kronick 32 5012 710 551 307 267 248
482 Javier E. Garay 34 4997 462 320 295 274 252
483 Guang Zhang 34 4956 1288 402 273 189 149
484 Ryan Kastner 35 4937 401 262 171 142 127
485 Guang Zhang 34 4928 1288 402 273 189 149
486 Boris Babenko 13 4925 3266 509 383 169 121
487 Young-Han Kim 27 4902 1941 446 209 133 119
488 Theo Kirkland 38 4889 437 344 289 248 246
489 Anna Devor 32 4883 366 321 304 277 268
490 Wayne A. Bardwell 39 4879 635 226 181 154 147
491 Thomas Rutledge 32 4868 1152 332 314 237 172
492 V Lubarda 30 4848 1016 278 231 231 213
494 Daniel L Rudnick 41 4834 537 301 183 163 155
495 Scott A Irwin 26 4778 934 689 662 567 312
496 Mark Paddock 38 4755 365 262 200 190 175
497 Maria Rosario Araneta 28 4724 1893 199 172 166 160
498 Peter H. Chung 12 4718 2262 1059 341 305 194
499 Nicole F. Steinmetz, Ph.D. 41 4700 278 199 172 137 129
500 Dong Wang 20 4698 2678 355 175 171 165
501 Dominic Holland 38 4673 341 253 245 232 220
502 Michael Kelner 37 4668 470 223 213 146 139
503 Michael Todd 36 4666 377 224 195 151 114
504 Manuela Raffatellu 34 4664 506 352 291 214 186
505 Julian McAuley 24 4659 863 674 367 362 298
506 Paul Kit Lai Yu 34 4642 287 282 181 159 153
507 Philip Guo 29 4640 934 682 371 256 254
508 Yuri Fialko 36 4627 336 319 301 299 211
509 Michael Galperin 37 4621 694 325 291 272 205
510 Michelle Zive 30 4620 1242 571 306 261 176
511 Karen Messer 42 4596 183 167 161 160 148
512 Son Pham 16 4591 3814 140 60 59 55
513 Jesse V. Jokerst 24 4590 1105 621 466 316 302
514 majid ghassemian 23 4549 1066 573 454 429 399
515 Sitao Wu 25 4537 1255 568 481 298 283
516 Pamela K. Smith 19 4515 1345 734 504 315 276
517 Eric Hollmann 35 4510 362 306 300 278 176
518 Jing W. Wang 25 4503 697 612 507 439 264
519 Farrokh Najmabadi 35 4502 470 259 171 156 147
520 Siddarth Selvaraj 10 4475 2418 649 464 221 150
521 David O. Brink 29 4459 1940 192 186 168 166
522 Vladimir J. Konecni 37 4417 256 254 231 229 199
523 Michael Prigge 19 4396 1324 546 483 385 287
524 Caroline E. Brown 28 4387 681 522 500 408 332
526 Jared W Young 40 4357 276 214 208 146 120
527 Eric Bennett 21 4358 1043 919 486 470 242
528 Joseph Engelberg 21 4344 1152 576 393 313 266
529 Ulupi Jhala 17 4331 1219 691 633 534 259
530 h oesterreicher 32 4289 526 200 176 102 96
531 Niloofar Afari 32 4285 804 332 186 138 138
532 Karthik Muralidharan 25 4272 1075 638 482 214 166
533 Irina Kufareva 29 4262 834 426 256 214 208
534 Weiwei Gao 35 4227 535 276 260 203 150
535 Joel Conte 38 4197 203 124 119 102 96
536 Victoria Risbrough 37 4191 292 276 219 198 141
537 Hadi Esmaeilzadeh 22 4152 1505 556 415 334 159
538 Scott Rifkin 15 4144 1404 489 391 356 328
539 Yingxiao Wang 35 4145 621 338 275 256 152
540 Alan J.  Daly 31 4138 393 344 282 262 242
541 Susan R. Hopkins 40 4132 234 170 161 154 152
542 Gail Heyman 34 4118 391 305 271 265 185
543 A. Aristides Yayanos 34 4090 327 309 276 230 212
544 Michael Madani 27 4089 703 407 292 252 223
545 Francesco Lanza di Scalea 32 4066 479 238 171 149 146
546 Joseph Pasquale 27 4056 948 257 244 147 145
547 Mingxiong Huang 35 4047 358 358 182 165 156
548 Ertugrul Cubukcu 27 4022 733 459 439 216 161
549 Andreas Andersson 28 4024 493 383 311 249 234
550 David Kline 28 4015 916 344 241 227 198
551 Matthew J Baldwin,  PhD (UNE) 36 3996 366 189 153 139 109
552 Veronica Shubayev 27 3988 776 517 261 208 198
553 James Hagood 37 3937 300 252 183 170 164
554 Samara L Reck-Peterson 28 3931 515 394 302 293 237
555 Matthew H Alford 34 3917 256 197 180 173 148
556 Alex Orailoglu 33 3912 236 111 100 88 85
557 Debashis Sahoo 27 3912 468 451 346 311 207
558 Mary Blair-Loy 21 3885 1078 508 430 279 209
559 Vikas Bansal 20 3863 1772 446 224 150 148
560 Joel Watson 25 3864 795 350 328 327 327
561 John Alksne M.D. 34 3856 417 412 191 175 166
562 Oluwole Fadare 35 3847 184 135 122 116 107
563 Dinesh Bharadia 19 3819 1255 1165 248 234 215
564 Alison  Moore 33 3801 244 235 189 188 175
565 He (Andy) Hu 22 3793 777 465 320 215 211
566 Todd Coleman 21 3796 2055 306 164 127 75
567 Xin-tian Li 36 3790 348 222 146 129 98
568 Miller Puckette 26 3773 404 394 332 298 268
569 Alexander A Kon 24 3752 940 909 253 168 160
571 Rick Salmon 28 3742 840 493 240 231 166
572 Kesong Yang 25 3734 351 300 243 202 196
573 Carlo Ballatore 24 3712 1498 215 193 156 132
574 David Dubowitz 25 3700 952 939 233 180 152
575 Zheng Chen 25 3694 517 458 360 254 161
576 guillermo algaze 24 3689 561 466 274 225 213
577 Wolfgang Bluhm 22 3662 467 350 348 340 290
578 Roy Williams 27 3661 435 320 319 234 222
579 William Joiner 23 3654 442 387 380 333 248
580 CFM Coimbra 31 3653 372 254 253 239 202
581 Kamalika Chaudhuri 27 3618 555 407 365 263 181
582 Laurie  Lindamer 26 3610 623 466 460 316 157
583 Ali Arsanjani 24 3604 678 634 484 217 204
584 Miao Yu 18 3599 924 673 436 392 240
585 Kenneth Loh 23 3585 1406 284 268 177 152
586 Kirill Levchenko 25 3539 470 420 242 240 200
587 Jeffrey Rinehart 17 3536 940 650 576 242 222
588 Nathan C. Gianneschi 30 3517 485 233 181 160 142
590 Gordon Dahl 16 3503 954 585 482 347 184
591 Igor Kozak 30 3478 501 180 113 104 104
592 Alexandr Kornev 28 3474 505 461 263 236 175
593 Chengbiao Wu 27 3465 431 423 329 276 247
594 Michael Matthias 18 3463 1882 221 176 163 121
595 Nikola Alic 30 3460 331 252 216 124 110
596 Juan C. del Alamo 27 3455 525 372 228 195 190
597 George Porter 27 3468 783 433 211 200 135
598 Sean Wiggins 32 3445 365 227 188 164 158
599 Craig McKenzie 29 3438 256 235 230 230 212
600 Craig McIntosh 25 3432 559 446 376 289 203
601 Mark A Valasek 28 3425 630 462 206 157 157
602 Eran A. Mukamel 20 3410 924 315 275 263 250
603 Julie Berry Cullen 19 3406 517 453 413 346 346
604 Siavash Mirarab 27 3395 697 443 318 235 177
605 Ellen Breen 33 3379 344 215 210 178 159
606 Lena Gerwick 29 3378 402 249 229 224 215
607 Brice X. Semmens 25 3369 697 283 256 188 165
609 Lars Bode 27 3349 509 303 294 230 150
611 Philbert Tsai 27 3342 306 290 244 243 220
612 Alexander S. Kauffman 31 3323 365 308 178 148 135
613 Zhenjie Zhang 30 3324 315 200 150 129 105
614 Hiutung Chu 14 3317 951 814 352 202 200
615 Robert Continetti 33 3317 202 154 148 109 109
616 Jiang Du 35 3315 152 101 96 87 85
617 Angela J. Yu 19 3315 1056 651 189 177 146
618 Christopher Holland 35 3304 150 143 121 120 119
620 Miriam Scadeng 24 3295 492 449 416 239 181
621 Benjamin Bergen 28 3289 512 328 258 244 161
622 Ronnie H. Fang 28 3278 523 276 260 220 141
623 Vitali Moiseenko 29 3278 481 396 315 133 120
625 Kimberly C. Brouwer 34 3269 177 176 159 152 148
626 David E. Krummen 24 3264 750 262 210 167 151
627 Limin Fu 7 3251 1255 873 336 298 250
628 Lilly Irani 23 3244 1051 294 283 186 121
629 Alex Frano 18 3237 751 365 332 251 218
630 Hua Gong 24 3220 468 426 219 199 162
631 Jeannie Huang 28 3214 453 311 184 170 160
632 Taeho Kim 16 3205 1041 553 476 351 199
633 John H. Evans 23 3203 827 394 276 244 148
634 Grant R. Campbell 22 7905 6253 377 188 120 107
635 Elsa Sanchez-Lopez 25 3192 514 330 313 172 169
636 On Amir 15 3182 1723 300 251 177 125
637 Pamela Reinagel 16 3171 515 425 403 360 334
638 John Haviland 27 3167 345 311 219 212 155
639 Nakatsuji Teruaki 25 3130 390 256 222 217 197
640 Octavio Aburto-Oropeza 23 3126 461 456 333 189 180
641 Rommie E. Amaro 33 3114 267 203 142 115 109
642 Sameer Tilak 19 3110 1543 378 127 106 90
643 Junsung Rho 10 3104 1050 875 513 315 206
644 Dorothy D. Sears, Dorothy Sears Worrall 30 3099 275 199 187 181 171
645 Kyle Jeffrie Gaulton 24 3094 446 409 344 239 152
646 Christo Sims 7 3056 1673 897 238 140 46
647 Amanda Birmingham 19 3052 890 465 429 177 173
648 Sejin Song 18 3042 958 363 272 267 254
649 Duygu Kuzum 23 3033 475 359 325 324 174
650 Patricia East 32 3026 229 206 184 132 130
651 Chi-Hua Chen 26 3023 379 288 278 228 185
652 Steven Dow 30 3020 291 221 210 123 120
653 Jules S. Jaffe 28 3007 364 192 169 136 115
654 Amit Yadav 23 3004 420 339 273 257 188
656 Rick Grush 21 2976 1173 369 184 149 145
657 Eric Hekler 27 2972 369 307 199 170 161
658 Tim T. Brown 25 2961 485 451 383 176 162
659 Fiamma Straneo 28 2912 295 197 189 173 170
660 Samir Gupta 26 2904 371 183 157 111 111
661 Timothy F. Brady 21 2887 543 320 259 186 185
662 Daisuke Nishijima 31 2886 156 153 139 121 116
663 Christopher Oveis 20 2884 384 340 257 228 194
664 Eek Joong Park 21 2879 1114 334 184 174 107
665 Dara Ditsworth 18 2858 825 644 159 155 150
667 Mikhail Malkov 27 2812 644 164 156 143 140
668 Prof. Adah Almutairi 27 2793 272 248 242 209 123
669 Jens Mühle 30 2784 429 167 156 109 108
670 Jim La Clair 29 2747 201 173 169 97 96
671 Mitsue Miyazaki 28 2746 361 181 154 111 107
672 Thomas Urbach 21 2743 798 399 241 216 104
673 Yoshiki Vázquez-Baeza 14 2740 958 330 299 254 219
674 Catherine de Groot-Hedlin 21 2739 1402 250 87 76 74
675 Alexandre R. Gingras 29 2734 326 313 198 153 137
676 Shlomo Dubnov 28 2733 229 195 171 161 138
677 Tara Hutchinson 24 2726 187 148 139 135 92
678 Erik Groessl 28 2725 511 233 139 131 111
679 Albert Lawrence 22 2719 539 350 171 150 135
680 David Scott FitzGerald 19 2716 1000 294 260 179 146
681 Justin Brown M.D. 28 2710 193 149 121 110 110
682 Shayan Mookherjea 27 2688 404 252 137 132 113
683 David Herold 25 2679 394 185 178 176 140
684 Farah Sheikh 26 2676 262 228 199 168 124
685 Michael Hedlin 29 2674 250 179 151 111 93
686 John Skrentny 20 2672 732 709 133 104 91
687 Olga Dudko 18 2668 604 453 255 246 179
688 Alberto Zirino 30 2656 393 102 90 88 86
689 Matthew Panizzon 25 2651 629 185 145 102 101
690 James Day 33 2650 119 119 111 102 91
691 Omar Lakhdari 10 2637 2188 75 65 49 49
692 Wen Liu 13 2624 604 584 423 293 153
693 Jianjun Gao 21 2621 1336 172 148 83 76
694 David Barner 27 2621 276 176 135 118 108
697 Dmitriy M Orlov 25 2600 302 292 283 195 195
698 Joanna Jacobus, PhD 25 2595 367 216 170 162 152
699 Hoi-Sang U M.D. 23 2588 902 303 222 174 81
700 Rui (Ray) Ma 10 2563 2055 321 45 39 18
701 Timothy Gentner 25 2557 598 234 159 151 127
702 Jonathan H. Yu 31 2551 110 88 88 87 77
703 Wilma Puzon-McLaughlin 19 2545 417 258 247 235 205
704 Dinh Diep 12 2536 805 373 343 308 171
705 Kevin Lewis 10 2529 921 643 366 338 80
706 Ben Murrell 16 2518 578 545 330 316 95
707 Grant Deane 29 2511 372 198 164 114 103
708 Olivia A. Graeve 26 2486 332 324 291 190 100
709 James Nieh 29 2480 188 179 102 98 91
710 Margaret E. Roberts 15 2471 1000 302 189 170 136
711 Niels Vande Casteele 25 2440 318 245 149 145 114
712 Tara Javidi 25 2439 331 217 123 82 66
713 John Iversen 20 2436 426 275 198 193 151
714 Jianzhong Wen 21 2427 857 245 229 169 111
715 Georg Loss 21 2424 959 170 130 129 106
716 Peter Bromirski 26 2422 195 179 168 167 150
717 Grant Kester 16 2408 1087 402 210 90 88
718 Craig Callender 28 2402 207 142 135 123 123
719 Gena Glickman 10 2396 1487 214 169 144 115
720 Sheila Podell 25 2390 498 212 194 150 144
721 Burton Barnett 11 2388 1017 359 285 269 179
722 Takaki Komiyama 19 2364 409 253 188 161 144
723 James D Murphy 29 2361 192 153 124 100 95
724 Suckjoon JUN 24 2356 464 271 238 125 114
725 Frances Contreras 15 2355 1191 173 167 133 133
726 Frank Haist 20 2344 419 362 253 195 160
727 Ryan Hechinger 21 2344 366 357 281 129 108
728 Martin Hoenigl 29 2335 107 93 73 70 67
729 Sara Gianella Weibel 26 2329 272 207 207 160 92
730 Melvin Leok 26 2328 279 158 113 107 90
731 Amro Hamdoun 17 2327 938 227 189 188 145
732 Zhipeng Meng 26 2299 245 183 165 142 137
734 Erik Viirre 25 2295 237 157 128 118 102
736 Le Wang 21 2286 725 276 177 136 125
737 David Saintillan 24 2283 268 258 226 146 126
738 James Buckwalter 25 2279 122 111 89 75 69
739 J. Lawrence Broz 21 2272 361 269 217 216 149
742 Scott Baden 24 2261 224 164 152 116 94
743 Yao Chen 21 2257 280 265 257 137 134
744 John S McCartney 25 2239 82 76 67 64 64
745 Willis Li 23 2232 326 223 179 147 123
746 Brian Luk 22 2222 276 260 220 141 122
747 Ann R Elliott 23 2186 349 257 191 138 123
748 Sarah Linke, PhD, MPH 17 2184 1152 133 123 115 84
750 Brian Pedersen 16 2165 357 319 294 266 185
751 Kathryn Gold 23 2165 431 323 127 103 95
752 Virginia de Sa 20 2148 705 180 134 112 108
753 David Levy M.D. 20 2148 278 273 186 152 151
754 Benjamin H. Bratton 9 2145 1755 164 36 31 31
756 James Rottman 26 2141 447 123 115 84 83
757 Byungkook Lim 15 2133 640 258 187 186 156
758 Reika Watanabe 22 2134 159 151 144 140 133
759 Laura Crotty Alexander 16 2133 781 226 217 125 113
760 Wendy Huang 13 2122 563 475 214 149 142
761 Timothy C Rickard 23 2121 348 251 133 127 107
762 Jennifer MacKinnon 24 2120 193 171 141 134 125
763 Richard B. Schwab 24 2122 165 157 148 141 119
764 Peter W Arzberger 22 2112 251 250 203 200 143
765 Federico Rossano 14 2104 717 440 271 121 109
766 Branislav Slantchev 16 2104 379 298 240 218 190
767 Jeramie Watrous 20 2097 391 249 212 173 139
768 Amy Lansing 22 2089 258 173 166 141 135
769 Zoltan Hajnal 21 2088 227 203 185 158 147
770 Piya Pal 18 2085 539 457 277 95 57
771 Jelena Todoric 17 2085 451 296 254 164 138
772 Ery Arias-Castro 21 2086 188 167 149 142 131
773 Joel Wertheim 23 2082 545 167 134 121 73
774 Kevin L. Moore 18 2069 375 324 249 212 149
775 Jennifer S. Haase 25 2066 137 124 116 104 104
776 Thad Kousser 22 2064 264 240 139 110 100
777 Abel W. Lin 12 2061 777 630 326 86 66
778 Shamini Jain 15 2058 1140 174 116 96 96
779 Karsten Hansen 15 2050 561 401 184 169 157
780 Bill Kuo 25 2036 331 124 110 72 66
781 Lukas Chavez 24 2029 180 159 146 140 126
783 Tod A Pascal 23 2018 381 198 178 126 98
784 Stefan Llewellyn Smith 23 2006 204 153 128 116 104
785 Vincent Liu 23 2001 212 193 172 149 130
786 Scott Desposato 22 1995 360 146 125 116 112
787 Dave Stegman 20 1992 379 260 136 134 129
789 Tim K. Mackey 23 1977 154 110 104 88 61
790 Kiriana Cowansage 12 1965 679 266 218 171 164
791 Joshua Stender 13 1964 597 422 324 149 116
792 Simeon Nichter 16 1963 637 512 192 181 94
793 Cai Shengqiang 19 1956 211 191 190 142 128
794 Luke Barrington 21 1954 435 161 137 127 123
795 Alex Khalessi M.D., M.S. 15 1952 1076 193 75 66 43
796 Brendan M. Duggan 21 1951 249 152 144 139 120
797 Matthew Dzieciuch 22 1945 354 187 111 98 92
798 Laura Grupp 14 1938 436 401 275 271 169
799 Cory Miller 24 1936 574 102 101 80 70
800 P.J. Fitzsimmons 26 1935 195 105 84 69 66
801 Jason F. Kreisberg 17 1933 548 231 209 139 129
802 Peter J. Davidson 20 1925 286 207 176 176 134
803 Matthew Klein MD/PhD 12 1897 786 414 320 90 80
804 Hyunsun Alicia Kim 24 1888 311 77 69 67 59
805 Jiawang Nie 24 1879 140 133 112 105 103
806 Todd Martz 21 1878 481 208 151 125 107
808 Jason M. Lavender 22 1871 173 134 116 106 99
809 Chambers C. Hughes 21 1868 219 179 175 135 112
810 Patrick Mercier 24 1860 157 117 116 110 92
811 Garth R Jacobsen 25 1855 179 109 109 100 100
812 Stephanie Huelga 11 1845 685 368 260 159 158
813 sunil j advani 25 1847 175 119 115 111 106
814 Wenxue Ma 19 1845 470 305 149 130 106
815 Uma R. Karmarkar 16 1839 450 232 199 185 163
816 Kevin D. Corbett 24 1833 368 141 140 91 91
818 Harinath Garudadri 23 1823 163 95 76 62 56
819 Tse Nga Ng 21 1824 235 194 107 105 81
820 Eugene Tkachenko 19 1816 423 184 155 130 127
821 Ana M. Navarro 17 1815 443 234 230 160 112
822 John Helly 15 1810 583 385 212 200 36
823 Krystle L. Chavarria 8 1808 798 405 203 130 117
824 Dimitrios Tzachanis 15 1804 646 248 194 104 91
825 Victoria D. Ojeda 21 1799 334 175 136 113 112
826 Jeremie Palacci 11 1796 665 379 305 102 79
827 Eliah Aronoff-Spencer 12 1797 424 385 302 218 211
828 Young Chul Kim 14 1795 351 316 241 183 142
829 Indroneal Banerjee 19 1788 465 219 206 153 127
830 Stefan Aigner 19 1789 733 135 119 97 80
832 John W. Ayers 26 1780 260 116 90 89 71
833 Zhenjiang Zech Xu 20 1774 240 225 136 130 125
834 Sean-Paul Nuccio 18 1776 352 233 200 111 98
835 Eric Van Nostrand 13 1771 754 275 165 158 144
836 Amilcare Gentili 21 1771 179 170 156 126 90
837 Jürgen Schulze 18 1761 481 151 88 85 83
838 Svetlana Semenova 26 1748 220 111 110 109 82
839 Jerome A. Smith 22 1746 151 140 116 112 109
840 Qiang Zhu 22 1746 239 128 124 117 103
841 Jon G Sanders 14 1737 870 168 113 93 88
842 David Mares 22 1735 222 134 115 93 80
843 Junhao Li 11 1734 678 431 240 108 65
844 Dan Zhou 26 1727 140 112 107 87 80
845 Anna De Angelis 19 1710 357 147 144 125 122
846 Galia Debelouchina 15 1710 588 302 116 114 95
847 Brian Zid 6 1709 1005 398 81 80 80
848 Martin Tresguerres 22 1706 147 141 106 94 93
849 Mark Kuei-Chun Wang 16 1691 276 249 213 144 140
850 Han-Ping Chen 15 1686 993 79 62 62 53
851 Karen Stocks 19 1682 326 282 234 102 76
852 Prasad Gudem 25 1677 92 89 76 75 72
853 Andrew G. Taylor 17 1674 481 194 190 69 65
855 Aaron Armando 18 1668 605 143 113 101 79
856 Kyung Rhee 11 1656 571 376 333 77 57
857 Jane K. Willenbring 22 1645 228 160 124 111 88
859 Daniel Kane 21 1641 205 137 101 72 66
860 Xuchu Que 20 1639 399 277 105 102 80
861 William Taylor M.D. 12 1633 754 169 159 115 80
862 Ciro Zanca 20 1630 335 194 145 138 137
863 Catherine Wah 10 1626 513 383 313 142 88
864 Andre Der-Avakian 20 1611 415 191 180 85 63
866 Amy Binder 13 1609 364 320 307 159 90
867 Shabnam Shalapour 18 1608 244 184 172 144 128
868 Anand D. Patel 22 1601 388 79 70 55 48
869 D C Covey 19 1587 271 197 192 108 108
870 Grace M. Kuo 19 1579 512 122 96 91 52
871 Eric Bakovic 19 1579 476 94 85 74 71
873 Ruey-Song Huang 18 1568 263 210 189 155 87
874 Gilberto Mosqueda 21 1567 149 147 94 81 81
875 Christine N. Smith, Ph.D. 16 1561 261 216 158 132 113
876 Manuel Vargas 16 1560 432 197 117 115 96
877 Robert B. Horwitz 14 1556 542 181 139 123 106
878 Victor Shih 16 1555 375 326 115 91 87
879 Hugo Pedro 20 1555 372 253 100 93 85
880 Meghan O'Donoghue Altman 17 1550 419 225 153 90 83
881 Jonathan Monk 14 1544 418 390 182 115 111
882 Jean M. Lewis 12 1543 357 214 201 184 167
883 Eric Michael Scott 17 1539 359 249 148 115 99
884 Kim Dore 13 1539 556 350 292 63 49
885 Mark Lawson 24 1529 97 87 86 79 66
886 Michael Tryon 17 1528 264 212 154 146 130
887 Jie Li, Ph.D. 13 647 86 71 68 45 40
888 Debi Kilb 20 1528 224 151 145 142 138
889 Jonathan Cohen 20 1524 159 133 125 123 102
891 Danielle Horyniak 13 1515 1024 68 56 47 39
892 Glenn Sasagawa 16 1504 514 100 94 92 90
893 Daniel Butler 16 1502 398 240 113 93 71
894 Daniel C. Zielinski 12 1505 979 174 62 45 36
895 Paul Bryant 17 1500 452 159 111 102 62
896 Grant Goodall 17 1496 509 174 99 66 57
897 Neal Doran 22 1484 167 119 105 105 86
899 Wendy Liu 9 1478 539 307 307 211 104
900 Ryan S. Trim 24 1476 128 72 65 63 62
901 Arnaud Taton 16 1474 388 169 167 111 97
902 Ian Eisenman 18 1461 225 196 167 119 86
903 Steve Pappert 22 1453 159 115 81 71 59
905 Francesca Malfatti 16 1444 773 89 68 67 61
906 Zhenyu Zhong 15 1438 274 172 160 138 135
907 Sharon E Cummins 16 1437 399 200 170 101 50
908 Drew A. Hall 13 1434 320 258 218 106 86
909 Farhoud Faraji 9 1424 903 187 127 49 31
910 Shachar Lovett 19 1424 192 89 68 68 59
911 Amir Zarrinpar 14 1425 597 198 148 83 77
912 John Asmus 17 1415 206 139 103 78 70
913 Tyson Ikeda 7 1414 1020 163 130 45 23
914 Sergey Kryazhimskiy 15 1407 450 139 133 123 93
915 Danna Qian 18 1407 498 106 89 87 78
916 Jennifer E Iudicello 20 1404 206 140 138 84 76
917 Vincent Nijs 11 1403 579 286 113 105 54
918 Anthony Schmitt 11 1400 649 221 138 106 94
919 Ranveer Singh Jayani 8 1394 846 149 145 134 45
920 Victoria Cajipe 23 1394 131 95 81 79 52
921 Francois Anderegg 19 1392 300 176 118 77 58
922 C McGuffey 17 1389 333 333 305 81 62
923 Desirée L. Salazar 6 1385 735 316 166 90 50
924 Jennifer Burney 11 1378 692 155 106 94 79
925 Alexis Komor 12 1373 445 203 181 124 87
926 Dan Werb 20 1371 151 125 91 67 61
928 Colleen J. Doherty 10 1367 366 247 217 172 103
929 Attila Szücs 18 1362 187 106 103 96 92
930 Alice Zemljic-Harpf 14 1360 271 237 144 140 118
931 Sheldon Morris 24 1359 106 98 74 55 52
932 Roman D. Smirnov 18 1338 163 147 139 70 70
933 Valerie Izzo 23 1338 90 88 84 77 65
934 Ulrich Niemann 13 1337 295 278 211 150 130
935 Bradley Voytek 18 1335 230 140 133 129 97
936 Christopher A. Longhurst 20 1333 128 120 114 62 62
937 rayywang 17 1332 217 152 124 117 84
938 Keith Vaux, MD 18 1322 256 249 134 74 65
939 Katherine DeLong 10 1316 798 182 67 66 64
940 Hong Kim 10 1307 507 373 97 80 73
942 Hao Xu 20 1301 342 80 71 71 70
943 Christopher Keown 13 1300 625 141 92 80 55
944 Aleksandra Franovic 13 1292 222 204 168 161 149
945 Thomas Gallant 13 1291 433 144 108 101 87
946 Cristina Bonorino 21 1290 144 129 75 69 67
947 Manfredi Manizza 14 1286 599 136 97 73 51
948 Andreas O J Wiberg 20 1283 119 108 72 64 50
949 Matthew Sampson 14 1281 200 159 158 112 108
950 Jiyoung Park 10 1276 310 233 193 143 103
951 Susan Yonezawa 17 1267 240 106 103 97 81
952 Karen Ferree 13 1267 353 194 128 97 75
953 Isaac William Martin 16 1263 237 190 175 165 110
954 Satoshi Uchiyama 13 1256 271 264 263 121 62
955 Krislert Samphantharak 12 1252 394 300 122 78 77
956 Christine Frandsen 15 1252 442 177 90 76 62
957 Adriana Villaseñor 13 1255 660 102 89 87 60
958 Andrew William Borkowski 15 1246 217 197 156 122 94
959 Gneezy Ayelet 13 1241 231 181 151 138 104
960 Borsika Rabin 16 1229 302 108 107 106 100
962 Jonathan Hooker 17 1227 206 114 83 75 73
963 Debanjan Dhar 15 1222 244 151 135 128 107
964 Hung Ping Shih 14 1219 307 129 118 108 99
965 Aaron W Reinke 11 1220 275 238 224 139 83
966 Gordon McCord 10 1220 885 79 70 48 30
967 James John Urbanic 19 1211 171 106 75 71 61
968 Gianmario Benzoni 18 1206 130 114 101 77 70
969 Mark L. Ettenhofer 15 1204 278 141 125 115 74
971 John Smiley 19 1203 281 116 81 80 77
972 Mariko Sawa 7 1203 583 225 184 109 35
973 Laurel Riek 19 1201 191 82 76 72 70
974 Grace Gwe-Ya Kim 13 1190 472 160 129 53 42
975 Rayan Saab 16 1188 172 165 102 99 82
976 Cicero da Silva 11 1186 425 391 91 76 29
977 hongrong luo 15 1181 256 125 105 104 103
978 Zachary A. King 13 1182 390 136 125 124 99
979 Laura Cerviño 19 1176 92 83 79 74 74
980 Karl Wahlin 15 1175 264 177 105 75 71
981 Howard Tung M.D. 15 1167 362 142 129 125 52
982 Francesca Telese 9 1166 404 399 105 70 55
984 Jianhui Ma 10 1161 389 229 196 144 61
985 Li, Wei 16 1152 225 117 94 82 43
986 Dongxin Zhao 8 1148 421 341 178 83 51
987 Omar M Alhassoon 16 1145 125 123 119 117 114
988 Paul Martin Murphy 11 1145 303 218 150 114 107
989 Jyoti Mishra 17 1145 181 165 151 120 61
990 Thomas Weng 11 1142 402 188 144 94 81
991 Neil Grimsey 12 1141 278 185 152 148 104
992 Lingquan Wang 13 1137 197 151 119 108 99
994 Varykina G. Thackray 19 1128 314 131 70 63 56
995 Kenneth C Wilbur 15 1125 302 151 137 97 66
996 Nicholas Boechler 14 1124 341 205 89 79 62
997 Chen-Yu Lee 7 1123 721 164 61 54 45
998 Deian Stefan 19 1118 112 106 98 75 62
999 Seth J. Hill 12 1118 253 174 141 116 84
1000 Linda Hill 19 1113 106 98 66 55 55
1001 suping zhang 13 1108 221 158 141 88 78
1002 Oksana Polesskaya 15 1103 274 207 101 97 52
1003 Robert A Quinn 15 1103 249 136 135 76 65
1004 Stephanie I. Fraley 9 1099 435 246 150 81 65
1005 Yang Chao-Shun 12 1094 297 150 116 103 89
1006 Dana Nelkin 16 1093 200 143 111 85 71
1007 Ethan R. Deyle 11 1088 569 113 91 58 53
1008 Giri P Krishnan 18 1083 130 123 100 97 85
1009 Nadir Weibel 19 1083 103 66 59 54 49
1010 Anthony J O'Donoghue 14 1074 421 79 73 72 65
1011 Alexander Mendez 14 1075 340 202 82 81 57
1012 Bongyong Song 14 1075 417 118 115 63 33
1013 Yu-Te Wang 16 1071 157 132 118 98 44
1014 Qi Ma 9 1068 507 180 117 79 46
1015 Flavia Filimon, Ph.D 8 1065 424 189 164 142 56
1016 Kate Antonovics 14 1064 233 211 106 95 90
1017 You Jung-Min 20 1064 103 75 71 62 62
1018 Soohwan Oh 14 1064 507 79 67 64 58
1019 Shaun Johnston 18 1060 141 136 96 71 71
1020 Jeffrey H Gertsch 13 1058 143 139 118 114 110
1021 Xin Qu 15 1056 147 125 124 97 84
1023 Ying Wang 11 1055 221 184 154 150 119
1025 Tsering Stobdan 17 1050 237 120 85 67 65
1026 Xiaoyi Cao 12 1049 499 157 131 77 39
1027 Yi Jing 14 1049 153 138 119 107 98
1028 Jonathan K. Pokorski 17 1047 172 133 99 66 65
1029 David Gorkin 12 1045 285 168 144 135 90
1030 Christina Gremel 15 1043 247 191 152 61 56
1031 Laure Resplandy 16 1043 501 75 49 46 32
1032 David Lagakos 12 1045 359 201 76 72 63
1033 Hak J. Lee 16 1042 201 167 95 71 71
1034 anita bandrowski 17 1043 107 101 80 67 64
1035 Sheri J. Hartman 15 1045 345 111 75 60 52
1036 Eva-Maria S. Collins 13 1038 268 203 105 71 58
1037 Anjana Srivatsan 11 1034 295 209 135 113 110
1038 Michael Meisinger 17 1033 250 181 181 72 48
1039 Jesus Lacal 18 1033 243 90 80 66 64
1040 Megan Hopkins 17 1032 317 94 66 66 55
1041 sashi kasimsetty 8 1034 390 157 142 133 102
1042 Raeanne C. Moore 17 1029 172 104 67 59 46
1043 Shuang Wang 18 1026 65 61 51 42 42
1044 Jishen Zhao 17 1024 188 128 75 68 63
1045 Ali Ebrahim 15 1028 210 136 86 79 70
1046 Edward J. O'Brien 14 1023 228 207 182 70 55
1047 Nan Hao 14 1021 133 121 115 103 97
1048 Ranxin Shi, Ph.D. 11 1019 504 122 107 78 56
1049 Ryan Kim B.A. 12 1017 335 174 154 113 39
1050 Matthew Mazloff 15 1015 210 104 103 93 70
1051 Johnny Akers Ph.D. 15 1015 335 113 86 56 45
1053 Chih-Ying Su 10 1012 332 279 120 98 49
1054 Peidong Han 11 1010 544 138 92 46 42
1055 Alexander Rodarte 15 1007 166 121 85 84 81
1057 Tom K. Wong 10 1000 587 184 59 35 30
1058 Fatta B. Nahab M.D. 12 998 391 101 89 59 53
1059 Bin Li 16 988 255 98 86 70 70
1060 Alireza Kargar 15 985 153 138 98 96 50
1061 Amy Bridges 14 982 238 170 110 100 47
1062 Erin E. Morgan 19 978 99 94 65 63 56
1063 Daniel A. Sweeney 10 977 549 120 96 42 39
1065 Mohsin Khan 17 968 105 96 82 73 70
1066 Benjamin Ziemer 11 964 230 177 147 88 67
1067 Xiaoli Wei 19 962 100 77 75 73 54
1068 Leo Porter 19 964 99 98 90 86 53
1069 Thandeka Chapman 16 964 213 131 128 58 56
1070 Christopher V. Grant 20 962 93 86 69 65 50
1071 Malik M Keshwani 16 962 145 109 94 93 78
1072 John Ahlquist 15 960 157 142 107 73 69
1073 Paul Niehaus 11 961 202 139 132 91 88
1074 Alexander Muratov 10 958 203 174 134 102 96
1075 Kevin Cummins 19 957 92 66 59 58 56
1076 Shenghong Ma 7 954 377 359 100 39 37
1077 Michael Callen 12 951 241 233 76 58 57
1078 Chian-Shiu Chien 9 947 575 139 52 44 34
1079 Jonathan Copp 10 941 260 220 130 88 75
1080 Brian CW Crawford 7 942 538 121 109 64 57
1081 Yi-Zhuang You (尤亦庄) 17 942 131 68 46 41 39
1082 David D. Gonda 15 941 335 79 56 46 35
1083 David P Fenning 17 939 211 53 51 50 47
1084 Tinku Baidya 15 935 158 127 98 82 79
1085 Andrew J. Lucas 13 934 309 161 161 83 48
1086 Brenton Alexander 16 933 140 105 98 67 61
1088 Alex Schafgans 16 928 200 113 85 52 52
1089 Cyril Bernis 10 924 246 230 93 74 68
1090 Alan K. Jarmusch 16 911 167 63 63 61 58
1091 Katharine L. Ricke 12 910 227 169 91 83 65
1092 Jennifer Vanos 17 908 106 72 71 65 59
1093 Eyal Golub 13 908 198 196 102 70 64
1094 Yuran Huang 10 907 388 120 108 101 87
1095 Steven W Plouffe 13 898 241 137 104 95 89
1097 Nathan Goulding-Hotta 7 895 472 163 125 45 35
1098 Carsten Pfeffer 7 894 475 205 98 47 43
1099 Christina Schneider 16 893 109 98 75 60 55
1100 Sarah Kinnings 10 890 248 146 94 93 91
1101 Roshan P. Shrestha 11 889 223 214 150 66 62
1102 Meirav Lavy 11 889 196 130 130 98 91
1103 Anna Bezryadina 11 888 172 126 125 112 84
1104 Praween Siritanasak 12 880 257 114 100 86 45
1105 Rajib Nath 12 878 221 193 75 66 55
1106 Pengfei Jiang 15 876 116 81 78 74 64
1107 Arun Kumar 12 877 260 127 80 76 71
1108 Sarah R. Smith 9 874 296 214 138 68 56
1109 Sarah Creel 15 871 234 152 52 47 37
1110 Vladimir Rotar 15 868 104 77 69 61 50
1112 Michael L. Thomas 16 867 136 57 53 51 47
1113 Ana Širović 14 864 164 160 78 77 44
1114 Andrey V Ivanov 11 863 251 212 102 79 43
1115 Ekaterina Novitskaya 14 864 177 105 99 81 74
1116 Jung Hyun Bu 14 857 163 132 123 75 73
1117 natalia ramondo 11 855 210 140 122 115 63
1118 Jace Hargis, PhD 16 854 111 100 61 41 37
1119 Dorota Skowronska-Krawczyk 13 851 251 210 70 63 49
1120 Arturo Medrano-Soto 7 847 324 158 141 92 70
1121 claire pouget 15 844 128 126 104 63 57
1122 Sally Sadoff 10 845 209 162 141 104 71
1123 Sean Hatton 11 841 238 221 93 82 35
1124 Alvaro Camacho 15 839 175 72 65 57 51
1125 Francesca Soncin 10 837 243 203 106 105 51
1126 Anders Nilsson Plymoth 9 833 413 101 97 42 41
1127 Tiffany A. Brown 13 836 296 148 56 50 38
1128 Sicun Gao 12 831 196 108 103 66 64
1129 Lauren S. Weiner 5 829 400 318 82 22 5
1131 Irene Su 18 824 108 92 77 73 65
1133 Pavimol Angsantikul 13 819 276 103 65 48 38
1134 Tricia Bertram Gallant 14 817 142 107 103 72 57
1135 Gary Fields 11 818 419 81 70 39 38
1136 Hui-Hao Lin 8 814 379 189 86 56 42
1137 Yarui Diao, Ph.D. 10 813 464 64 63 56 48
1138 Pam Taub 17 811 117 78 74 59 52
1139 Felipe Perissé Duarte Lopes 13 812 255 131 55 34 26
1140 Rain Bosworth 13 805 156 154 113 98 97
1141 Keith Pezzoli 12 809 359 114 49 38 33
1142 Adrian Ioana 16 806 177 59 57 56 55
1143 Albert Hsiao 14 806 126 103 96 79 52
1144 Anela Choy 13 803 141 111 105 72 62
1145 David Wolgast 15 800 102 94 89 75 68
1146 Yuliya Skorobogatko 10 797 252 117 97 79 72
1147 Andrea Vattani 10 796 360 132 132 102 49
1148 Cleber A. Trujillo 15 792 117 89 65 46 46
1149 Sarah G. Purkey 8 790 338 122 113 84 55
1150 Padmini Rangamani 14 789 237 65 56 46 44
1151 Jangir Selimkhanov 10 792 255 152 129 98 36
1152 Berta Esteban Fernandez de Avila 18 790 90 70 51 43 42
1154 Dr. Shashi Kant Tiwari, PhD 14 782 227 181 37 35 34
1155 R. Cameron Coates 8 783 215 184 108 70 55
1156 Fabio Lorenzo, Traversa 16 782 89 80 69 46 41
1157 BINGJIE SUN 12 781 200 110 88 84 82
1158 Yasuhiro Kodera 15 780 101 99 68 67 48
1159 Julian Ramirez 9 778 246 172 117 84 49
1160 Alexi Nott 10 774 322 167 69 51 39
1161 Nima Khademi Kalantari 14 771 148 79 79 71 66
1162 Mary A. Wickline 5 774 500 112 107 28 21
1163 Timothy Tirrell 8 770 417 118 117 44 36
1164 Chuze Ma 9 771 379 76 70 63 50
1165 Javier Gimpel 10 769 391 115 52 42 34
1166 Sara McMenamin 16 768 111 57 55 51 47
1167 Weiwei Xiong 9 765 251 199 129 77 46
1169 Tai Ming Cheung 13 764 106 65 53 51 45
1170 Ester J. Kwon 14 764 150 103 91 75 65
1171 Laura A. Berner 13 758 115 91 80 66 63
1172 Jeffrey Clemens 12 757 157 155 94 73 47
1173 Xuefeng Wang 13 757 165 142 104 69 51
1174 Jinyoung Kang 8 756 244 147 133 130 27
1175 Bustamante MF 12 755 182 164 111 42 36
1176 Jingting Li 13 753 148 72 68 58 58
1177 Micah Bregman 10 754 426 120 41 34 26
1178 Bibhuti B Das 12 753 357 75 43 40 34
1179 Omar Akbari 14 754 111 97 71 49 48
1180 Tianyin Xu 17 752 78 74 65 61 42
1181 Timothy F. O'Connor 12 748 140 99 98 90 71
1182 Paul McGeoch 16 748 95 83 75 68 49
1183 Wingching Vincent Leung 14 746 138 81 69 57 48
1184 Elio Damaggio 8 739 185 159 159 96 84
1185 Renhou Wang 10 744 233 98 92 83 54
1186 Jacques Verstraete 15 736 66 46 44 38 35
1187 Renato Lisboa 14 734 106 88 87 77 77
1189 Brian Zgliczynski 13 732 97 95 90 84 43
1190 Utpal Das 14 731 141 117 83 70 50
1191 Huiyuan Hou 15 731 68 67 58 53 48
1193 Alina M. Schimpf 13 728 106 91 61 61 57
1194 Elayanambi Sundaramoorthy 10 726 237 152 120 49 39
1195 Bouslimani Amina 9 719 249 156 85 85 56
1196 Mathieu L. Viger 14 716 163 76 65 61 52
1197 Oscar Vazquez Mena 15 716 102 67 61 47 43
1198 Tucker Elleflot 10 716 257 114 86 45 41
1199 James R. O'Brien 15 716 71 69 59 57 42
1200 Danny Antaki 6 715 549 87 28 26 7
1201 Pedro Belda-Ferre 9 714 308 76 65 63 59
1202 Jose A Navas-Molina 9 713 225 220 88 40 33
1203 Tailin Xu 14 712 107 78 72 70 70
1204 xiao liu 9 712 279 164 62 52 38
1206 Ziying Wang 6 712 498 69 49 38 27
1207 Amina Noor 8 711 549 35 28 17 13
1208 Sanjiv Erat 8 709 405 69 62 50 37
1210 Matthias Lankhorst 12 706 170 137 137 90 64
1211 Mingxun Wang 11 705 249 156 72 65 50
1212 Valentino M Gantz 5 703 289 263 111 23 14
1213 Sibtain Ahmed 16 700 172 111 35 28 28
1214 Kevin D Ross 3 696 539 138 18 1 0
1215 Jun Xu 14 695 164 98 62 52 36
1216 Aaron Sampson 8 696 263 126 72 59 57
1217 Laetitia Seguin 10 692 257 168 45 42 41
1218 Alexander A. Aksenov 13 692 119 104 71 45 43
1219 Adrian Borsa 15 693 132 81 73 71 58
1220 Pei-an (Betty) Shih 14 688 104 83 83 62 45
1221 Jingdi Zhang 14 687 161 81 52 44 42
1222 Roxanne Rockwell 9 687 352 87 52 51 33
1223 Monica Valeria Estrada 14 683 124 85 84 64 48
1224 Jesse Nodora 15 678 153 106 36 32 30
1225 Andrew David Barton 10 678 208 112 67 65 44
1226 Angela Macia 9 677 223 126 103 101 33
1227 Safdar Nazir 16 673 75 58 47 40 33
1228 Aída Martín 15 673 117 70 57 53 38
1229 Marti Motoyama 8 670 200 197 94 81 43
1230 JONG BAE SEO 10 670 248 150 62 38 37
1231 Wei Zhu 10 669 125 124 93 84 83
1232 Claire Adida 12 669 195 66 59 52 49
1233 Van W Wong 9 668 256 104 57 44 44
1234 Fernando Soto 11 668 159 70 70 67 61
1235 Feng He 12 668 172 160 76 44 34
1236 Nikunj Shukla 15 664 76 75 53 50 47
1237 Saikat Chakraborty Thakur 16 659 88 73 62 33 30
1238 Hyewon Song 13 657 212 116 81 56 35
1240 Manish Arora 12 656 163 51 47 40 31
1241 Marc Garellek 14 654 104 73 41 37 30
1242 Pranav S. Garimella 12 653 151 125 54 44 25
1243 Martin Navaroli 8 651 257 114 86 45 41
1244 Zhaowei Cai 8 650 235 118 67 62 44
1245 Michael S. Denny, Jr. 8 647 282 125 78 58 45
1246 Adrian Borsa 14 651 132 81 73 71 58
1247 Giuseppe Di Caro 13 646 128 101 73 42 39
1248 Dhamodaran Santhanagopalan 14 645 69 56 49 32 30
1249 Robert Rex 10 641 345 48 35 25 22
1250 Rishan Chen 10 641 175 123 89 84 66
1251 Feng Liu, Ph.D. 8 638 168 162 137 54 32
1252 Lopez-Ramirez M.A. 11 637 153 111 72 68 49
1253 Chelsey Dorow 12 636 169 112 55 37 35
1254 olivia ryder 12 634 198 93 93 63 48
1255 Kapil Amarnath 9 633 149 87 82 80 71
1256 Kees Jan Boogerd 9 632 121 105 88 86 77
1257 Olesya Bondarenko 9 632 428 428 73 31 23
1258 Nicholas Butko 12 626 105 101 51 51 48
1259 Katia M Harlé 9 626 231 88 88 77 53
1260 Maxim Abashin 11 626 206 88 43 43 40
1261 Nuno Guimaraes Camboa 8 624 206 154 91 60 35
1262 Cassandra Lynn Happe 10 623 149 135 87 56 55
1263 Diana Dehaini 10 621 276 76 62 48 37
1264 Jason R. Leonard 11 623 208 89 57 49 44
1265 Stephen Deiss 8 621 156 151 105 84 41
1266 Isabella Fernandes 7 617 511 25 21 17 13
1267 Simone Baumann-Pickering 13 617 68 58 51 45 39
1268 Sheila Semaan, Ph.D. 14 616 84 72 62 61 60
1270 Xiaobei Zhao 13 615 116 106 60 56 40
1271 Huilan Lin 11 615 171 80 78 53 51
1272 Christopher B. Lietz 15 615 86 63 55 50 45
1273 Viola Störmer 15 614 139 75 44 42 38
1274 Jia Li 12 614 111 87 72 61 59
1275 Snehal Banerjee 8 613 173 138 110 57 50
1276 sebastien durand 9 613 130 126 95 71 55
1277 Daniel Petras 12 614 215 99 50 45 25
1278 Ling-juan Zhang 10 614 156 134 103 64 38
1279 Katie L Cramer 8 612 317 115 60 32 23
1280 Yiqing Xu 11 610 176 90 73 67 44
1281 Chen-Yen Lai 6 608 368 91 79 34 16
1282 Rodney A. Gabriel 13 605 120 68 55 50 31
1283 Jixin Cui 9 602 124 123 90 69 62
1284 Gulsen Ucarkus 9 602 209 104 94 39 35
1285 Andu Nguyen, Ph.D. 11 612 130 103 100 48 39
1286 Panagiotis Voulgaris 7 600 223 138 91 82 27
1287 Rakesh Malhotra 11 599 149 132 77 45 41
1288 Jianzhu Ma 11 598 141 85 77 67 40
1289 Yu-Hsuan Chang 11 592 254 73 72 30 28
1290 Ronit Ilouz 7 594 236 137 87 53 34
1291 James T. Morton 11 591 136 88 83 61 52
1292 David Boettger 8 591 257 100 86 53 31
1293 Sung Woon Kim 13 590 88 40 36 28 26
1294 Ricardo Roberto da Silva 10 592 249 82 79 27 27
1296 Kyung-Jun Hwang 14 588 53 46 41 34 26
1297 Adena Schachner 8 586 259 82 73 73 29
1298 Deobrat Dixit 14 586 97 63 62 49 40
1299 Lianne Urada 11 586 272 57 50 39 20
1300 Yueh-Ju Hou 11 588 175 120 80 61 36
1302 Leon Bergen 12 585 140 91 74 58 53
1303 Adam P Young 14 583 134 56 49 46 42
1305 Morgan DeSantis 10 579 98 93 77 62 59
1306 Eric Jaehnig 8 576 346 54 52 33 26
1307 Kyla Omilusik 11 576 104 101 83 64 61
1308 Valya Ramakrishnan, Ph.D. 12 575 125 113 86 44 39
1309 Benjamin McKenna 11 574 176 96 60 48 29
1310 Seungjin Na 12 573 91 80 68 59 59
1312 Amy L. Non 14 573 72 66 51 46 38
1313 Kristen P. Tolson, Ph.D. 11 571 158 103 72 65 37
1314 Wenjing Zhang 9 567 213 120 53 47 41
1315 Xiaowei Deng 12 566 106 66 52 46 30
1316 Steven David Brown 9 565 156 122 86 51 51
1317 David Kamensky 9 564 164 118 118 92 42
1318 Laurent Fattet 12 563 214 98 57 45 22
1319 Dean T. Acheson, Ph.D. 13 562 126 79 47 41 34
1320 MC Poling 11 562 107 85 72 65 53
1321 Gurunatha Kargal 11 561 126 114 58 55 36
1322 Nicholas Oesch 9 559 129 108 81 64 51
1323 Henrike Niederholtmeyer 7 559 160 145 72 59 58
1324 Xiaodong Feng 9 559 208 68 59 50 46
1327 Raghu Betha 15 556 81 53 51 39 37
1328 Kathia Zaleta-Rivera 12 554 143 105 79 57 36
1329 Julia Busch 5 554 260 215 46 14 11
1330 Tanya T. Nguyen 8 553 408 19 19 17 13
1331 Yi Zheng 9 550 173 72 71 60 57
1332 Ming Li 12 550 108 78 58 45 41
1333 Zhijian Wang 11 548 97 77 74 68 51
1334 Jingqiang Ye (叶靖强) 8 548 434 31 21 21 12
1335 Sugreev Chawla 15 544 76 47 47 39 37
1336 Qi Xie 12 544 86 72 62 57 55
1337 HONGHUI WANG 12 542 107 79 60 36 35
1338 Jennifer Padwal 4 542 464 64 8 4 2
1339 Minghao Zhang 13 542 89 87 56 42 40
1340 Massimiliano Menarini 12 540 152 47 44 44 40
1341 Philip Bittihn 7 540 207 173 35 29 24
1343 Feng Xue 12 538 209 64 62 28 27
1344 Brian Saunders 11 536 154 64 64 64 41
1345 Qingfei Jiang, PhD 11 534 111 103 74 61 36
1346 Yuyan Shi 13 534 124 61 45 36 27
1347 Jennie M. Kuckertz 12 531 82 64 49 45 44
1348 Lopez-Sanchez Inmaculada 13 530 69 57 56 49 47
1349 Jia Zhuang 11 532 248 69 53 22 18
1350 Vahid Ataie 12 530 110 52 48 37 33
1351 Keaton Mowery 9 530 179 138 45 44 41
1352 Manasi Das 9 529 148 68 66 65 56
1354 Su-Wen Hsu 9 528 167 98 73 55 40
1355 Keisuke Onishi 8 524 161 143 72 54 36
1356 Daniel Meira-Freitas 13 523 106 54 42 39 33
1357 Raheleh Dilmaghani 12 523 119 58 49 29 29
1358 Shaoxuan Wang 10 522 168 99 82 48 36
1359 Ruixue Jia 8 521 123 118 98 57 44
1360 Britta Larsen 11 519 150 36 36 35 33
1361 Siddhartha Nath 11 518 163 51 46 39 38
1362 Jinchi Lu, Ph.D., P.E. 11 517 66 63 57 51 39
1363 Emilia Farcas 12 518 152 74 44 31 29
1364 Jacqueline M Kimmey 6 518 169 136 123 39 25
1366 Tyler Seibert 10 514 224 46 36 28 23
1367 Carlos Aitor Macias 6 513 129 117 95 80 70
1368 benoit tesson 10 514 81 62 62 59 50
1369 Abhishek Sohni 8 512 205 135 50 42 21
1370 Cheng William Hong 11 512 100 71 61 47 40
1371 Roy Ronen 11 510 135 74 67 49 49
1372 Michael C. Yip 14 509 82 61 61 59 39
1373 Zhao Wang 13 509 95 74 50 47 35
1374 Sha He 12 507 120 68 58 55 33
1376 Jayoung Kim 10 510 84 74 72 54 51
1377 Masaki Nakanishi 10 507 146 98 44 35 28
1378 Laura Antonucci 9 507 201 57 44 44 41
1379 Yeob Lee 8 505 108 105 81 65 58
1380 Fragkiskos D. Malliaros 10 505 310 40 26 25 19
1381 Raphael Florentino Ribeiro 6 504 346 63 32 20 9
1382 sadanori watanabe 8 504 149 124 65 48 29
1383 Bing Zhou 11 503 126 108 68 32 31
1384 Luc Lenain 13 502 91 42 38 36 35
1385 Jade d'Alpoim Guedes 12 501 90 48 47 43 33
1386 Aliaksei Charnukha 11 499 92 72 69 48 41
1387 Monte Ransome Johnson 7 493 276 65 37 32 24
1388 Cassondra L. Williams 9 493 112 82 50 48 46
1389 Marten Hoeksema 13 493 60 56 52 44 38
1390 Rishi Kapoor 8 493 137 97 91 78 37
1391 Sarah N Giddings 10 488 164 82 47 41 35
1392 Dohwan Lim 9 487 275 41 36 35 20
1393 Tyler Cyronak 12 486 70 58 47 43 35
1394 Dr. Rupesh K. Mishra 11 487 81 52 44 37 29
1395 Elizabeth Brunk 13 486 112 43 41 37 28
1396 Priya Narasingarao 8 484 212 68 46 41 34
1397 Haodong Liu 11 484 89 87 54 50 42
1398 Johannes Wieland 9 484 232 81 76 23 15
1399 Salman Karbasi 12 482 73 73 40 39 28
1400 Masato Nakazawa 12 482 58 48 46 41 34
1401 Bedri Arman 7 481 319 47 36 30 26
1402 Marta Serra-Garcia 10 481 169 59 58 51 48
1403 Mohsen Imani 13 482 50 26 26 24 23
1404 Horia Pribiag 8 480 139 67 66 65 47
1406 Yina Zhu 13 477 72 59 49 41 33
1407 Ali C. Basaran 8 475 122 106 73 39 29
1408 Wei Zhang 11 474 70 68 64 47 37
1409 Marshall C. Peterman, Ph.D. 5 472 260 118 80 8 5
1410 Juan Jose Ripoll 11 471 91 83 57 42 40
1411 George Chiang 10 470 87 79 65 46 28
1412 Kristen Guirguis 9 470 212 66 41 41 35
1413 Cedric K Tsui 12 469 88 37 37 30 30
1415 Pingping Wang 6 468 240 105 43 36 25
1416 Akram Belghith 11 466 104 76 51 37 18
1417 Manon Ragonnet-Cronin 9 465 138 80 57 39 38
1418 Andrew Frederick Johnson 9 463 162 85 58 55 19
1419 Chun Chieh Fan 11 463 101 84 49 40 29
1420 Ching-Wen Chang 10 463 94 66 59 59 53
1421 Martin Gustavsson 11 462 76 60 51 49 48
1422 Sanggyun Kim 11 462 148 102 36 18 17
1424 Robert V. Swift 12 460 102 57 49 43 28
1426 Joseph M. Cantor, Ph.D. 9 459 87 78 67 62 52
1427 Nadia Polikarpova 12 459 87 57 51 47 39
1428 Vivien Ya-Fan Wang 6 459 132 117 70 66 38
1430 Julie Dinasquet 10 457 260 32 31 19 18
1433 Brooke S. West 9 455 131 69 55 39 33
1434 Dae Y. Kang, Ph.D. 4 453 275 151 19 5 2
1435 Daryl Preece 10 453 112 70 50 46 34
1436 Kevin Kaufmann 12 452 121 66 39 35 29
1437 Koyel Mitra 5 451 292 66 62 20 6
1438 Jeff Bowman 12 451 129 45 41 39 36
1439 Jessica Wen 5 451 354 33 27 24 7
1440 Chin-Hung Liu 10 451 72 71 50 45 45
1441 Taekyung Kim 9 450 191 66 61 37 19
1442 Anna Tury 12 449 117 56 43 42 31
1443 Jesse T Chao 5 449 190 129 69 49 5
1445 Colin Weltin-Wu 11 447 111 70 51 51 28
1446 Ryan K Orosco 11 447 77 55 43 37 36
1447 Ali Keyvanfar 13 446 33 33 32 31 26
1448 Jesse Placone 12 445 113 47 42 38 32
1449 Dongseok Jang 7 444 191 97 72 72 47
1450 David Warther 9 442 82 82 76 66 29
1451 Brian Chapler 13 440 81 56 52 38 28
1453 Thekla Cordes 8 443 212 54 38 38 35
1454 Matthew C. Wingert 9 440 161 65 51 42 41
1455 Joseph Larkin 10 439 97 89 45 44 42
1456 Ramya Raviram 9 439 212 47 34 20 19
1457 Ivana Cerovecki 11 439 80 80 80 54 48
1458 Bingfei Yu 8 438 228 54 38 30 26
1460 Lan Liu 11 437 110 37 29 27 26
1461 Heather C. Broccard-Bell (Bell) 9 436 144 127 68 22 21
1463 Tokio Matsuzaki 11 434 66 58 33 33 31
1465 Sean Pakbaz M.D. 9 432 73 72 72 64 64
1466 Tsung-Ting Kuo 12 431 113 50 30 25 23
1467 Clarisse Marotz 8 431 255 41 35 34 22
1468 Elizabeth M Harrison 6 430 359 16 12 12 11
1469 Long Jin 8 428 182 61 56 42 36
1470 Caren M. Walker 12 428 57 53 38 36 33
1471 Joseph Ciacci M.D. 10 427 66 46 45 33 32
1472 June Liang 9 425 179 115 39 19 15
1473 Alan Robinson 8 421 217 67 23 19 14
1474 Alexander Liberman 10 421 146 64 61 37 31
1475 Shweta Joshi 12 422 65 49 39 38 25
1476 Xichen Li 8 419 111 100 71 61 21
1477 Marta M. Jankowska 11 418 68 56 49 48 40
1478 Niel M Henriksen 11 420 80 54 39 39 31
1480 Robina Shaheen 10 415 178 82 32 21 21
1481 Claire C. Bristow 13 414 38 38 37 29 26
1483 Daniel Rodriquez 9 412 99 90 74 63 25
1484 Hema Ramkumar 9 412 95 70 45 44 42
1485 Haibin Wu 7 411 161 97 73 40 15
1486 Tsang Keung Chan 11 410 134 69 38 32 20
1487 Tomasz Kościółek 7 409 139 88 62 35 28
1488 Christian Urban 9 409 210 62 21 18 14
1489 Ty Dale Troutman 7 409 96 96 93 72 24
1490 Joohwa Kim 11 408 75 57 54 36 35
1492 Jia Yang Lu 10 407 105 71 49 46 31
1493 Michela Brambatti 9 406 263 28 23 20 18
1494 Johanna Wagner 9 406 125 57 56 48 29
1495 Aman Khurana 10 406 69 58 46 41 38
1496 Gaurav Agrawal 7 405 141 89 43 42 33
1497 Shilong Li 14 405 38 31 26 26 26
1499 Sihan Wu 10 404 85 74 44 37 30
1500 Emma Borgeson 10 403 86 71 66 58 28
1501 Athanasios Desalermos 10 401 70 59 53 51 44
1502 Nicole Bekman 13 400 69 38 38 35 33
1503 Alex del Giudice 6 400 231 73 33 25 14
1504 Lirui Wang 9 400 86 61 60 55 47
1505 Zhengtao Qin, PhD 9 400 159 56 49 32 28
1506 Namseok Park 9 398 119 107 56 34 26
1507 Yezhang Ding 12 397 51 49 49 33 28
1508 Wei Ying 13 397 53 44 39 38 34
1509 Muhammad Abdullah Adnan 9 397 56 52 49 45 27
1510 Milos Lazic 8 396 114 105 71 27 26
1511 Anna Melbinger 11 395 72 67 58 50 30
1512 Ana Cristina Llorente Izquierdo 11 395 60 50 49 47 35
1513 jaime arredondo 9 393 134 52 36 34 17
1514 Joon Kyo Seo 9 393 73 71 57 44 38
1515 Elhamy Heba 10 393 83 75 68 21 20
1516 M. Arif Hasan 9 392 177 41 38 27 22
1518 Deshou Cao 7 388 82 79 69 44 40
1519 Franz Meitinger 9 389 75 74 56 38 32
1520 Andrew Kobach 10 389 64 54 45 39 36
1522 Ganesh Gopalakrishnan 12 388 47 45 44 31 31
1523 Iek-Heng Chu 10 388 57 48 40 40 34
1524 Jinhui Yan 12 387 66 52 37 32 30
1525 Yi-Ting Yeh 8 387 88 61 56 55 53
1526 Xiaohua Xu 6 386 196 133 22 15 8
1527 Linfeng Chen 11 386 73 48 46 46 40
1528 Robert Dean Malmstrom 8 385 89 87 47 45 30
1529 Peter Ly 11 385 78 62 38 30 30
1530 Malveeka Tewari 6 386 135 78 75 62 19
1531 Alan J. Card, PhD, MPH 12 382 58 51 45 29 19
1533 Li Chen 10 381 63 61 47 41 33
1534 William Matchin 7 380 159 113 33 22 9
1535 Rizi Ai 9 379 156 45 42 30 22
1536 Cristiano Sacchetti 9 379 115 76 37 32 31
1537 Dr. Sandeep Kumar Reddy 11 377 77 52 49 36 33
1538 Christopher N. Kaufmann 11 376 42 40 39 27 26
1539 Le You 10 376 68 63 50 38 35
1541 Jen Veevers 7 376 159 86 36 35 14
1542 Sara Appleton-Knapp 3 375 253 109 8 3 2
1544 Sarah A Woller 12 375 49 37 29 28 28
1545 Zhenbin Wang 11 374 40 34 31 29 28
1546 Dekker C Deacon 6 373 124 72 70 62 31
1547 Li Gao 10 371 70 62 41 21 19
1549 Raffaela Abbriano 7 369 136 68 56 50 22
1550 Alexandra Stubelius 12 369 72 69 31 24 23
1551 Itthipon Jeerapan 8 369 104 75 72 33 30
1553 Ellen E. Lee 8 367 187 61 44 14 13
1554 Brittany Matheson 9 365 179 33 31 19 16
1557 Andrew W. Bismark 8 363 121 46 43 35 34
1558 Roddey Reid 8 363 89 55 47 31 19
1560 Thomas Lepetit 10 361 67 47 38 35 24
1561 Siddharth Joshi 10 359 48 48 41 40 40
1563 Somayeh Imani 7 359 110 74 72 49 23
1565 Eduardo Temprana 8 358 110 48 37 36 26
1566 Kirsten Erickson 5 357 139 84 78 34 11
1567 David Slochower 8 357 118 52 35 31 31
1568 Azad Ghaffari 8 356 129 74 42 24 16
1569 Felipe Castellani Gomes dos Reis 9 356 113 51 48 40 25
1570 Jamie Joseph 7 355 154 72 47 34 14
1571 Patricia Isabel C. Manalastas 8 356 104 76 51 44 37
1572 Megumi Naoi 9 353 80 65 45 38 28
1573 kevin t. murphy 11 353 63 45 36 33 26
1575 Vincent Cheung 7 352 143 83 56 17 16
1577 Bo Chen 7 350 93 91 81 29 19
1578 Brendan K Beare 11 350 100 37 33 32 23
1579 xin fu 8 349 204 37 28 18 16
1580 David Rios-Covian 5 348 231 44 36 12 8
1581 Vince Kellen, Ph.D. 9 347 94 94 25 20 19
1582 Joseph Snider 11 347 79 39 34 29 24
1583 Javier López Garrido 10 348 84 63 41 29 20
1584 Jeremy Elman 9 346 100 75 36 35 20
1585 Adeleh Yarmohammadi 7 347 104 76 51 44 37
1586 Lalima G. Ahuja 8 345 139 51 32 22 21
1587 Jonas Cremer 8 345 72 67 49 43 30
1588 yuyong ma 10 345 62 48 46 37 36
1589 Elkin Dario Gutierrez 7 344 185 101 14 13 12
1590 Linda Nguyen 13 344 68 33 31 28 27
1591 jehad almaliti 5 344 249 56 17 6 5
1592 Junfeng Bi 8 341 91 62 58 46 29
1594 Amy F Waterhouse 9 338 134 30 27 26 24
1595 Kanishka Misra 10 339 93 52 50 32 24
1597 Hyun-Jun Nam 6 337 188 78 26 23 8
1598 Renjie Chen 7 337 159 41 36 20 19
1599 WEI FENG 8 337 128 50 38 34 30
1600 Sibai Xie 8 334 77 59 51 39 36
1601 Bernard Slater 11 336 74 53 40 35 32
1604 Daniel Barrera 7 335 111 76 68 28 20
1605 Jonathan Zuidema 9 333 73 65 60 24 23
1606 Fernando Paolo 5 333 214 40 30 15 12
1607 Christopher Vickery 5 333 163 103 27 23 11
1608 Karen Tonsfeldt 9 334 94 59 42 40 30
1609 Rui Carlos Sá 10 332 68 48 27 27 20
1610 Nicholas Jarboe 10 332 51 42 41 39 38
1611 Xuanyi Ma 6 332 124 93 47 25 24
1613 Tamar Azoulay-Shemer 6 331 140 140 87 47 33
1617 Aaron McGrath 10 329 77 63 60 29 22
1618 Archan Ganguly 7 329 117 62 50 34 24
1619 Ratan Kumar Rai 10 324 60 39 35 30 27
1621 Chen Zhang 6 326 249 22 17 9 8
1622 John C McCullough 5 322 197 45 34 26 12
1623 Peter A Jordan 7 322 91 87 54 40 19
1624 Gwendolyn E Kaeser 5 322 156 99 44 15 8
1625 Joe Gibbs Politz 8 321 97 49 40 40 31
1626 Amirali Shayan 10 321 62 52 26 23 23
1627 Sascha H.C. Duttke 9 321 115 74 29 19 17
1630 Shoib Sarwar Siddiqui 6 320 158 71 48 26 8
1631 Julie Ryu, MD 9 320 77 59 42 38 33
1632 P Keolu Ozer Fox, Ph.D. 5 320 107 86 60 43 17
1633 Hanne Mette Hoffmann 9 320 86 86 34 31 24
1634 Sanghoon Kim 8 319 131 50 45 31 15
1636 Subrata Chakraborty 11 317 54 43 42 25 23
1637 Yanjin Kuang 11 316 42 39 35 25 22
1638 Jiue-An (Jay) Yang 9 316 78 57 47 37 18
1639 Qiong Zhang 8 316 82 51 49 47 35
1640 Ping-Wei Chen 9 314 68 52 46 32 26
1643 John T Hwang 9 313 104 34 20 16 14
1645 Mohamed Ghonima 8 312 100 82 53 24 15
1646 Rudi Micheletti 5 311 127 78 70 21 11
1647 Alexis Akira Toda 9 311 48 43 42 23 21
1648 Peter J. Colvonen 6 309 205 33 21 19 8
1649 Özlem Demir 8 307 93 48 44 30 25
1650 Shira L Robbins 8 309 110 39 36 26 12
1651 Yupeng Fu 9 305 81 56 53 25 17
1652 Raphael E. Cuomo, Ph.D. 9 305 64 50 32 30 28
1654 jiaqi zhang 5 305 129 74 65 23 9
1655 Maile Karris 8 305 115 72 28 25 13
1656 Claire Yu 6 304 83 65 64 63 17
1657 Lalit Deshmukh 11 304 71 32 24 23 23
1658 Mahmoud Al-Bassam 10 304 56 51 41 30 24
1659 Holly Baker Shakya 8 304 60 54 42 38 36
1660 Louise Kristensen 11 301 53 43 36 36 23
1662 Qiyun Zhu 8 299 88 50 29 25 23
1666 Troy E Sandberg 6 299 146 55 52 22 13
1667 Raquel Espin 7 299 126 42 39 30 28
1668 Vahid H Gazestani 8 298 95 53 53 16 16
1669 Michael Kramer 7 299 120 69 34 29 17
1670 Michael G. Verde 8 297 71 42 38 38 35
1671 Xi Fang 9 297 66 40 39 30 20
1672 Matteo D'Antonio 10 295 49 40 38 27 26
1673 Vikram Bhatt 6 295 163 35 30 24 18
1674 Erica T Jarvis Mason 10 295 104 30 27 24 16
1675 Min-Tzu Lo 11 295 84 25 21 20 20
1678 Roger Tseng 6 293 61 61 55 52 37
1680 Xingwang Zhang 9 292 65 42 37 35 30
1682 Salehin Mohammad 6 291 134 74 45 15 10
1683 Laurence Yang 8 291 99 41 22 20 16
1684 Huang Zhu 5 291 127 99 45 12 5
1685 Dhurba Rai 10 290 53 37 26 24 24
1686 Lina Wang 6 290 70 62 50 48 30
1687 Jonathan Novak 10 291 48 44 28 24 21
1688 Helen Miranda 8 291 71 51 39 25 23
1689 Shuxia Tang 8 291 111 54 20 13 12
1690 Ji-Nu Kim 10 290 85 49 36 19 16
1691 ANDRES MAURICIO CARABALLO RODRIGUEZ 4 292 249 15 13 5 3
1693 Lorenzo Ferrari 7 289 181 45 23 10 10
1694 Angelina Hernandez-Carretero, Ph.D. 5 289 196 38 21 15 11
1695 Charles Ginsberg 6 289 129 77 23 23 21
1696 Clarisse Gravina Ricci 6 288 108 58 54 33 10
1697 Brandon Gabel M.D. 7 286 140 39 26 13 13
1698 Thangaraj Karuppuchamy 6 286 126 52 51 32 17
1699 Thomas Steinkellner 10 286 61 52 37 34 22
1700 Jessica L. Montoya 8 285 69 67 67 41 23
1701 Krishna Midde 11 285 36 35 25 20 20
1702 Priscilla Davidson Negraes 11 285 48 30 27 24 23
1703 April C. May 10 285 42 29 29 23 22
1705 katia bonaldi 8 284 69 66 42 28 28
1706 Angel Soto-Hermida 9 284 95 35 26 24 19
1708 Hooman Hefzi 5 284 163 62 36 12 6
1709 Geoffray Leriche 8 283 113 35 29 20 16
1710 Bruno U Pedroni 9 281 110 32 31 18 18
1711 Kathleen Fisch, Ph.D. 10 281 33 29 28 27 20
1712 Matthew Riopel 10 280 42 38 37 36 24
1715 Yingbo ZHAO (赵颖博) 8 279 73 46 37 23 19
1716 Jelena Bradic 7 278 116 81 19 12 10
1717 Itzik Fadlon 4 278 228 27 7 6 4
1719 Ranjan Ramachandra 8 276 126 22 21 17 15
1720 Tumay Kanar 7 276 131 75 75 20 17
1721 Richard Cochran 9 276 56 55 50 25 22
1722 Crystal N. Nguyen 8 273 132 132 48 23 15
1723 Hesham Mostafa 8 274 146 19 18 16 15
1724 Partha Ray 7 273 87 49 41 35 23
1725 Sophia Merrifield 5 272 154 53 32 15 13
1726 Alan Campbell 8 273 56 53 31 29 23
1727 Aneesh Subramanian 9 271 55 40 38 19 17
1728 Saurabh Srivastava 8 271 65 44 36 26 24
1729 Kristoffer Svensson 7 271 180 30 13 10 9
1731 Farshad Raissi (Farshad Raissi Shabari) 5 269 214 12 11 6 6
1732 Jennifer Stokes 8 268 86 57 40 28 19
1734 Wei Hu 10 268 42 27 26 16 15
1735 M Soysa 8 267 108 81 14 12 10
1736 Robert Saddawi-Konefka 5 267 179 32 31 17 7
1738 Jeevisha Bajaj 7 266 95 49 35 30 22
1740 Maxi Polihronakis Richmond 9 263 64 42 28 23 15
1741 xiuxing Wang 10 263 29 26 25 23 21
1742 Carlos Nieto-Granda 9 262 52 37 29 21 19
1744 Eva Wittenberg 8 261 49 44 34 32 23
1745 Joe Tyburczy 7 260 62 50 50 31 27
1746 Kashyap K. R. Kambhatla 9 260 103 27 23 22 19
1747 Arnaud Delpoux 6 260 115 34 34 33 20
1749 Trevor Bunker 9 259 75 56 29 27 18
1750 Nirelia Idrus 7 259 124 28 25 24 17
1751 Philipp Nicolas Spahn 9 259 50 36 36 30 26
1752 Cheng-Jang Wu 9 258 55 39 35 25 24
1753 Victoria Barrio 7 259 99 41 40 28 17
1754 Lauge Farnaes 7 259 79 69 32 18 18
1755 Lars Müller 9 258 65 30 17 16 15
1756 Yu-Jui Chiu 6 258 137 48 24 16 13
1757 Grace Leslie 7 257 111 35 21 20 16
1758 Iljung Kwak 7 257 81 40 39 39 24
1759 Xinxin Jin 8 257 84 50 27 25 22
1760 Sudipta Das 8 257 84 56 24 22 19
1761 Danny Yuxing Huang 7 257 106 50 50 38 24
1762 Xiaojie Zhang 7 256 68 52 34 33 28
1763 Michael Walter 9 256 35 32 31 29 28
1764 Jordan Goodrich 8 254 84 39 37 21 20
1767 Dequina Nicholas 7 253 55 53 36 28 21
1768 Marcus Kinsella 6 252 100 63 38 24 13
1769 Xudong Liang 5 252 198 15 12 7 7
1770 Sarah Averbach, MD, MAS 8 252 73 41 31 30 17
1771 Claudiu Giurumescu 7 251 63 57 46 32 28
1772 Anton Kratz 6 250 143 29 26 23 17
1773 Jiajia Huang (黄佳) 6 249 97 97 24 12 9
1774 Helicia Paz 7 250 83 37 33 29 28
1775 Camille Nebeker 7 249 51 49 45 27 17
1777 Rajesh Seenivasan 10 248 69 36 24 20 16
1778 Patricia Aguilar 10 248 34 34 25 21 21
1779 Arturo Flores 9 248 47 14 13 12 12
1780 Sang Young Kim 8 247 75 75 54 32 29
1781 Tessa Verhoef 9 246 53 45 27 19 17
1782 Zhenping Wang 8 246 68 63 35 22 16
1785 Sascha C. T. Nicklisch 8 245 69 49 29 26 22
1788 Digvijay Singh 4 243 86 63 54 35 2
1789 Juan Pablo Pardo-Guerra 7 242 82 39 32 10 9
1791 Kunal Bhutani 4 241 100 55 41 40 4
1792 Rossana Motta 4 241 103 71 37 25 3
1793 Abdoulaye Ndao 8 241 79 30 18 17 17
1794 Jad Omran MD 7 241 124 28 18 18 16
1795 Alexandra Foucault-Collet 7 240 122 38 32 15 13
1796 Elizabeth Wong 6 239 108 45 43 19 6
1797 Henrique Rodrigues 4 240 187 29 12 5 4
1799 Gunnar Voet 7 237 63 51 44 33 24
1800 Jagannathan Venkatesh 6 237 133 25 23 11 8
1801 Caleb Christianson 6 236 78 52 38 23 21
1802 Vineet Gupta 9 236 44 21 21 20 19
1803 Bor-Kai Hsiung 8 236 104 40 22 16 12
1804 Jianli Cheng 8 236 123 21 16 13 11
1805 Christian Dameff 9 236 33 31 29 27 26
1806 Manuel Amador 4 236 135 49 37 8 4
1808 Tamara Smyth 9 235 18 14 14 13 12
1809 Katherine E Fero 8 235 71 48 32 27 17
1810 Agnieszka D'Antonio-Chronowska 6 234 109 50 26 19 15
1811 Eric L Seidel 8 233 105 35 23 20 17
1812 Jia-Yu Chen 7 233 89 47 19 19 18
1814 Nicholas W. Trombetta 9 233 46 34 24 18 17
1815 Laura Sittig 8 233 50 34 32 22 19
1816 Preston Landon Ph.D. 8 232 58 27 22 17 14
1819 Jiayi Hou 9 231 63 40 28 18 17
1820 emil karshalev 7 231 83 60 24 21 16
1821 Jian (Jane) Yin 10 231 61 31 26 16 15
1822 Xiaojun Xu 8 230 76 35 33 23 18
1824 Gene C. K. Leung 8 230 75 39 33 20 13
1829 Vincent Robert Sherman 5 226 62 58 51 21 15
1831 Alina Garbuzov 4 225 147 50 14 7 4
1832 Deepak Kumar 9 224 40 36 27 26 24
1835 Cristina Salmerón Salvador 9 224 49 29 26 25 21
1837 Jonas F. Kurniawan 8 226 62 33 32 24 23
1839 Rasmus Swalethorp 8 221 62 40 33 14 13
1841 Han-Ping Chen 9 221 53 35 32 19 18
1842 Jae-Young Jung 8 220 80 26 22 17 13
1843 Loai Salem 8 220 43 32 21 14 13
1844 Deepa Balasubramaniam 7 220 118 39 14 13 12
1845 Farnaz A. Shakib 8 220 36 28 22 18 16
1846 Gaurav Khanna 11 219 32 29 25 23 19
1847 Jhih-Sheng Wu 7 219 60 54 27 19 18
1848 Cazes Alex 7 219 44 38 34 33 33
1849 Andrey Finegersh 9 218 39 34 30 30 27
1850 David R. Santiago-Dieppa, MD 8 218 56 55 18 17 15
1853 Jin Lee 9 217 26 23 15 14 14
1854 Jing Li 7 217 108 30 21 11 9
1857 Wubin Ma 9 216 58 33 23 20 17
1858 Ko-Wei Lin 8 215 42 36 23 22 18
1859 Adrian Guthals 6 215 55 54 49 21 21
1862 David G Welkie 5 212 98 64 20 18 8
1863 Jorge Augusto de Moura Delezuk 8 212 36 33 32 23 15
1865 Ksenya Cohen Katsenelson 9 211 52 37 31 19 19
1869 Yan Zhang 8 211 40 38 34 26 22
1871 Marcia Ramaker 9 209 42 35 26 24 21
1874 Michael G Brandel 4 207 88 75 22 9 4
1875 Daniel E. Gustavson 6 207 75 66 20 11 9
1876 Pathikumar Sellappan 8 206 60 33 23 17 16
1877 Elizabeth Lyons 5 206 92 68 17 13 6
1878 Lukas Nonnenmacher 7 206 56 33 32 28 22
1879 Chris Callewaert 9 206 42 26 25 22 19
1881 Kristen Emory 8 205 58 31 29 27 24
1883 Yuanyao Zhang 9 205 63 31 24 15 11
1885 Sara Kerosky 6 204 90 44 25 7 7
1886 James Robinson 9 203 37 34 27 23 22
1887 Wen-Xin Zhou 7 203 58 47 13 11 11
1888 Kathryn Furby 4 204 95 58 29 15 3
1890 Hamed Gheidi 9 202 34 27 17 16 16
1891 Tina Wang 9 202 36 29 28 26 22
1892 Hyunwoo Noh 8 202 60 32 25 19 16
1894 Gang Zhang 8 202 47 41 34 18 11
1897 Linhai Li 7 201 40 35 31 30 18
1898 Francisco Contijoch 8 200 45 44 35 12 11
1901 Yang Shi 6 200 59 27 21 15 12
1903 Taylor Winters 6 197 68 54 27 20 17
1906 Anatoly Shabalin 9 198 34 22 17 15 14
1909 Wilson Mendoza, PhD 6 195 51 48 27 23 20
1914 Symon Gathiaka 8 194 43 33 27 19 19
1915 John Bellettiere 8 194 43 39 32 14 11
1916 Sumin Shin 8 194 40 36 30 29 24
1917 Takeo Katsuki 8 194 46 32 28 17 16
1919 Tianze Kan 5 194 79 53 46 5 5
1921 Alexandra L. Clark 8 193 66 22 20 18 14
1922 Isabel Trevino 6 191 75 39 23 19 17
1923 Fatemeh Arbabjolfaei 7 191 86 23 21 19 10
1924 Yu-Chen Chen 8 191 38 35 29 29 16
1925 Beverly French 6 190 99 26 24 16 12
1926 wei wu 9 189 23 22 18 18 15
1927 Matt Andrusiak 7 189 42 37 32 30 23
1928 Perry Naughton 4 189 98 47 32 6 2
1931 Yinan Wang （王易南） 9 188 29 28 25 15 14
1933 Seema Singh 9 188 30 23 19 16 13
1935 Brian C. Stock 5 187 123 28 17 7 6
1936 Woojin Choi 5 187 65 49 47 12 6
1937 Thomas Vollbrecht 7 187 97 27 13 11 10
1939 Samuel A Stoner 4 187 61 55 49 17 3
1940 Maya Santoro 5 186 98 47 10 5 5
1941 Abdelkrim El Amili 8 186 30 24 20 17 14
1943 Alexander Breuer 8 189 47 31 20 17 14
1945 Viet Anh Nguyen Huu 8 186 40 39 33 16 13
1946 Anna Buchman 6 185 97 28 26 8 8
1947 Dr Ali Zifan 5 184 41 39 32 19 16
1950 Colton Lloyd 6 184 99 22 20 13 12
1951 Brian Henn 7 184 61 35 24 19 13
1952 Chengsheng Wu 10 184 22 21 18 18 17
1953 Jun Hong Park 7 183 36 22 21 16 14
1955 Deborah Seligsohn 7 182 36 27 22 16 14
1958 Xuan Zhu 8 181 37 17 16 12 11
1959 Natalya D. Gallo 5 181 69 37 35 19 12
1960 Erik Kaestner 4 180 87 46 26 14 3
1961 Jason Olejniczak 8 180 40 39 18 17 16
1963 Minnie Chan 8 179 52 23 21 18 16
1964 Allison Chia-Yi Wu 8 179 42 27 20 20 19
1965 Dina Hingorani 4 177 83 45 20 20 2
1966 Sadique Sheik 7 176 58 18 17 16 14
1967 Fang Chen 5 176 96 30 22 12 10
1968 Alexandra Bortnick 5 176 59 38 26 24 23
1969 Lotus McDougal 8 176 35 30 18 16 14
1971 Emma Farley 6 176 70 35 26 23 7
1972 Chul Kim 7 175 51 15 14 14 10
1973 Michał K Handzlik 5 175 83 38 26 13 12
1974 Kevin X. Liu, MD, DPhil 8 174 34 32 25 20 18
1975 Heather M. Holden 5 173 68 47 34 7 6
1977 Dr. Aladdin H. Shadyab, PhD 6 173 49 43 19 19 13
1980 Shijie Antoni Tong 7 171 63 44 15 10 9
1981 Shilin Zhu 7 171 40 39 19 17 15
1983 Han Joo Lee 7 170 47 29 22 20 16
1984 Jonathan R. Chekan 7 170 43 41 34 11 9
1985 Yu Liao 8 169 30 30 28 19 18
1986 Zhuoying Zhu 7 169 48 40 17 16 10
1989 Xiang Wang 8 168 24 22 20 17 16
1993 Jeremy Orr 6 167 39 37 19 19 13
1995 Jessica Ungerleider 6 167 46 43 25 24 11
1999 Zhangming Yan 5 166 62 51 18 11 5
2001 Manuel Angel Gálvez Santisteban 4 164 89 34 31 7 3
2003 Madeleine Ernst 4 164 82 31 28 14 4
2004 Mohammad Abu-Odeh 7 164 41 41 26 16 13
2005 mohammad abu odeh 7 164 41 41 26 16 13
2006 Nan Li 7 164 49 26 21 13 11
2007 Shiteng Zhao 7 163 35 31 20 19 10
2008 Shana R. Cohen 7 163 32 26 25 18 17
2009 Amit Pandey 9 163 20 19 15 15 12
2010 Jae Ik Choi 6 163 79 34 14 12 7
2011 Jianzhi Wu 8 163 42 22 16 15 15
2012 Colleen Emmenegger 8 163 41 37 19 18 16
2013 Arman Fazeli 5 162 60 41 21 19 13
2014 Andrew Gilder 6 162 53 37 18 12 12
2015 Shannon B. Z. Stephens 8 162 37 26 22 16 13
2016 Dustin Richmond 5 161 122 13 8 6 6
2017 Vadim Malis 5 161 63 38 20 18 10
2018 Zhanglong Ji 8 161 36 22 19 18 16
2019 Janarbek Matai 8 160 35 14 12 10 9
2020 Shiva Shahin 6 160 60 23 21 15 7
2021 Nisheeth Srivastava 6 160 39 24 17 11 9
2023 Tamara Mayer 6 159 50 43 34 10 7
2024 Hyein Lee 9 159 22 20 20 17 15
2027 Jennifer Trickey 6 159 28 21 19 16 14
2029 Michael Connor Gibbons 7 159 49 40 18 17 9
2030 Maryam Gholami 6 159 59 22 21 17 9
2035 Jefy Jayamon 8 157 28 27 20 19 18
2037 Kavita A Gavand 7 157 68 21 15 14 13
2038 Kun Tan 8 157 40 18 17 17 14
2039 David Martin, PhD 8 155 43 25 20 18 14
2041 Mulong Luo 8 156 35 22 20 19 13
2043 Meg Wesling 6 157 42 41 30 13 12
2045 Babak Bahari 5 156 67 30 26 8 7
2046 Abbas Barfidokht 5 157 54 34 26 11 10
2047 David Vanoni 5 155 89 89 23 23 9
2048 W J Proffer 4 155 97 30 12 5 4
2049 IChung Lo 6 155 69 31 21 15 13
2051 Alexander Cloninger 7 154 29 23 16 12 9
2052 Stefan Schneider 6 154 46 40 30 11 11
2053 Jordan N. Kohn 6 153 39 35 32 16 11
2056 Veeral Ajmera 6 153 42 29 28 15 11
2057 Emily A. Pringle 8 152 33 31 13 13 12
2058 Ashkan Arianpour 6 152 34 22 19 15 14
2063 Jun Zhang 7 151 31 23 21 15 11
2064 Mengying Li 7 151 42 39 17 13 11
2065 Jie Min 7 152 42 22 16 15 14
2066 Rajasekhar Medapalli 6 151 32 31 30 26 16
2067 Daniel Ortiz Velez 7 150 27 21 15 15 15
2068 Anjana Chandrasekhar 3 150 76 47 13 3 3
2069 Dennis J Wu 7 150 39 30 21 20 10
2070 Laure V. Kayser 6 150 34 27 23 21 20
2071 Kumari Sonal Choudhary 7 149 36 26 23 17 17
2072 Ren Liu 7 149 42 29 28 19 11
2074 Andrew S. Mehring 8 148 41 16 13 12 11
2078 Matthew Fulkerson 7 147 44 26 17 11 10
2079 Bahar Shahidi PT, DPT, PhD 6 147 37 34 28 18 9
2080 Patrick M. Chen 4 146 66 45 17 17 1
2081 Enming Luo 6 146 43 22 19 18 18
2082 Vorrapon chaikeeratisak 5 146 62 27 24 16 14
2084 David O. Winge 7 144 60 19 17 10 9
2085 Aaron Gidding 7 143 41 27 16 15 8
2086 Soudabeh Fazeli Dehkordy 5 143 29 27 26 24 12
2087 Juan S. Barajas-Gamboa 8 143 28 22 18 16 14
2088 Kai Zhang 5 143 42 38 24 24 9
2090 Yue Zhang 10 471 103 88 51 48 35
2093 Jordan Blondelle 3 141 105 14 12 3 2
2094 Forest Cannon 7 141 47 18 17 14 13
2096 Naixie Zhou 8 141 24 22 18 14 12
2097 Zhijie Xia 6 141 30 28 22 15 15
2098 Daniel P Knudsen 6 140 44 43 23 11 8
2100 Yeseong Kim 8 140 23 22 17 15 14
2101 Sachiyo Igata 7 140 30 25 20 15 9
2106 Mitsutoshi Makihata 9 139 17 16 15 11 11
2107 Michael Schauperl 6 139 53 15 14 9 6
2109 Hieu Pham 7 139 37 29 15 13 11
2113 Robert Kim 6 137 39 33 16 14 10
2114 Isaac Alexander Chaim 5 137 47 29 22 16 15
2118 Ran Goldblatt 6 136 47 24 14 11 11
2120 Melissa Jones 4 136 97 14 12 7 4
2123 Kaitlin Frasier 5 136 74 19 16 8 6
2128 Yicong Ma 6 134 70 21 9 9 8
2129 mieko hirabayashi 6 134 34 32 22 21 8
2131 Iman Gohari 6 134 59 32 13 11 7
2135 fanny chapelin 4 133 46 41 35 4 4
2136 Donald Slater 6 133 45 37 15 11 11
2137 Chunbin Lin 7 133 35 15 14 9 9
2138 Noorsher Ahmed 4 133 87 30 5 4 4
2139 Zackary A. Cope 8 132 21 18 16 16 15
2140 Shouvik Ganguly 4 132 64 37 8 6 4
2142 Daniel R. Moberg 4 132 64 36 13 13 4
2145 Zongliang Du 7 132 32 24 21 11 10
2146 Ingrid Tomac 7 131 22 18 18 16 13
2147 Pushp Bajaj 5 131 45 36 21 19 6
2149 Tsvi Katchalski 6 131 54 22 21 11 10
2150 Sunmi Shin 6 131 69 14 12 11 11
2151 Katy Patras 5 131 37 23 17 17 12
2153 Siam Umar Hussain 4 130 93 13 11 6 4
2154 Maria Luisa Mittal, MD 6 130 28 20 20 16 15
2155 Richard I. Ainsworth 7 130 23 23 21 17 12
2156 Maziar Behtash 9 130 23 16 13 13 13
2158 Matthew Puckett 7 129 43 21 12 11 10
2162 Chun-Shu Wei 7 128 24 16 14 14 10
2164 Arturo Ramirez Valdez 6 127 36 18 16 15 13
2167 Elham Ghahari 5 127 33 30 29 8 6
2169 David MacQueen 6 128 29 23 22 22 7
2171 James Yurkovich 7 127 23 20 20 15 8
2172 Geuntak Lee 6 127 47 16 15 11 10
2173 Narges Mahyar 6 126 43 29 11 9 8
2174 Jana Fortier 6 126 27 24 21 13 10
2176 Joaquin Rapela 6 125 52 29 15 13 8
2177 Olivier Carrière 5 125 41 29 15 10 8
2178 Samuel U Nummela 6 125 46 25 18 13 9
2179 Koustav Maity 6 125 38 25 21 16 11
2181 Tarek Elgindi 7 125 20 14 13 8 8
2183 Matilde Córdoba Azcárarte 6 124 37 25 17 12 9
2184 Nathan Mih 7 125 27 22 18 16 12
2185 Steven R Rick 4 124 74 19 15 5 3
2187 Bita Darvish Rouhani 6 123 19 16 15 14 11
2188 Gunwoo Kim 5 123 69 11 10 5 5
2189 Jisha Joshua 5 123 69 15 12 11 10
2191 Abraham Akinin 6 122 51 15 14 10 8
2192 Erin E. Reilly 7 122 29 17 16 13 8
2193 Liang-Yu Chen 5 122 49 48 9 7 5
2196 Matthias Haberl 4 120 43 33 23 15 3
2197 Michael D. Fox 6 121 46 20 14 11 8
2198 Yue Gu 5 120 39 23 22 11 10
2199 Meng Wang 6 120 21 15 12 9 8
2201 Rupa Jose 7 120 25 21 18 17 14
2203 Ivan Mihajlin 6 119 46 16 12 9 7
2204 Maroun Abi Ghanem 7 119 26 25 21 17 10
2205 AnanthaKrishnan Soundaram Jeevarathinam 6 119 30 26 16 12 11
2206 reut berger-tal 5 118 36 27 17 16 6
2207 Amir Babaeian 6 118 32 24 11 10 8
2208 Henrique Machado 5 118 38 27 17 12 7
2212 Sophia Merrifield 4 117 53 32 14 13 4
2213 Mehrnoosh Arrar 6 116 32 28 22 15 8
2214 Sherin Hashem, MD PhD 6 116 34 31 19 16 9
2215 Sigrid Katz 5 116 27 26 21 20 15
2216 Mohammed Salah El Hadri 5 116 39 32 26 11 6
2217 Somayeh Pouyanfard 5 115 46 22 18 9 8
2221 Nicholas Keller, Ph.D. 5 115 46 28 16 12 8
2222 Naeim Bahrami 6 114 32 22 13 10 9
2223 Cheng-Yi Fang 4 114 53 40 5 5 4
2224 Steven C. Pan 6 114 51 17 9 8 6
2227 Youngjin kim 6 114 33 14 12 10 10
2228 Erica Calman 6 114 44 32 10 8 8
2229 Alexander H Mo 7 112 27 18 17 11 9
2231 Massoud L Khraiche 7 112 25 19 15 13 13
2232 Arnaud Le Boyer 6 112 51 19 13 10 8
2234 Ryan Manger 6 111 20 18 15 12 8
2235 Tran Quang-Tuyen 7 111 22 19 15 15 11
2236 Nansu Zong 6 111 24 16 13 12 12
2237 Xiaoli Sun 6 111 32 28 19 12 8
2238 John Fairbanks 4 111 45 21 20 10 4
2239 Samuel Lance 4 111 76 17 7 4 3
2245 Chetan Verma 4 109 49 21 18 5 3
2246 Nirakar Rajbhandari 5 110 32 29 16 16 13
2247 Jason Juang 4 109 50 37 10 7 4
2249 Irina Artamonova 5 109 33 27 21 11 10
2250 Gretchen Bandoli 6 109 44 10 8 8 8
2251 Anupriya Tripathi 3 109 88 8 7 2 2
2252 nilotpal sanyal 2 108 84 20 2 1 1
2256 Chomgun Cho 5 108 57 11 9 9 6
2259 Sitara Roy 7 108 26 19 17 12 9
2261 Erfan Sayyari 4 107 72 16 6 4 3
2262 Timothy C Lin 5 107 36 22 18 14 13
2263 Eduardo Ramirez-Llanos 5 106 43 20 13 8 5
2264 Sareh Manouchehri 4 106 40 35 15 12 3
2265 Ngang Heok Tang 6 106 28 16 15 10 10
2268 Ana Pejkic 6 106 31 19 18 10 8
2272 Hidenori Yamada 5 105 32 31 18 13 5
2273 Xun Jiao 6 105 31 21 15 8 7
2274 Danielle Garshott 6 105 31 16 15 9 9
2275 Zsolt Bodai 7 105 21 13 12 10 8
2277 Theo Heyns 5 104 39 27 13 12 6
2280 Ruth Seelige 5 104 46 17 16 12 5
2282 Maxim Sinitsyn 7 103 16 15 15 14 11
2283 Ashok Kodigala 5 103 67 8 7 6 5
2284 Gaowei Wang 6 103 27 22 20 11 11
2287 Yoan Eynaud 5 102 46 27 10 9 5
2288 Emilie Klein 5 102 30 29 29 28 7
2289 Yonatan Kaspi 6 101 26 14 11 8 7
2290 Ali Hariri 6 101 18 14 13 13 9
2291 Armen A Gharibans 3 101 72 11 6 3 2
2292 Shruti Gopal Vij 4 101 55 18 16 4 4
2293 Yuanyuan Han 4 101 32 27 16 14 4
2295 Drew E Walker 4 100 46 28 12 10 3
2296 Philip Bresnahan 4 100 54 18 10 8 3
2297 Matteo Mori 4 99 30 29 28 4 3
2300 Ali Fazli Yeknami 6 99 29 17 13 10 7
2303 Patricia Morán Losada 5 98 52 16 12 9 5
2305 Abigail Andrews 5 98 35 25 18 11 9
2306 Alper Sinan Akyürek 6 97 10 8 8 7 6
2308 Eliana Bortot 6 97 18 15 15 11 10
2313 Srinivas Sridharan 5 96 20 18 11 9 8
2315 Ahmed Hussain Qureshi 7 95 21 16 14 13 8
2316 Ryan J.T. Nicholl 4 94 62 14 9 8 1
2317 Francesca Puppo 7 94 18 17 14 13 8
2319 Walter A Talbott 2 93 79 5 2 1 1
2320 Amanda Ritchart 5 93 32 23 14 10 9
2323 Anna Byers 4 92 47 26 13 6 0
2325 Tom Erbe 5 92 49 13 5 5 5
2328 Emily L. A. Kelly 5 91 49 14 11 8 5
2331 Ruti Sella 6 91 19 18 17 12 8
2333 Emilie Reas 5 90 19 19 15 10 9
2336 Alan L Gillman 5 90 26 21 14 14 5
2338 Maya S. deVries 5 90 36 15 12 8 6
2341 Adam Abramson 6 89 26 14 12 11 7
2343 Yan-Tsung Peng 5 89 23 19 15 15 6
2344 Gordon Ho 3 89 54 19 11 2 1
2346 Teri Vogel 3 88 36 34 14 2 2
2347 Kevin P Vincent 6 88 32 12 11 10 8
2348 Stephen Olivas 5 88 24 22 12 9 8
2349 Yingjun Cao 5 88 28 7 6 6 6
2350 Tyler J. Dill 5 88 39 18 14 9 8
2351 Reid Hoshide 6 88 16 12 11 8 6
2353 Zhou Zhang 6 88 20 16 16 16 10
2355 Kari L Hanson 5 88 46 21 7 6 5
2356 Mojtaba Samiee 6 87 26 23 9 8 8
2358 Shyamsundar Pal China 5 87 33 16 11 7 5
2359 Tsu-Wei Lin 5 87 26 21 9 6 5
2360 Jinae N Roa 5 87 28 20 16 8 5
2364 Alena Bartakova 6 86 21 20 17 8 6
2368 Ali Koochakzadeh 5 85 22 16 10 9 6
2369 V S Sundar 6 85 17 14 13 10 9
2371 Ben Cipollini 4 85 42 24 7 4 3
2373 Yeon Ui Lee 8 85 12 12 10 10 9
2376 Roshanak Kheshti 5 84 25 14 14 8 8
2377 Pingfan Meng 6 84 20 19 12 7 6
2378 Han Kim 4 84 26 22 8 5 4
2379 Behnam Khaleghi 5 84 25 12 8 8 7
2380 Ryan Hanna 4 84 55 15 5 5 2
2381 Yacong Ding 6 84 43 13 7 6 6
2382 Mikael Fauvelle 4 83 34 13 10 9 4
2384 Melissa Troyer 4 83 53 11 6 4 3
2385 Erica Heinrich 4 83 41 14 14 11 2
2386 Kwangsoo Han 6 83 19 15 12 10 9
2387 Anand Sastry 4 84 41 22 12 6 2
2388 yonatan vaizman 4 81 34 19 11 8 3
2389 Ross Parnell-Turner 5 81 35 16 7 7 6
2393 Mohsen Naji 5 80 21 16 15 8 5
2395 Feng Chen 6 80 26 10 7 7 7
2396 Matthieu Dupre 5 80 23 17 14 9 6
2398 Jiwoong Park 6 80 15 14 13 13 10
2400 Yuankan Fang 5 80 29 14 9 8 5
2402 Luis Mansor Basso 5 79 35 16 9 8 5
2404 Nima Riahi 5 80 17 14 12 7 6
2406 Yongsoo Song 4 79 24 23 10 10 4
2407 Morgan C. Levy 5 79 25 16 15 8 6
2411 Mauricio Romero 5 79 33 12 9 7 6
2412 Ahmed Abdulla 4 94 50 13 8 6 4
2413 Thomas Broggini 5 78 32 14 13 5 5
2414 Tony Ngo 6 78 21 15 12 10 8
2415 Simone Galperti 4 77 32 13 5 5 3
2417 Anusha Lalitha 3 77 46 16 6 3 2
2418 Natalie T. Jones 4 77 33 19 8 8 4
2420 Joonseop Sim 6 77 25 9 9 7 7
2421 Di Liang 4 77 32 13 9 8 4
2424 Mark W. Schurgin 3 76 59 4 4 3 2
2426 Denise Demetriou 4 76 46 11 7 6 3
2427 Jing Tan 4 76 44 11 7 6 4
2428 Janani Kalyanam 4 76 22 16 13 8 3
2430 Evan Masutani 4 76 27 20 13 13 2
2431 Can Bal 6 75 19 10 9 8 7
2434 Kummetha Indrasena Reddy 5 75 23 20 13 6 5
2435 Yewei Zheng 5 75 18 18 9 9 6
2439 Nathaniel M. Schuster 4 77 33 23 11 10 0
2442 Sumit Handa 6 74 17 11 9 9 8
2443 Yanqi Luo 6 74 18 14 13 13 8
2444 Sumit Handa 6 74 17 11 9 9 8
2445 Bo Feng 6 74 15 12 8 8 7
2446 Zhisen Jiang Urgolites 4 74 37 17 9 5 3
2447 Christopher Doran 3 73 41 14 10 3 3
2448 Sreya Ghosh 5 73 12 11 10 10 9
2449 Lan Zhang 6 73 13 10 9 7 7
2451 Nicole Couto 4 73 29 16 14 11 2
2458 Hayoung Chung 5 72 18 12 11 10 9
2459 Jesal Parekh 2 72 59 5 2 2 1
2463 Burcu A. Urgen 4 71 33 15 9 6 3
2464 Chiazo Amene M.D. 5 71 28 10 9 6 6
2465 Nico Ravanilla 5 71 21 14 10 9 6
2466 Sutara Suanda 6 71 20 11 10 7 6
2467 Tugcan Aktas 4 71 32 14 6 5 4
2469 Zhen XIU 5 71 16 12 8 8 8
2473 Christoforos Mamas 4 71 43 12 5 4 2
2483 Melissa H Galinato 5 70 26 13 10 9 8
2485 Dredge Byung'chu Käng 5 69 24 18 8 7 6
2486 Reza Aghajani 6 69 15 12 11 11 9
2487 Huan Hu 4 69 26 17 15 9 2
2489 Ryan L. Holland 4 69 22 18 9 8 4
2490 Sharon H. Baik 2 69 52 12 2 2 1
2491 Sejung Kim 5 69 18 15 10 6 6
2498 Kay L. Gemba 6 67 13 13 7 6 6
2501 Iljo Kwak 5 67 23 16 10 7 6
2502 Tejaswini Narayanan 4 66 25 25 5 5 4
2506 Dongwon Park 4 66 20 16 5 4 3
2507 Mark Kalaj 5 66 18 13 10 10 9
2509 Garo Bournoutian 5 65 21 17 9 7 5
2511 Ahmed Taha Elthakeb 4 65 22 19 11 10 2
2513 Alex Schupper 4 66 25 19 9 8 2
2514 Sheng-Hsiou Hsu 4 64 16 16 13 6 4
2515 Aidan I Brown 5 64 15 13 6 6 6
2517 Naveen Pouse 4 64 23 14 14 8 3
2518 Haoliang Qian 4 63 26 16 5 4 4
2519 Shelley M. Lawrence 5 63 11 11 7 6 5
2520 Prateek Tandon 5 63 21 12 8 7 7
2521 Leah S Campbell 5 63 21 15 10 6 5
2527 Chia-Li Chen 5 62 17 12 8 6 6
2529 Lauren E Nadler 4 61 17 12 10 8 4
2530 Jeffrey Jenks 3 61 36 18 4 2 1
2531 Justin K Huang 3 61 33 17 5 3 2
2533 Amy Van Cise 4 61 20 15 8 8 2
2534 Yonghee Han 4 61 16 14 10 6 4
2538 Mohsen Malmir 5 60 14 12 10 6 5
2539 Dawei Mu 5 60 16 12 9 9 5
2541 Mostafa Bagheri 5 59 15 10 9 7 5
2542 Tugce Baser 3 59 15 14 13 3 3
2544 Peter Orlando Weigel 3 59 45 3 3 2 1
2545 Wilfried Coenen 5 59 10 10 10 7 6
2549 Deependra Ban 4 58 13 12 8 6 4
2551 Chih-Cheng Huang 3 58 22 22 4 3 3
2553 Md Kamrul Hasan 4 58 26 13 9 5 2
2554 Mo Shan 3 58 33 5 3 3 3
2556 Burke Rosen 5 57 23 7 7 6 6
2562 Alison Vrbanac 3 57 21 18 11 2 2
2564 Quentin Gautier 4 56 26 9 6 6 3
2567 Matthew Howland 5 56 12 9 9 6 5
2568 Oskar Glowacki 3 56 22 15 8 2 2
2569 Ian W. N. Jones 5 55 15 15 11 8 6
2571 Kun Young Chung 4 55 20 9 7 7 4
2577 Kazem Kamran 3 54 25 15 6 3 3
2581 Meng K. Ma 2 54 36 18 0 0 0
2586 Mara Beltrán-Gastélum 4 54 19 13 12 7 3
2587 Jason S. Melo 4 54 20 12 9 7 3
2589 Daniel B. Stern 4 53 21 20 6 5 1
2591 Takaoki Koyanagi 4 53 16 9 8 8 4
2593 Richa Karmakar 4 53 13 8 8 6 4
2595 Martina Belli 4 53 14 14 12 9 3
2597 Kate Adams 2 52 44 5 2 1 0
2600 Travis Courtney 4 52 28 7 5 4 3
2601 Greg Hoover 4 52 19 10 10 8 3
2602 Haiqiang Niu 5 52 8 7 7 6 6
2606 Ashley M. Richter 5 51 10 9 9 8 6
2607 Charles Dhong 4 51 14 12 10 10 2
2608 Tyler Harrington 4 51 24 10 7 4 3
2620 Kyle C. Bentz 3 50 31 5 5 3 3
2621 Sushil Devkota 5 50 11 9 8 5 5
2622 Andrew K. Rudd 3 49 17 17 15 0 0
2623 Mark Christopher 3 49 21 8 4 3 3
2624 Mohammad Sadegh Mehrjoo 5 49 12 11 8 7 6
2628 Adam Stone 3 48 22 9 8 2 2
2630 Thiago Ghirello Lima 3 48 20 13 7 3 2
2631 Kyle P. Edmonds, MD FAAHPM 3 48 17 12 6 3 3
2632 Zachary K Pecenak 4 48 20 10 8 6 2
2633 Kaspar Wüthrich 4 48 18 11 4 4 3
2635 Ming Xiao 4 48 13 8 5 4 3
2644 Ronald Yu 4 47 16 7 6 4 3
2645 Dimosthenis Giamouridis 3 47 22 10 7 3 2
2646 Jit Sarkar 4 46 14 11 9 5 2
2653 Kunal Korgaonkar 4 46 27 7 5 4 3
2655 Mahmood Karimi 3 45 17 14 12 4 3
2657 Nikhil Nitin Kulkarni 3 46 30 9 6 1 0
2662 Thomas Bussey 3 45 29 8 4 3 1
2664 William W Greenwald 4 45 19 15 6 4 1
2666 Chuncheng Liu 刘春成 4 45 6 5 5 5 4
2667 Rebecca K Lau 4 45 26 7 5 5 1
2669 Julia Fiedler 2 44 27 13 2 2 0
2671 Shahrokh Yadegari 4 44 11 9 9 8 3
2673 Sean Trott 4 44 14 9 7 6 4
2674 Josh Tobin 5 46 14 10 5 5 5
2675 Jessica R Dent 3 44 17 15 6 2 2
2676 Sarah Inkelis 1 44 44 0 0 0 0
2680 Igor Fedorov 4 43 16 9 9 6 5
2682 Byeongkeun Kang 3 43 15 15 3 2 2
2683 Terry Solomon 3 44 28 11 3 2 0
2684 Wenyu Zhou 3 43 18 11 7 2 2
2687 Rongjie Hong 3 43 17 12 7 2 2
2689 Beniamino Volta 5 42 9 8 8 6 5
2692 Sita Sundar 4 42 10 8 6 4 4
2694 Joshua D. Stewart 4 42 12 11 10 6 2
2695 Federico Cividini 5 42 9 9 9 8 8
2701 Annie N Cowell 4 42 13 12 7 6 2
2703 Daniel R. Lasoff 3 41 17 10 7 1 1
2705 Kanika Khanna 3 41 24 9 6 2 0
2706 Saeed Jerban 3 41 29 4 3 2 1
2707 Zanjbeel Mahmood 4 41 15 10 5 5 4
2712 Benjamin Frable 4 40 14 10 8 6 1
2714 Alfredo Girón Nava 3 40 22 8 5 3 1
2716 Alireza Eshraghi 3 40 14 12 3 3 3
2722 John Stires 4 39 22 8 5 4 0
2725 Gareth Jennings 3 37 18 9 5 3 2
2728 Jeremy Egnatios 3 37 15 14 5 3 0
2730 Antoine Aubret 3 37 15 15 6 1 0
2734 Abdulelah Habib 4 36 9 6 4 4 3
2735 Supun Nakandala 4 36 11 8 5 4 4
2736 Chuchu Li 3 36 17 8 3 2 2
2737 Vignesh Muralidharan 2 36 26 6 2 1 1
2739 Mohammad Samragh 3 36 21 8 5 1 1
2742 Vineet Pandey 4 36 13 6 5 4 3
2744 Sidi Fu 4 35 10 9 5 5 4
2745 Shubham Saini 4 35 18 5 4 4 2
2749 Christopher A Trautner 4 35 7 6 6 4 4
2750 Krishelle Marc-Aurele MD 3 35 16 5 5 2 2
2751 Austin W.T. Chiang 4 35 14 7 6 4 3
2754 Brook Tozer 2 36 28 6 1 1 0
2761 Jun Wang 4 34 8 6 6 6 4
2762 Brandon Hong 3 34 12 10 3 3 2
2765 Joshua Gild 2 34 24 10 0 0 0
2769 Hannah R. Grant 3 33 18 4 3 3 2
2770 Sally Safwat Amin 3 33 16 7 4 3 1
2779 Hasan Al-Rubaye 3 32 16 4 4 3 2
2780 Neil Visalvanich 4 32 8 5 5 5 3
2782 Jiapeng Zhang 3 32 11 9 6 3 2
2785 Akshay Rangesh 3 32 7 5 5 3 3
2787 Dajung Lee 4 32 8 7 6 5 4
2788 Hasan Faraby 3 31 15 5 4 3 2
2789 Dr. rer. nat. Dipl.-Phys. Stjepan B Hrkac 4 31 11 6 5 5 4
2790 Atieh Lotfi 4 31 7 7 6 6 2
2799 Nancy F. Stimson 3 30 11 8 5 3 1
2801 Timothy F. Lew 4 30 10 8 6 5 1
2802 Matthew Affolter 4 30 7 6 5 4 3
2810 Rafaella Cleto Penteado 3 30 13 8 7 1 1
2813 Livia Zaramela 3 29 9 7 5 3 2
2815 Abhishek Gadre 3 29 13 5 4 2 2
2818 Kim (Lehmann) Lagerborg 2 29 14 14 1 0 0
2824 Sohini Manna 3 28 15 4 3 3 2
2829 Subhasis Dasgupta 3 27 8 7 4 2 2
2830 Michael Hess 3 27 11 6 4 3 2
2835 Jayson Sack M.D., M.S. 2 26 17 3 2 1 1
2844 Arvin R. Wali, MD MAS 3 26 7 4 4 3 2
2846 Ryan J. Weiss 3 26 10 9 6 1 0
2850 Alric Althoff 3 25 7 6 5 3 2
2852 Marine Paquet 3 25 9 7 4 2 1
2853 Adina E. Pusok 3 25 14 8 3 0 0
2855 Sergio Martin 3 25 9 7 3 2 1
2857 Jun Liu 4 25 6 5 4 4 3
2858 BARUN DAS 2 25 13 11 1 0 0
2861 Soumen Ghosh 3 24 10 6 5 2 1
2862 Stephen T Ryan 2 24 15 6 1 1 1
2864 Jeffrey Brock 2 24 16 7 1 0 0
2865 pooriya beyhaghi 3 24 10 6 3 2 1
2867 Masoud Jalali 2 24 15 6 1 1 1
2872 Kendrick Yim 2 24 11 10 2 1 0
2875 Javier del Valle 3 24 7 6 5 3 2
2879 Jessie K. Saunders 2 23 15 8 0 0 0
2888 Kevin Parvaresh 4 23 5 5 4 4 2
2889 Robert Pomeroy 3 23 5 4 3 2 2
2901 Sean Crosby 3 21 8 8 3 1 1
2902 Gregory Sinnett 2 21 17 3 1 0 0
2903 Lorenzo Rossini 3 21 12 4 4 1 0
2905 Rawan Arar 3 21 9 4 3 3 2
2906 Elsa Molina, Ph.D. 2 21 11 9 1 0 0
2920 youyi fu 2 20 9 8 1 1 1
2921 Shu Zhang 1 20 20 0 0 0 0
2924 Ekaterina Tymofyeyeva 2 20 10 8 1 1 0
2932 Chad Holcomb 3 19 6 3 3 2 2
2934 Tyler Porter 2 19 16 2 1 0 0
2941 Pedro Val 3 19 11 4 3 1 0
2957 Simone Sternini 2 17 6 3 2 1 1
2965 Taewoo Kim 2 16 6 4 2 1 1
2971 Juan Carlos Jado 2 16 10 2 2 1 1
2973 Iftikhar Ahmad Niaz 2 15 5 4 2 2 1
2977 Hanjie Shen 2 15 9 4 1 1 0
2978 Shumon Koga 2 15 6 5 2 1 1
2981 Michael J. Bianco 2 15 7 5 1 1 1
2987 Surya Pachhai 2 15 9 4 2 0 0
2992 Garrett Green 1 14 9 1 1 1 1
2994 Ali Hamidi 2 14 6 3 2 2 1
3009 A Parandaman 2 13 7 3 2 1 0
3023 Khalil Mrini 2 13 5 3 2 1 1
3047 Karu Chongsiripinyo 2 11 5 3 2 1 1
3048 Tonya M. Pan 1 11 9 1 1 0 0
3078 Daniel Ervin 2 10 6 3 1 0 0
3098 Ali Alattar 2 10 4 2 2 1 1
3103 Alexander Knop 2 8 3 2 1 1 1
3111 Dara E. Goldberg 1 8 8 0 0 0 0
3125 Payam Vaezi 2 7 4 3 0 0 0
3134 Robert I. Petersen 2 6 3 2 1 0 0
3154 Yuncong Chen 1 5 5 0 0 0 0
3189 Pedro Franco Navarro 1 4 2 1 1 0 0
3192 Brian Nguyen 2 4 2 2 0 0 0
3245 Allegra Swift 1 2 1 1 0 0 0
3260 Eric T Geier 1 2 2 0 0 0 0
