1 Douglas Scott 115 151236 20741 16372 15796 13202 12741
2 David Lowe 50 89300 47741 15699 2443 1980 1810
3 Mark Halpern 94 84356 13205 12187 8247 5304 3803
4 Daniel Pauly 127 81858 9629 4671 3119 2880 2862
5 Michael Hayden 138 74517 1796 1277 1192 1020 1016
6 Gary Hinshaw 64 74116 20404 13205 5304 4213 3803
7 Paul J. Harrison 123 67350 5201 2189 1855 1634 1303
8 John Friedmann 96 57565 5649 3729 2960 2908 1913
9 Izak Benbasat 86 52599 8576 6078 2774 1605 1568
10 B. Brett Finlay 128 52532 1962 1673 1235 1095 841
11 James C Hogg 110 51336 4081 3220 1453 1115 966
12 Seung U Kim 107 50254 2661 969 944 653 653
13 Pieter R Cullis 112 46268 3721 2165 1928 1852 1768
14 Carl Walters 81 44531 5554 4433 2880 2165 1798
15 Martin Gleave 105 42187 6433 650 628 551 509
16 David K. B. Li 85 41348 1530 1448 752 744 721
17 Peter Pare 101 40410 3205 2624 910 722 660
18 Chris M Wood 99 39032 703 558 416 360 340
19 Navin Ramankutty 64 38489 7390 3052 1881 1648 1555
20 Dolph Schluter 85 37998 3956 1672 1406 1082 1010
21 Matt Farrer 92 37840 3506 2221 1565 998 682
22 Julian Davies 93 36785 2508 2118 1054 971 850
23 rachman 97 35532 1666 1377 1370 1370 1289
24 Loren Rieseberg 99 35198 1176 1030 931 872 824
25 Oke TR 72 34972 7683 2544 1664 1562 1230
26 Don Sin 83 34582 4003 1921 1272 1193 1126
27 Wayne P. Maddison 51 34220 10638 7309 2170 1366 1299
28 Jamie Peck 78 34039 4834 2508 1394 1341 1322
29 Ian Mackenzie 85 33527 3917 3654 2547 1474 785
30 Farshad Pourmalek 38 32710 8807 5797 4391 1253 1240
31 Michael Brauer 79 32304 7691 1274 1220 1131 1068
32 Torsten Nielsen 77 31921 3315 2740 2420 1833 1146
33 Delroy L. Paulhus 69 31183 3635 2971 2130 1560 1212
34 John Grace 78 31147 8076 669 418 335 330
35 Steve Withers 92 30563 1114 895 597 568 504
36 W. Erwin Diewert 68 30358 4432 3123 2216 1534 1409
37 A Jon Stoessl OR jon Stoessl 83 29192 2221 1461 911 863 850
38 C. Blake Gilks 95 29153 2740 1087 786 623 511
39 Jack (John) Saddler 89 28389 1172 1121 1068 875 798
40 Lawrence Frank 70 28036 2043 1699 1292 1174 1147
41 Villy Christensen 62 27898 4671 2880 1798 1782 1317
42 Anthony Phillips 91 27016 1269 816 762 640 615
43 Christopher M Overall 85 26880 1378 1116 899 804 788
44 Xin Li 43 26312 4245 614 599 367 359
45 Dale W. Griffin 56 25431 3105 3055 1901 1794 1202
46 Evan Thompson 47 25355 11514 2828 1080 710 663
47 Sandra L. Robinson 34 24720 3648 3095 2973 2795 2253
48 Gregor Kiczales 41 24654 9925 4083 1973 884 812
49 Robert Bustin 63 24105 5579 1191 991 697 612
50 T.A. Black 86 23740 1018 504 488 430 429
51 Raymond Ng 57 23611 3733 2886 2009 1149 952
52 Yusuf Altintas 78 23512 2576 1564 685 678 638
53 Thomas Lemieux 47 23433 3231 3001 2905 1230 1116
54 Tony J Pitcher 71 23343 2880 1816 778 656 596
55 Victor C. M. Leung 70 22654 1177 499 435 370 326
56 Steven J Heine 55 22428 4570 2412 1487 955 914
57 William E. Rees 50 22271 8326 3329 1140 894 871
58 Andrew Krahn 73 23347 1676 1676 1588 1195 1066
59 Janet F. Werker 77 21967 2955 1154 798 731 601
60 Patrick Keeling 78 21903 883 775 599 573 456
61 Hewitt Paul 75 21545 2987 746 651 542 457
62 Martin T. Schechter 76 21502 930 866 668 531 484
63 JM FitzGerald 76 21436 722 583 543 494 438
64 Luke Clark 80 21293 1094 1004 859 644 600
65 Ara Norenzayan 45 21140 4570 3958 1130 1035 866
66 Holger Hoos 61 21003 3446 1727 1155 971 706
67 Joerg Bohlmann 74 20960 3337 938 725 460 444
68 Glenn Regehr 74 20655 1605 1053 871 736 715
69 Corey Nislow 58 20450 6513 1712 828 817 473
70 Anita DeLongis 37 20160 4951 3145 1798 1430 1158
71 Guri Nina Giaever 56 20068 3742 3573 1712 817 541
72 Jane Wei Huang 62 19987 367 293 280 234 223
73 U. Rashid Sumaila 70 19803 2880 1060 530 483 475
74 Darrin Lehman 48 19497 2412 1493 1487 964 955
75 john helliwell 52 19286 2012 1624 1516 1083 984
76 James Brander 39 18993 3055 1762 1696 1383 1160
77 Professor Bonny Norton, FRSC 46 18785 3305 3140 1735 1383 906
78 Dermot Kelleher 68 18434 1032 1027 730 654 621
79 Ingrid Stairs 70 18198 1372 673 598 594 544
80 Kai Li 58 17905 1278 522 464 340 321
81 Rollin Brant 67 17629 1470 939 912 827 551
82 curtis suttle 67 17378 1559 1461 865 838 575
83 Daniel M. Weary 72 17140 621 361 348 284 243
84 Vijay Bhargava 60 16716 1052 984 924 748 683
85 Mark Schaller 62 16583 922 884 733 602 493
86 Kermit Ritland 62 16514 3324 871 725 656 596
87 Murray B. Isman 60 16485 2567 2071 488 461 408
88 Ivan Robert Nabi 51 16472 6427 661 580 461 312
89 Raymond W. Lam, MD, FRCPC 71 16360 403 400 346 338 305
90 Janice J Eng 73 16313 496 375 337 337 321
91 Andrew Warfield 29 16212 8751 3402 694 460 273
92 anthony glass 74 16168 841 546 453 438 399
93 Wyeth Wasserman 51 16151 1473 1249 1084 801 742
94 Ludovic Van Waerbeke 68 15894 566 483 465 432 399
95 Ruth Grunau 70 15822 1079 1074 553 403 356
96 Guofang Li 48 15729 4300 891 644 490 429
97 Dr. Darren E. R. Warburton 50 15724 5582 812 651 487 390
98 Keith Head 38 15698 1389 1107 1019 891 881
99 Stanley Coren 59 15468 1521 1049 609 594 420
100 Philippe Kruchten 42 15438 5447 3151 707 357 320
101 Frank Ko 52 15354 2343 829 769 665 613
102 Martin Puterman 36 15341 10984 281 264 226 200
103 Bassam Masri 65 15051 865 834 356 332 325
104 Laks V.S. Lakshmanan 63 14950 952 869 565 452 435
105 Michael Chandler 48 14758 3062 958 774 772 729
106 Timothy J Kieffer 55 14720 1182 1124 697 671 625
107 Karl Aquino 52 14709 1875 1168 623 612 593
108 Sarah Otto 62 14553 1759 691 624 574 463
109 Neil Cashman 57 14362 1066 601 573 555 431
110 James T Enns 64 14350 1221 854 717 442 429
111 Michael Whitlock 55 14354 1660 1466 603 571 470
112 Megan K. Levings 51 14310 1274 1135 1014 800 669
113 Sally Thorne 58 14279 1143 1138 1007 862 843
114 Jerilynn C Prior 59 14059 944 708 561 531 446
115 William J Welch 28 14029 5152 3699 925 783 669
116 Thomas R. Oxland 62 13933 537 530 502 501 500
117 Gail Murphy 58 13750 865 576 576 542 539
118 Bruno D. Zumbo, Paragon UBC Professor of Psychometrics & Measurement 56 13750 1389 860 575 483 482
119 S.E. Salcudean 66 13567 577 367 344 344 333
120 Tim H. Murphy 60 13520 1001 844 616 572 436
121 Stan B Floresco 59 13457 859 855 762 640 502
122 Brian MacVicar 63 13345 1279 728 527 501 352
123 Carl J Douglas 58 13334 3324 454 353 341 304
124 David Fraser 67 13229 767 621 467 467 414
125 Uri Ascher 46 13173 2218 1855 867 846 693
126 Snutch 50 13168 1026 722 666 594 578
127 Alan Mackworth 35 13143 3549 1183 1136 869 732
128 Steve E. Kalloger 49 13129 2919 1482 1087 623 491
129 Liisa Galea 60 13114 1558 700 531 469 385
130 Lynn A Raymond 62 13074 1277 1277 619 581 560
131 George Iwama 57 12907 1940 492 484 468 353
132 Ronald A. Rensink 35 12801 2597 1212 1054 910 854
133 Najib Ayas MD MPH 52 12777 1050 896 845 561 494
134 Aslam H Anis 59 12745 2248 511 366 312 272
135 Patricia A. Duff 49 12752 2707 833 665 601 555
136 michael b devereux 57 12719 939 892 580 479 466
137 Juncheng Wei 59 12635 339 312 266 219 216
138 Kathleen A. Martin Ginis 62 12480 651 529 409 315 254
139 Jess H. Brewer 54 12473 1267 748 393 342 262
140 Brian O. Patrick 57 12400 294 202 180 176 162
141 Christoph Hauert 43 12403 1540 1135 946 755 617
142 Gordon Semenoff 51 12360 1778 675 491 456 430
143 James Daniel Johnson, Ph.D. 42 12276 6428 472 335 313 237
144 Leonard J Foster 53 12234 1052 881 772 536 473
145 C. Jim Lim 61 12217 669 335 283 259 184
146 Michael Doebeli 49 12167 1547 1135 617 617 525
147 Andrea Damascelli 50 12143 3188 459 445 437 369
148 Guy Faulkner 55 12157 877 521 450 429 426
149 Geoffrey L Hammond 59 12077 792 530 330 294 254
150 James Little 47 12030 1264 981 674 671 642
151 Lawrence M Ward 54 11937 1221 737 648 419 411
152 Shawn Mansfield 61 11864 798 420 315 270 265
153 David Kitts 59 11852 753 450 423 350 302
154 Judith H Myers 53 11507 939 798 753 388 380
155 Lynn Alden 50 11455 1560 969 647 584 487
156 Xiaotao Bi 53 11442 640 382 298 284 270
157 Rabab Ward 52 11391 752 497 445 417 332
158 Mark J. MacLachlan 56 11372 1728 482 396 337 305
159 Diane Srivastava 37 11346 2757 1453 1224 828 579
160 David Poole 45 11312 1051 971 732 652 498
161 Carolyn J. Brown 50 11291 1195 1024 994 850 528
162 Eric B (Rick) Taylor 54 11269 785 665 478 373 355
163 Russell Lundholm 29 11248 3112 3054 952 436 406
164 Karin H Humphries 51 11235 1100 629 493 418 375
165 Paul Pavlidis 55 11144 716 569 474 389 331
166 Quentin Cronk 48 11139 3337 1176 245 243 224
167 Kevin Leyton-Brown 41 11134 2002 762 706 648 634
168 Robert Raussendorf 29 11095 3244 1600 1190 550 517
169 hannu larjava 58 11080 547 441 413 377 344
170 Stirling Bryan 54 11091 696 467 406 320 313
171 Jeffrey Rushen 61 11039 269 263 258 242 225
172 William Cheung 46 10984 1060 980 676 447 374
173 Katherine White 25 10937 6177 1493 371 335 261
174 Philip A Barker 54 10802 811 684 466 408 346
175 Oldrich Hungr 50 10770 885 878 546 479 462
176 Joan L. Bottorff 51 10723 587 461 303 303 293
177 Yevgeniy Petrov 46 10669 977 740 711 606 574
178 Beverley R. Green 48 10563 1623 1093 624 344 299
179 Gren Patey 56 10498 355 312 306 268 267
180 Simon M Peacock 41 10466 911 892 698 682 675
181 Francesco Trebbi 22 10444 6083 875 633 297 296
182 David Moore 55 10429 370 290 272 241 225
183 Vincent Wong 46 10347 1831 685 477 449 390
184 William W. Mohn 58 10284 870 547 447 407 370
185 Eunice Li-Chan 57 10223 858 485 388 380 313
186 Sean W Graham 41 10226 2292 1642 660 512 447
187 Martin J. McKeown 34 10191 2185 1995 494 484 462
188 Geoffrey Cundiff 45 10185 1932 782 500 422 405
189 Tom Feusels 50 10188 863 596 417 402 388
190 peter arcese 54 10162 503 495 495 393 325
191 Kai M. A. Chan 38 10182 1609 1064 1062 1058 776
192 Daniel Skarlicki 39 10135 2402 736 532 510 406
193 Honglin Luo 36 10038 6427 267 212 157 130
194 Yair Wand 39 10024 1587 879 748 710 607
195 Bruce A Vallance 58 9970 540 435 338 303 299
196 Fabio MV Rossi 43 9916 2463 960 664 592 395
197 Alex MacKay 50 9835 647 620 531 314 283
198 Brian Copeland 27 9827 2110 1845 1424 774 658
199 Barbara Judith Spencer 28 9804 3055 1383 688 616 487
200 Lindsay David Eltis 56 9776 547 447 433 369 304
201 Judy Illes 48 9758 672 590 395 387 361
202 David Kirkpatrick 43 9725 1146 932 514 439 359
203 Peter Englezos 54 9665 720 613 371 369 281
204 John Ries 27 9641 1392 784 748 744 720
205 Leah Edelstein-Keshet 43 9550 2747 1000 793 455 298
206 Marina A.G. von Keyserlingk 55 9461 348 243 242 232 219
207 Heinz H. Bauschke 42 9387 1844 1433 432 400 356
208 George Haughn 53 9253 609 584 461 398 271
209 Michael S. Kobor 48 9225 581 573 497 475 433
210 E David Klonsky 41 9193 1365 829 583 424 423
211 Andrew W Trites 51 9169 577 317 317 264 253
212 Andrew Sandford 49 9117 457 425 414 391 356
213 Peter Crocker 45 9079 1001 791 555 337 337
214 Dan A. Simunic 25 9068 2767 1077 665 632 615
215 Nicole Fortin 26 9063 3231 1116 1092 668 533
216 Karen Bakker 41 9053 698 694 617 586 562
217 Toni Schmader 31 9028 1176 1103 715 564 539
218 JL Innes 48 8995 327 316 316 284 190
219 Richard  J. Wassersug 48 8950 457 277 265 255 246
220 Guy A. Dumont 44 8903 716 376 207 200 140
221 Mark E. Warren 36 8889 1234 684 595 554 535
222 James M Wright 52 9010 637 296 251 248 217
223 Matei Ripeanu 39 8856 1159 1015 832 514 436
224 Ging-Yuek Robin Hsiung 39 8839 2547 470 462 311 309
225 Cindy Prescott 50 8807 420 367 336 315 290
226 Bruce Larson 19 8795 4076 3015 3013 3012 349
227 Ljerka Kunst 46 8773 722 586 390 371 349
228 Kalina Christoff 35 8735 1119 1030 650 627 612
229 David McLean 47 8653 565 557 444 336 333
230 Elizabeth Dunn 37 8660 2262 1183 581 384 342
231 Darren Dahl 45 8650 550 411 398 371 352
232 John S. Richardson 51 8635 789 713 331 284 267
233 Calvin Yip 25 8643 6438 329 199 164 159
234 M.L. Deng Palomares 29 8584 4782 311 309 301 262
235 Kenneth Baimbridge 46 8508 1394 624 498 475 387
236 Selvakumar Raja Saravana Kumar 40 8529 705 327 201 198 191
237 Sue Grayston 42 8423 1155 896 498 399 336
238 Phil Ainslie 48 8372 359 350 284 249 228
239 Amanda Vincent 46 8336 781 531 449 423 325
240 dominique weis 52 8337 324 304 228 197 160
241 Ian Franks 48 8325 657 503 461 337 297
242 Victor Viau 40 8233 1071 914 642 592 422
243 Michael Coughtrie 48 8225 546 411 388 299 239
244 sara mostafavi 25 8207 1712 1488 1293 1151 541
245 Kellogg S. Booth 42 8130 1775 437 407 352 288
246 john gill 50 8138 478 413 381 318 265
247 Mahyar Etminan 40 8109 1000 631 546 538 476
248 Steven James Hallam 39 8109 1143 960 566 534 404
249 Sally N Aitken 38 8085 1838 1074 368 365 328
250 Jim Christenson 44 8084 1115 564 404 313 307
251 Hongbin Li 40 8057 806 569 467 427 424
252 Cornelius Boerkoel 39 8049 2032 401 331 280 270
253 Geoffrey Wasteneys 47 8004 1303 419 404 287 286
254 Anthony Boardman 33 7972 2755 1443 667 223 213
255 Fred Brauer 41 7961 1971 523 516 233 181
256 Savvas Hatzikiriakos 46 7915 413 407 371 334 237
257 Robin Lindsey 35 7878 864 847 587 430 353
258 Michael R. Gold 46 7844 713 637 366 366 301
259 Anming Zhang 50 7835 441 345 263 240 222
260 Todd S. Woodward 53 7840 347 328 323 198 154
261 Elizabeth M. Simpson 34 7845 1130 955 950 703 642
262 Viviane Dias Lima 36 7812 1326 730 334 272 259
263 Jonathan Davies 42 7797 881 605 565 446 423
264 Kelly McNagny 44 7800 592 438 407 400 370
265 Anita Palepu 48 7774 511 484 380 370 311
266 Norm Hutchinson 34 7750 1143 1124 694 634 518
267 Mary I. O'Connor 32 7751 1046 716 715 682 629
268 Michael E. P. Murphy 38 7732 3289 250 246 220 194
269 Dinesh K. Pai 44 7681 638 354 295 279 248
270 Kathy Martin 48 7690 638 432 325 319 203
271 Anne Condon 43 7629 688 492 383 315 283
272 Dana V Devine 47 7632 403 359 337 243 239
273 Lutz Lampe 45 7592 585 450 314 195 169
274 Lorne Whitehead 45 7551 634 359 300 258 212
275 Donald Moerman 50 7550 353 318 308 282 279
276 Michael Deyholos 40 7544 971 607 447 428 348
277 Jan Ehses 36 7509 1441 504 466 411 383
278 TURKINGTON, Roy 44 7489 834 638 391 240 192
279 Wilfred Jefferies 44 7446 925 479 379 267 265
280 Lori Brotto 47 7449 605 517 325 277 235
281 Gino DiLabio 41 7384 1235 332 281 269 241
282 W.K. Milsom 47 7378 491 164 123 122 116
283 Ismail Laher 49 7380 259 202 190 187 181
284 jt beatty 41 7354 589 417 364 302 292
285 Alla Sheffer 48 7354 409 360 346 342 317
286 Tamara Munzner 42 7315 469 440 430 384 323
287 Annette J. Browne 37 7273 1467 533 491 303 279
288 Shyh-Dar Li 34 7256 1079 664 511 393 363
289 Rehan Sadiq 46 7265 485 254 147 147 136
290 Zoran Nesic 44 7234 430 429 328 323 280
291 Evgeny Pakhomov 44 7222 987 265 248 203 193
292 Christopher D. G. Harley 37 7163 1773 548 312 304 294
293 Nelly Pante 40 7127 731 653 487 325 279
294 Stephanie Chang 36 7133 1794 343 309 294 285
295 Lawrence J. Walker 44 7109 771 382 334 308 296
296 yuelin Zhang 44 7105 599 448 367 359 255
297 Deborah Butler 30 7081 3104 508 244 219 203
298 Susan Murch 42 7069 562 551 492 325 261
299 Stephen B Porter 45 7040 575 357 348 286 285
300 Mark Van Raamsdonk 35 6998 1368 486 451 270 262
301 Jonathan Little 37 6964 1021 862 513 490 286
302 Tara G. Martin 40 6911 663 551 373 321 266
303 George Rose 47 6880 350 270 269 254 226
304 Xin Li 41 6941 614 599 367 359 255
305 James J. Feng 44 6797 557 461 365 349 243
306 Dianne Miller 41 6771 1087 623 491 307 268
307 Nicola Hodges 39 6746 577 440 429 357 317
308 Michael P. Friedlander 25 6743 2855 1508 358 203 196
309 Allan L. Carroll 32 6725 1422 1137 393 368 278
310 Bruce Verchere 46 6697 491 313 275 248 178
311 Patricia Schulte 47 6694 485 319 287 217 206
312 Liane Gabora 36 6693 2500 261 213 211 191
313 E* Grant 44 6670 355 249 219 201 172
314 Juri Jatskevich 32 6660 1831 685 449 232 221
315 Kadriye Ercikan 29 6645 3240 404 238 221 188
316 Gordon Munro 39 6643 746 650 589 413 372
317 Yossef Av-Gay 48 6607 488 360 305 214 206
318 Leonid Sigal 35 6592 981 494 396 324 271
319 Paul Beaudry 39 6599 789 619 529 444 277
320 Lilah Toker 8 6685 6513 26 25 22 15
321 Mark G Carpenter 42 6579 324 322 318 271 269
322 Jeff F. Young 39 6564 1045 704 415 315 301
323 Richard Johnston 33 6543 960 653 534 371 319
324 Georgina S. Butler 33 6514 660 633 631 489 468
325 Romeo Chua 45 6513 542 273 214 185 145
326 Mohamed A bedaiwy 40 6511 1267 457 229 190 175
327 Nick Bansback 36 6485 2248 260 179 175 169
328 John D.W. Madden 34 6463 766 577 554 321 306
329 Claudia Jacova 18 6462 3633 1581 224 210 138
330 Terry Sunderland 40 6458 703 514 310 198 186
331 Marcel Franz 43 6454 364 331 317 263 252
332 Michael Walker 37 6417 1236 401 351 191 182
333 Clarence de Silva 34 6419 685 588 536 292 234
334 Catharine A. Winstanley 38 6411 619 534 322 303 293
335 Martin Barlow 45 6387 487 428 327 254 221
336 Elvin Wyly 39 6247 1520 581 415 257 206
337 Brian P. O'Connor 31 6206 2903 184 182 151 151
338 Curtis P. Berlinguette 40 6186 716 392 307 259 224
339 Tom Ross 32 6171 651 641 508 448 366
340 Gordon A Francis 36 6169 844 707 639 445 355
341 Torben Ferber 35 6176 569 569 544 378 361
342 Philippe Le Billon 32 6155 1499 350 322 260 242
343 Cristina Conati 39 6121 587 565 343 293 283
344 Mary Berbee 40 6052 456 318 313 296 287
345 Tarek Sayed 41 6043 218 195 190 190 170
346 Susanne M. Clee 31 6014 1796 389 362 337 304
347 Steve Wilton 34 6010 816 480 442 257 197
348 Sidney Fels 39 6009 453 293 222 190 157
349 Kirk W. Madison 28 5997 2028 467 435 363 335
350 Kiran K. Soma 46 5977 414 236 212 184 172
351 Richard Young 40 5976 642 440 416 235 186
352 MM Hart 36 5952 1013 773 447 429 242
353 James V Zidek 37 5882 1011 536 306 250 223
354 Fred Sack 40 5885 416 340 316 301 276
355 Erick Cardenas 14 5855 3883 1063 187 172 153
356 Chanson Brumme 35 5846 690 422 413 302 263
357 Jennifer Berdahl 27 5848 955 810 550 360 296
358 Michiel van de Panne 40 5823 454 410 324 287 268
359 Laura Wegener Parfrey 27 5794 1391 1098 420 413 325
360 Stuart Turvey 41 5763 854 370 302 185 157
361 Lara Boyd 44 5715 330 233 199 199 182
362 Jan Dutz 39 5679 315 314 294 265 248
363 William Aiello 35 5647 1461 377 292 268 203
364 David R. Stapells 42 5616 305 291 257 225 184
365 Roman Krems 36 5611 1019 485 444 385 298
366 Yousry A. El-Kassaby 41 5602 183 140 113 111 103
367 Terre Satterfield 33 5601 869 776 514 237 235
368 Helen Tremlett 37 5565 396 277 273 249 232
369 Lari Hakkinen 42 5535 300 255 241 238 222
370 David Green 38 5539 518 246 231 229 213
371 Werner Antweiler 14 5521 2110 1413 781 430 171
372 Laurel Brinton 28 5508 1123 1035 737 307 273
373 Kevin Milligan 31 5451 900 840 350 328 274
374 Ryuko Kubota 32 5435 579 412 343 318 308
375 Pauline Johnson 39 5428 563 501 373 219 155
376 Robert J. Tierney 30 5424 623 602 572 553 373
377 David D. Y. Chen 42 5409 316 312 248 209 207
378 Catherine J. Pallen 38 5401 495 337 331 260 236
379 John Oliffe 39 5383 245 218 211 169 141
380 Elizabeth M. Saewyc 40 5384 374 285 219 208 194
381 Peter B. Reiner 38 5354 352 308 274 271 248
382 Carles Vilarino-Guell 33 5356 1313 522 305 229 221
383 Colin Ross 42 5338 281 268 231 226 195
384 W. Craig Riddell 34 5321 332 316 311 305 298
385 Peyman Servati 38 5282 589 277 256 183 173
386 Millan S. Patel 25 5256 1236 1110 667 470 356
387 Patricia Janssen 38 5233 397 348 344 286 229
388 Maria T. Maldonado 31 5238 1445 265 236 231 230
389 Mark Schmidt 32 5222 446 411 362 290 272
390 Hendrik F. Machiel Van der Loos 29 5184 1102 745 402 231 191
391 Michael A. Hunt 36 5174 846 232 218 210 180
392 Colleen Varcoe 43 5162 349 222 216 212 185
393 Robert Bridson 28 5150 855 575 521 399 347
394 Mohsen Sadatsafavi 28 5158 1000 968 422 391 166
395 Ian McKendry 38 5132 927 347 294 274 220
396 Peter Seixas 30 5126 442 398 397 360 332
397 Michael J. Ward 39 5069 203 185 172 136 135
398 Kimberly A. Schonert-Reichl 31 5071 786 449 362 298 281
399 W.J. Poole 37 5071 514 246 215 205 200
400 James Kelly Russell 37 5055 773 201 178 148 140
401 Masao Nakamura 32 5026 851 487 347 254 204
402 Alexandra Fedorova 36 5018 610 552 307 262 253
403 Ralph A. Winter 31 5010 814 622 404 308 229
404 Pamela A. Ratner 39 5011 311 213 209 171 149
405 N. Ghoussoub 37 5006 572 365 288 197 171
406 Dagoberto Contreras 8 4996 2689 1549 628 628 32
407 Ian Mitchell 28 4994 1098 615 365 333 266
408 Paul G. Davies 18 4952 862 647 611 583 536
409 Felix J. Herrmann 35 4930 359 214 213 164 128
410 Eldad Haber 40 4936 286 221 169 167 158
411 Pierre Kennepohl 22 4925 2501 955 164 118 110
412 Nancy Gallini 19 4899 779 723 613 502 449
413 Andre Ivanov 38 4868 910 257 239 217 119
414 Karon MacLean 40 4853 249 213 178 158 147
415 Marwan Hassan 39 4822 315 220 165 161 141
416 Anthony Peirce 31 4816 944 684 418 349 182
417 Alfred Hermida 22 4833 912 665 580 329 262
418 Daniel D. Pratt 27 4811 672 614 403 342 316
419 Jayachandran N Kizhakkedathu 39 4811 304 243 241 218 167
420 Simon Donner 30 4797 637 544 386 371 232
421 Chen, Jiahua 35 4773 656 282 236 220 215
422 Saeid Soltanian 34 4758 820 275 234 232 210
423 Z. Jane Wang 34 4749 488 263 196 178 114
424 Amy M Chan 22 4717 1044 865 575 342 295
425 Paul van Donkelaar 43 4705 279 197 162 150 150
426 Douw Steyn 39 4696 613 186 185 176 173
427 Sarah E. Gergel 27 4657 1521 457 280 214 200
428 Babak Pourbohloul 21 4636 2116 581 261 260 246
429 Craig J.R. Hart 32 4632 699 661 210 162 148
430 Tim Green 36 4629 406 267 250 174 166
431 Baizeng Fang 40 4637 382 195 191 190 181
432 Tom Troczynski 34 4611 561 320 275 218 144
433 Timothy L. McDaniels 34 4614 518 300 285 240 227
434 J Mark Ansermino 38 4614 298 159 129 122 112
435 Maurice Levi 28 4605 822 616 504 414 156
436 Richard Chandra 27 4606 1068 875 229 189 171
437 Bruce Carleton 34 4598 281 277 268 231 226
438 David Gillen 35 4590 513 257 205 164 157
439 Richard Price 19 4589 1173 667 494 422 342
440 Mandana Amiri 30 4573 483 371 308 274 221
441 Erik Eberhardt 32 4535 424 373 325 311 267
442 Cecil Konijnendijk van den Bosch 29 4532 988 286 268 234 163
443 W G Dunford 25 4482 693 584 454 313 255
444 judith johnston 35 4474 455 410 302 217 178
445 Lewei Zhang 37 4466 428 312 287 216 184
446 D. M. Durall 33 4443 670 328 293 255 228
447 Jean-Pierre Chanoine 35 4433 562 249 199 151 142
448 Chris  Chanway 37 4426 249 232 177 148 148
449 Robert Rohling 33 4415 425 171 161 160 151
450 Sandra Mathison 22 4390 2453 369 340 101 100
451 Lorenzo Garlappi 20 4388 1856 562 542 267 261
452 charlotte jones 32 4391 257 251 235 235 219
453 Michael Bostock 35 4374 500 304 298 219 144
454 Robert D Guy 40 4328 376 208 205 203 162
455 Rosemary J Redfield 36 4312 520 492 199 192 159
456 Tonia Nicholls 31 4306 470 455 321 230 168
457 Purang Abolmaesumi 30 4302 281 174 121 117 111
458 Tor M. Aamodt 27 4286 1148 416 368 285 174
459 Mark D. Scott 36 4279 249 248 219 212 202
460 Darren Irwin 28 4269 939 403 356 291 224
461 Steve Morgan 34 4258 266 203 162 150 141
462 Michael O. Wolf 37 4257 252 225 181 178 141
463 Lukas Chrostowski 37 4239 205 172 140 114 109
464 Tobias R. Kollmann 32 4206 370 311 307 290 232
465 Artem Cherkasov 35 4207 466 213 210 185 160
466 Robert J. Woodham 21 4191 1837 303 230 227 195
467 Jeremy Heyl 35 4185 520 199 188 143 140
468 Eli Puterman 28 4178 1660 264 200 186 171
469 Martin Schulz 19 4165 1061 533 509 305 304
470 Martin R Jones 26 4167 831 457 312 234 205
471 David Dreisinger 31 4160 357 348 171 109 105
472 Michael Anglesio 29 4087 1087 284 234 224 178
473 Brian Leander 38 4078 299 193 153 142 123
474 Tongli Wang 23 4079 1074 501 431 365 176
475 Ozgur Yilmaz 25 4043 1404 522 302 196 195
476 Konstantin Beznosov 36 4046 375 152 151 137 126
477 Michael Feeley 22 4031 694 538 514 388 312
478 Catherine L Backman 31 4013 1045 149 148 135 131
479 S. Evelyn Stewart 35 4009 411 378 201 175 171
480 Naoko Ellis 29 3968 452 402 323 298 181
481 Rob Shave 37 3951 297 229 206 155 147
482 Arminee Kazanjian 35 3938 352 318 188 135 116
483 Gordon Slade 32 3933 954 235 171 126 101
484 Gerry Veenstra 29 3874 628 294 285 194 160
485 Rankin Catharine H 33 3879 679 210 192 192 176
486 Arman Rahmim 28 3834 548 179 134 128 125
487 David R Wilson 31 3823 241 214 179 170 170
488 Peter Cripton 29 3798 379 321 171 169 167
489 Amori Yee Mikami 34 3796 379 227 195 171 136
490 Jeremy Biesanz 33 3781 318 249 224 223 201
491 Kevin J. Smith 37 3787 184 168 166 152 143
492 Alan J. Hu 31 3774 578 493 257 140 130
493 Giuseppe Carenini 37 3776 211 193 138 114 109
494 Vicky Wing Yee Lam 26 3779 977 676 311 311 137
495 Adlai Fisher 20 3767 690 507 392 353 299
496 Yaniv Plan 15 3778 1099 490 442 434 258
497 Marius Muja 11 3773 2433 679 239 137 99
498 Robinder P. Bedi 15 3751 2875 213 169 79 54
499 Greg Dipple 30 3726 560 332 193 178 172
500 Matthew Choptuik 29 3717 1134 223 149 128 119
501 Kevin Gregory-Evans 34 3710 301 265 224 224 180
502 Wei Zhang 19 3709 2248 260 175 98 98
503 Bruce Shepherd 30 3699 617 287 205 202 155
504 Maureen C. Ashe 32 3689 466 229 182 157 130
505 Bernie Shizgal 33 3680 181 165 133 123 119
506 Larry Lynd 30 3685 543 304 217 207 133
507 Matthew C Lorincz 28 3680 404 393 377 219 206
508 William W. Hsieh 33 3643 393 173 166 136 115
509 Wendy A Hall 32 3636 534 193 169 132 131
510 Milind Kandlikar 32 3618 252 220 197 178 176
511 Jeannette Whitton 20 3610 1759 529 180 155 138
512 Rodger Lea 32 3610 581 219 184 150 139
513 Joanna McGrenere 31 3591 711 309 226 143 140
514 Peter Dauvergne 30 3574 488 440 278 183 161
515 Cheryl Gregory-Evans 31 3561 528 301 224 180 132
516 Pierre Guy 28 3534 478 341 284 153 151
517 David Arenillas 17 3532 801 598 460 393 360
518 Alex Scott 31 3522 240 230 152 137 133
519 Francis Lynn 24 3514 383 375 342 315 218
520 Robert Helsley 26 3491 675 669 395 181 154
521 Christopher Carlsten 32 3491 283 280 234 181 164
522 Sabrina Wong 29 3492 505 207 168 139 131
523 R. Kenneth Carty 27 3484 443 395 305 271 164
524 Ulrich Mayer 33 3451 401 207 156 145 140
525 Angela Devlin 23 3406 1080 302 220 186 171
526 Lisa Matthewson 29 3397 317 302 249 237 232
527 Catherine F. Poh 28 3394 428 312 287 184 174
528 Shernaz Bamji 26 3390 527 323 309 284 237
529 Marco Todesco 12 3332 1161 1122 237 233 141
530 Molly Babel 15 3339 2262 214 194 150 77
531 John Best 14 3301 1002 678 521 504 138
532 J. Kiley Hamlin 19 3288 1143 332 291 277 176
533 Julian Cheng 31 3278 171 144 128 125 109
534 Andrew J. Szeri 33 3266 297 254 209 116 111
535 Jennifer Ann Collins 17 3259 1796 362 337 140 102
536 Laura M Sly 29 3257 305 260 259 257 188
537 Leanne Currie 27 3244 813 359 238 173 142
538 clare beasley 24 3231 506 357 305 227 202
539 Ruben Zamar 28 3225 350 348 339 165 163
540 Nobuhiko Tokuriki 21 3221 564 414 293 272 264
541 Piotr Kozlowski 31 3202 296 284 184 117 106
542 Kin Lo 16 3169 889 409 397 382 266
543 Anoush Poursartip 30 3160 196 181 150 135 118
544 Patrick Francois 25 3150 528 449 221 187 182
545 Nicholas J. A. Harvey 26 3145 825 185 180 150 145
546 Hsi-Yung (Steve) Feng 28 3139 206 202 191 174 125
547 Paul Gustafson 29 3143 425 246 164 115 92
548 Mark R Beauchamp 33 3138 181 164 131 97 94
549 Dr. Jian Liu, Assistant Professor 30 3139 313 274 220 138 130
550 Hubert Wong 28 3120 608 142 135 130 128
551 Shahriar Mirabbasi 25 3113 618 280 257 144 114
552 Derrick Wirtz 13 3113 1128 512 505 203 157
553 David Anderson 28 3087 327 296 280 206 167
554 Guy Lemieux 29 3066 257 249 198 189 166
555 douglas matsell, mdcm 27 3054 447 392 236 161 110
556 Christian Schoof 28 3049 643 389 191 151 148
557 William S. Evans 25 3034 331 282 262 220 199
558 magdalena martinka 30 3036 314 309 161 138 130
559 Roger Sugden 29 3036 305 222 193 183 158
560 James Scoates 29 3026 324 228 190 110 102
561 Konrad Walus 23 3019 591 337 256 167 163
562 Vanessa Auld 24 2983 392 251 229 223 196
563 Tim Vines 15 2977 722 593 486 245 209
564 Kai Behrend 25 2960 740 383 326 207 166
565 Deanna L. Gibson 28 2959 320 320 303 202 165
566 Xiaohua (Adam) Wei 31 2945 286 113 104 102 86
567 Thibault Mayor 17 2934 1188 415 216 128 107
568 Ali Mesbah 28 2945 240 230 218 201 135
569 Jennifer Kryworuchko 23 2943 488 390 218 180 161
570 Mike Woodworth 25 2927 575 330 258 246 228
571 Annamma joy 27 2928 686 366 275 149 108
572 Scott Renneckar 20 2924 1644 134 119 105 97
573 Rachhpal Jassal 29 2907 266 253 160 156 140
574 Eric Jan 26 2902 247 241 240 204 190
575 Cristian Grecu 23 2893 910 257 239 217 105
576 Karen Cheung 26 2893 343 271 208 205 146
577 Ismail Hafez 17 2882 871 379 264 216 156
578 E. Wayne Ross 27 2863 467 343 172 130 125
579 Roger Beckie 22 2839 1059 255 149 139 108
580 Amy L. Angert 23 2831 952 302 231 200 97
581 Gunilla Öberg 32 2825 238 237 195 127 115
582 Maxwell A. Cameron 25 2822 402 240 210 167 163
583 Panos Nasiopoulos 25 2823 273 109 81 77 74
584 Jason E. Hein 21 2820 1337 366 128 86 73
585 Brian Wetton 27 2807 846 395 127 120 77
586 Jennifer D. Shapka 23 2818 451 367 262 230 174
587 Leticia Avilés 30 2815 374 161 148 139 135
588 Veronika Csizmók 15 2796 1435 669 107 82 71
589 Nathan Pelletier 23 2797 291 226 210 188 180
590 Michael Rochemont 16 2768 919 919 512 288 222
591 Dick Kerekes 29 2771 237 173 139 139 110
592 Nathaniel Hawkins 27 2758 363 235 190 150 131
593 Tillie L Hackett 28 2748 268 195 133 119 119
594 Patricia Vertinsky 25 2727 310 178 121 119 115
595 Sheila Marshall 25 2727 673 230 198 168 127
596 Jonathan E. Page 25 2716 576 242 145 126 122
597 Horacio Bach 26 2713 305 214 206 193 189
598 Filip Van Petegem 28 2696 391 216 188 147 125
599 Elod Gyenge 28 2691 364 203 187 101 95
600 Kurt Haas 21 2685 391 346 264 198 175
601 Trevor Goward 28 2673 215 186 156 141 110
602 Joerg Rottler 30 2665 158 138 135 128 121
603 N. Dorin Ruse 25 2656 244 208 196 134 133
604 Stefan Taubert 17 2650 618 512 342 212 206
605 Eric Margolis 19 2638 699 595 208 149 147
606 Edward Slingerland 25 2631 356 337 214 187 145
607 Marja D. Sepers 15 2635 1343 229 223 132 131
608 Reid Holmes 24 2623 378 247 200 192 151
609 Mona Berciu 26 2613 429 154 138 103 80
610 Susan Farmer 23 2602 443 246 240 174 170
611 Zachary M. Hudson 24 2600 387 317 189 163 126
612 David MacDonald; David MacDonald-Jankowski 30 2598 268 130 126 111 103
613 Ronaldo Cerri 24 2595 506 236 155 150 129
614 Ido Roll 24 2563 372 234 231 199 197
615 Hugh W. Davies 29 2552 212 155 151 140 137
616 Robert Kozak 28 2539 243 109 74 69 66
617 Michael Gordon 15 2533 1260 349 209 165 151
618 Bryan Gick 29 2530 148 138 123 115 112
619 Abbas S. Milani 24 2528 295 212 205 193 109
620 Lynn Stothers 26 2526 412 236 99 83 80
621 Corinne M. Hohl 21 2517 451 439 249 218 207
622 Lawrence D. Berg 27 2510 244 184 159 134 130
623 Andrew J Midwood 23 2506 484 224 185 147 142
624 David Findlay Scott 25 2506 272 238 222 199 144
625 Adam Frankel 20 2488 323 316 307 279 174
626 Kevin Shopsowitz 21 2493 482 260 163 149 140
627 Cornelia Laule 26 2484 281 263 245 194 184
628 Catherine Van Raamsdonk 13 2481 950 817 158 134 104
629 Gibson WT 22 2464 385 305 279 139 135
630 Andy Gibb 26 2465 308 168 155 147 111
631 Michael R. Hughes 24 2450 271 238 179 159 150
632 Alexander Rauscher 25 2446 283 144 139 115 114
633 James Tansey 16 2433 646 613 229 103 100
634 Wilson Eberle 26 2436 212 198 174 151 146
635 Steven N. Rogak 28 2427 271 146 102 98 77
636 Anita Hubley 27 2423 330 275 160 106 100
637 neil guppy 25 2415 538 266 141 112 102
638 D B Jack 8 2415 1295 908 46 42 22
639 Jamie Rosner 10 2413 1249 295 234 165 123
640 Ronald T. Cenfetelli 19 2408 763 234 214 176 147
641 Christopher Loewen 19 2407 420 376 218 190 150
642 Jordan A. Guenette 32 2414 139 133 111 96 90
643 Kathryn Harrison 24 2404 252 182 157 151 137
644 Carl Ollivier-Gooch 21 2397 491 427 267 243 139
645 Guy Tanentzapf 18 2397 472 375 351 181 163
646 Denise Daley 25 2378 302 195 152 138 136
647 Martina Wiltschko 24 2360 605 605 133 110 110
648 Pascal Lavoie 27 2358 311 182 148 140 97
649 Christine Scaman 22 2353 644 200 153 122 101
650 Solomon Tesfamariam 25 2347 147 122 117 100 97
651 Reza Vaziri 26 2343 196 151 135 111 110
652 Amit Goyal 12 2345 869 366 321 252 179
653 Ziliang Ye 15 2338 501 423 295 263 239
654 Stephen J Mitchell 24 2318 150 147 146 146 132
655 Chris A. Maxwell 23 2316 361 184 175 171 117
656 Andrew Jirasek 23 2315 564 223 210 77 77
657 Christian G. Schütz (Schuetz, Schutz) 28 2314 194 122 105 89 77
658 Viktoria Hnatkovska 19 2308 903 495 125 80 76
659 Heather O'Brien 18 2310 793 466 230 96 79
660 Joshua D. Gottlieb 11 2297 697 429 357 284 157
661 Susan B Boyd 24 2287 270 163 141 140 90
662 vanessa de oliveira andreotti 24 2314 516 285 108 104 91
663 Edmund Kelleher 23 2288 276 189 184 129 128
664 Colette Wabnitz 15 2277 1004 464 97 97 93
665 Hotze Rullmann 20 2273 519 232 232 143 126
666 Carl Leggo 23 2265 244 234 151 119 98
667 Nicolas Feau 22 2262 396 296 276 147 145
668 Colin Campbell 21 2251 320 224 203 174 172
669 Rachel Murphy 22 2244 575 236 175 171 80
670 Sathish Gopalakrishnan 24 2238 415 226 160 142 102
671 Laura Hurd Clarke 23 2241 231 190 188 134 130
672 Barbara Dancygier 21 2222 399 330 330 187 146
673 Amir Ali Sepehry 21 2220 792 131 116 111 108
674 Patricia Birch 22 2206 384 305 177 123 113
675 Kees van den Doel 25 2206 354 239 156 127 95
676 Nancy Heckman 15 2206 503 404 390 261 127
677 Jeffrey B Joy 17 2206 1150 173 119 111 80
678 Anna Celler 26 2201 105 87 79 67 65
679 G Lawrence 28 2195 275 143 89 74 62
680 Christopher McLeod 16 2197 1049 234 150 118 99
681 Mike Chiasson 19 2198 300 247 200 165 122
682 Susan Birch 19 2194 401 341 279 208 160
683 David Dixon 25 2196 179 116 108 100 95
684 Victoria Savalei 22 2191 664 187 127 123 112
685 David M Garner 27 2166 129 100 95 83 73
686 Kristin Laurin 17 2178 589 331 167 167 144
687 S. Thomas McCormick 25 2175 327 168 158 135 113
688 Greg Garrard 15 2179 1535 1499 1192 1189 92
689 Jennifer Bryan 19 2174 459 353 172 158 153
690 Gerald G Singh 9 2172 1006 896 151 23 17
691 David A. S. Rosen 27 2171 175 164 98 92 80
692 Rafeef Garbi (née Abugharbieh) 26 2156 101 95 77 74 61
693 Hannah Wittman 23 2164 303 216 149 133 107
694 Karthik Pattabiraman 27 2143 360 77 75 67 67
695 Ali Asadi 17 2143 472 327 237 176 167
696 James McCormack 23 2142 200 177 174 167 136
697 Cigdem Eskicioglu 21 2140 286 240 168 156 143
698 Dr. Mads Daugaard 15 2138 852 852 394 117 101
699 Anne Gadermann 19 2133 575 483 132 126 100
700 Mark Holder 21 2125 203 172 144 144 140
701 Dr. Yan-Jie Wang 19 2111 520 382 310 128 70
702 Moshe Rozali 27 2102 267 146 131 108 95
703 Taraneh Sowlati 27 2108 135 132 115 105 97
704 Kasun Hewage 24 2110 248 184 132 120 104
705 Daniel Coombs 26 2095 164 139 121 117 94
706 Susan Holtzman 18 2095 446 445 146 135 122
707 Rachel Pottinger 16 2081 420 355 321 301 94
708 Jerry Spiegel 25 2079 148 132 114 92 88
709 Steven Plotkin 22 2077 220 192 191 157 150
710 Janel Kopp 17 2078 309 292 286 185 183
711 Douglas L. Altshuler 26 2064 246 165 141 117 105
712 Adam Jones 19 2047 567 152 151 143 114
713 Núria Chapinal 26 2050 202 150 133 119 112
714 W. John Braun 19 2032 933 143 71 71 68
715 MD Jahangir Hossain 21 2023 451 175 131 109 92
716 Nancy L. Sin 11 2030 1607 107 106 41 26
717 Dmitri Pechkovsky 22 2020 310 268 198 167 116
718 Lisa Osborne 19 2023 371 348 164 124 116
719 Murray Carlson 13 2011 690 482 353 101 95
720 Hasan Cavusoglu 16 2010 1136 125 93 73 72
721 Pat G Camp 20 2007 288 265 179 159 144
722 M. V. Ramana 22 1984 297 83 76 68 67
723 Wun Chey Sin 20 1980 391 346 143 130 101
724 Marie Tarrant 27 1975 165 141 125 116 116
725 Ma'en Obeidat 18 1971 463 318 305 137 109
726 Lisa Thorson 17 1974 407 370 331 120 100
727 Marc-David L. Seidel 12 1962 523 396 301 300 138
728 Mina Hoorfar 20 1970 360 200 116 84 77
729 Younes alila 23 1961 198 142 125 120 88
730 Jennifer Jakobi 21 1962 307 196 135 134 118
731 Antony Hodgson 25 1960 130 127 106 106 101
732 Simone Diego Castellarin 19 1960 378 365 197 150 137
733 Conny Hsin -Cheng Lin 12 1962 975 424 31 26 22
734 Anthony P. Cheung 23 1952 291 149 148 130 107
735 Edward Hornibrook 24 1949 180 152 146 144 144
736 Sarah Burke 16 1947 993 185 101 90 65
737 Sterett H. Mercer 24 1945 266 233 125 125 117
738 sudip shekhar 18 1937 352 327 269 189 86
739 Mary Elizabeth Jung 23 1934 490 172 114 109 90
740 Andrea Vodermaier 21 1933 382 325 150 149 135
741 Marvin Krank 23 1926 354 158 150 113 108
742 Nigel O'Neil 22 1920 407 272 244 140 84
743 Rebecca M. Todd 22 1924 212 196 115 114 102
744 Brian Klinkenberg 24 1916 253 157 110 109 92
745 Frank Wood 24 1914 172 158 113 98 94
746 M-J S Milloy, PhD 27 1910 195 116 107 83 76
747 Sandra Jarvis-Selinger 18 1909 508 185 123 115 107
748 Silke Appel-Cresswell 13 1913 481 380 305 227 160
749 Michael Russello 27 1906 123 118 96 87 78
750 John J. Priatel 20 1905 282 198 148 144 133
751 Ralph Matthews 23 1894 191 176 132 100 94
752 Frank Lam 23 1884 71 65 53 53 52
753 Y Zhao 19 1884 246 228 159 140 118
754 Frances Chen 18 1862 453 266 207 158 132
755 Cristina M. Caperchione 25 1868 274 177 148 127 71
756 Jordan Tam 8 1865 677 514 235 180 151
757 Paul Hobson 4 1852 1668 104 35 30 4
758 Louis Lefebvre 16 1840 514 497 125 83 81
759 Mary K. Bryson 22 1835 190 167 145 98 89
760 Shannon Kolind 21 1828 245 194 178 167 79
761 Rose-Marie Dechaine 19 1806 605 310 91 76 59
762 Dwayne Tannant 21 1789 253 205 104 63 53
763 TAI-PENG Tsai 24 1786 154 153 113 104 91
764 Dan Bizzotto 24 1772 158 113 108 101 96
765 Kurt Andrew Grimm 19 1766 396 199 121 119 100
766 Leah P. Macfadyen 18 1769 599 205 146 112 68
767 Mark S. Johnson 24 1764 147 135 130 105 104
768 Alison Taylor 22 1759 158 105 89 71 53
769 Chad W. Sinclair 27 1766 154 150 108 81 71
770 Keekyoung Kim 18 1763 318 257 216 142 99
771 Chinten James Lim 18 1742 418 235 183 154 109
772 Richard Klukas 19 1738 292 163 143 118 83
773 John E Lloyd 24 1740 239 86 84 84 84
774 Tony Mason 10 1739 748 389 329 68 39
775 Stefan A Reinsberg 20 1728 215 209 180 173 121
776 V LeMay 21 1732 198 108 107 96 93
777 Tsur Somerville 15 1724 467 254 253 98 84
778 Judith Lynam 20 1724 270 139 107 97 95
779 Taylor Owen 17 1723 334 300 135 113 113
780 Kishore Mulpuri 23 1714 119 97 87 72 68
781 David B Tindall 17 1709 328 223 193 148 139
782 Christopher B. Fordyce 12 1709 592 519 147 67 44
783 Parambath, Anilkumar 20 1703 369 153 146 126 77
784 Eric Accili 23 1700 276 129 115 83 81
785 John Barker 18 1700 539 165 125 93 84
786 Soren Gantt 21 1692 275 239 156 110 89
787 Helen Novak Lauscher 13 1689 508 403 277 115 86
788 Philip H. Austin 20 1683 228 150 126 122 110
789 Nader Fallah 21 1679 136 127 98 91 91
790 W. Kendal Bushe 25 1676 157 141 105 85 67
791 Leslie  G Roman 16 1674 286 210 149 114 104
792 Lin Xu 14 1674 634 194 125 123 122
793 James B. Carrell 18 1667 507 395 141 104 62
794 Deborah Roberts 20 1662 323 152 127 120 89
795 Leila M. Harris 22 1660 146 146 123 112 112
796 Xiaonan Lu 24 1664 135 113 107 70 68
797 Michael Law 22 1659 175 162 138 93 68
798 Michael Blake 18 1650 472 154 95 92 89
799 M. Shahria Alam 22 1668 132 119 108 95 65
800 Karen E. Hodges 20 1657 534 130 108 87 69
801 Angela Redish 22 1648 170 125 107 107 107
802 Stephen Petrina 23 1643 175 119 111 108 106
803 Tania Lam 25 1642 161 153 99 85 77
804 Dana J. Vanier 21 1633 234 84 73 65 61
805 Anthony Pare 22 1625 228 191 128 113 111
806 Alison Phinney 20 1628 236 191 132 130 111
807 Wendy Roth 15 1624 597 227 186 166 83
808 Patricia (Paddy) Rodney 20 1627 138 114 97 97 90
809 Sima Allahverdian 16 1620 526 196 126 108 97
810 Susan Allen 22 1612 167 156 151 112 85
811 Carson Woo 19 1602 214 157 126 113 106
812 Jiaying Zhao 13 1591 961 163 80 65 48
813 Berube Pierre R. 19 1585 182 129 90 74 74
814 Sheryl Staub-French 22 1582 171 130 86 74 65
815 Elaine Kingwell 17 1582 251 246 122 109 103
816 Mari L. DeMarco 17 1575 319 255 133 112 88
817 Maura MacPhee 22 1576 201 146 106 95 85
818 Barbara Arneil 15 1575 424 294 196 121 100
819 Jim Anderson 23 1575 118 105 75 73 68
820 A. Cole Burton 17 1572 498 194 153 97 81
821 Chunsheng Zhu 20 1570 124 119 92 69 66
822 Gage Averill 14 1563 630 238 225 87 47
823 Pedram Samadi 9 1567 685 390 128 88 83
824 Athena McKown 18 1550 206 157 129 127 120
825 Mike Meitner 17 1543 351 302 127 100 56
826 Lael Parrott 23 1543 87 82 78 67 63
827 Martin Guhn 16 1544 575 146 72 70 67
828 Dutch T. Meyer 9 1544 694 470 157 58 47
829 Shuo Tang 19 1536 191 182 127 94 92
830 Thomas Davidoff 14 1535 606 170 113 101 90
831 Carl Brown 22 1536 146 119 109 107 86
832 Ivan Beschastnikh 20 1540 169 164 145 134 117
833 Dean Giustini 18 1533 392 244 136 83 76
834 Lesley Andres 17 1531 179 124 100 99 97
835 Hiroyuki Kasahara 13 1529 563 411 201 33 31
836 Eva Oberle 15 1535 298 281 186 161 130
837 Carla Hudson Kam 14 1521 452 243 195 131 109
838 Erin Brown 17 1521 319 209 156 134 100
839 Shira Miriam Goldenberg 20 1528 299 299 88 69 55
840 Thanh-Dinh Nguyen 21 1517 304 139 94 74 68
841 Hongshen Ma 20 1503 158 129 112 100 88
842 Christiane Hoppmann 23 1503 126 97 79 67 65
843 Andrea Townson 21 1482 143 129 114 106 70
844 Anthony Lau 20 1477 163 117 108 107 90
845 David W. Edgington 23 1478 92 83 78 56 43
846 James Day 17 1468 321 168 112 93 90
847 Alex Scott 20 1468 230 133 131 124 109
848 Carrie Yodanis 18 1463 267 201 199 111 61
849 Shahrad Rod Rassekh 19 1462 231 231 226 226 161
850 Anthony Wachs 20 1460 145 138 104 102 102
851 Armando Geraldes 18 1458 218 165 111 104 97
852 Amartya Lahiri 21 1452 125 112 106 76 75
853 Jolanta Aleksejuniene 21 1455 168 120 116 99 61
854 Gülnur Birol 15 1447 486 135 119 92 83
855 Leslie Chin 16 1444 795 88 88 74 59
856 Theresa Rogers 20 1441 147 103 101 96 89
857 Woonghee Tim Huh 20 1440 117 101 92 81 74
858 Peter Loewen 18 1438 218 155 107 97 90
859 Rajavel Elango 22 1430 107 98 94 88 75
860 jozsef solymosi 19 1428 146 113 96 93 76
861 Gaston Gordillo 19 1429 181 172 128 104 99
862 Subhashini Vashisth 12 1424 525 294 210 100 66
863 Xu Wang 21 1435 205 140 97 82 77
864 Louise Teh 17 1409 447 176 78 73 56
865 B Dalal 20 1405 219 151 143 66 42
866 Angela Cescon 16 1403 616 111 100 77 54
867 Naznin Virji-Babul 21 1389 193 104 84 68 65
868 Henry E. Siu 14 1385 420 224 184 115 73
869 Txomin Hermosilla 20 1384 104 98 92 87 81
870 saeid Golbidi 18 1378 167 131 121 92 91
871 Babak Shadgan MD, MSc, PhD 18 1376 346 162 124 93 79
872 Pam Arstikaitis 11 1369 379 283 264 126 119
873 Miranda Kirby 19 1369 114 107 81 69 62
874 Mariya Cherkasova 19 1371 167 137 108 103 101
875 Mariana Brussoni 18 1371 127 123 119 105 77
876 Steven Wolfman 15 1364 296 194 144 143 136
877 Kerry Wilbur 19 1366 218 175 109 100 90
878 Conor C.O. Reynolds 20 1351 379 167 84 80 53
879 Billie Velapatino 13 1336 355 275 134 105 86
880 Gary Bull 19 1334 99 90 88 64 60
881 Zach Walsh 21 1332 122 100 87 86 85
882 George Astrakianakis 21 1328 103 73 67 60 59
883 Jim Bryan 18 1320 181 152 134 98 66
884 Lisa McIntosh Sundstrom 13 1313 291 152 151 147 146
885 Bern Klein 18 1313 247 134 71 56 52
886 Faraz Hach 15 1307 248 207 175 109 99
887 Miu Chung Yan （殷妙仲） 20 1306 129 86 82 56 54
888 Cindy K Barha 16 1306 207 112 112 110 98
889 Julia Rubin 18 1308 319 129 87 80 67
890 V Susan Dahinten 18 1302 307 128 120 92 81
891 Yong Gao 16 1301 260 232 202 53 48
892 Mark Harrison 18 1303 233 126 93 85 73
893 Martin Ordonez 19 1302 99 85 85 52 49
894 Joey Bernhardt 11 1297 313 279 151 146 110
895 Edward H. Taylor 13 1296 343 343 269 204 90
896 Steven Talmy 13 1293 260 184 177 159 131
897 Noriko Okamoto 14 1290 320 204 114 112 89
898 Brett Eaton 21 1282 116 113 102 84 79
899 Jason Pither 15 1271 273 171 124 118 103
900 Joanie Sims-Gould 21 1274 378 69 64 44 40
901 Hamidreza Boostanimehr 8 1263 984 117 63 33 18
902 Nathan J. Bennett 17 1268 230 119 118 84 79
903 ian yellowley 18 1255 220 163 110 61 61
904 douglas watt allan 18 1247 148 121 119 102 71
905 Susan van Dyk 15 1252 524 241 77 48 47
906 Kate Smolina 13 1243 297 297 255 198 123
907 Jordan Levine 7 1246 514 235 180 151 117
908 Reza B. Jalili 20 1240 89 76 69 55 53
909 Oscar G Casiro 17 1227 158 157 138 115 94
910 Chunqi Ma 21 1223 106 87 84 83 72
911 Tiffany Lee 13 1222 210 183 161 128 100
912 W.Ben Mortenson 20 1221 147 72 72 68 63
913 Dong Li 21 1219 67 54 49 47 45
914 Matias Salibian Barrera 18 1217 227 194 131 106 52
915 Susan J Wells 20 1212 83 74 73 60 58
916 Homayoun Najjaran 20 1208 65 53 43 41 39
917 Manish Sadarangani 16 1209 188 132 101 94 91
918 Ian G Foulds 18 1204 70 61 52 51 46
919 Hisham Zerriffi 19 1199 143 126 96 91 83
920 Fidel Vila-Rodriguez 14 1198 243 159 132 107 68
921 Ramon Lawrence 17 1189 158 155 85 76 69
922 Joel Kelly 17 1185 140 130 102 90 78
923 Elizeu Santos-Neto 15 1175 175 137 106 87 72
924 Amin Ghaziani 14 1173 310 227 147 140 65
925 Donald Gillies 21 1163 131 102 83 68 66
926 Matthew W. Pennell 17 1161 209 115 110 84 68
927 Mohammad Arjmand 15 1157 202 176 175 74 66
928 AM Matthews (nee Cotton) 16 1155 252 212 90 74 55
929 Feng Jiang 17 1152 196 125 118 91 63
930 Daniel T. Holmes 21 1148 69 66 64 42 37
931 Dr. Noah Silverberg 19 1138 151 105 77 75 71
932 Brian Hunt 18 1135 165 68 62 54 53
933 Miguel Alcaide 20 1132 106 102 98 83 71
934 Jingfu He 15 1129 288 158 155 92 51
935 Peter Zhang 6 1125 742 243 47 44 25
936 Leslie I Grad 15 1124 192 191 133 128 113
937 Bhushan Gopaluni 18 1121 88 83 68 54 47
938 Olga M. Pena 14 1116 198 158 116 116 110
939 Shun Chi 9 1110 698 196 56 45 31
940 Mary Lou Bevier 18 1110 95 74 73 73 72
941 Bernard Laval 17 1106 179 125 50 48 47
942 Andrew Rechnitzer 18 1106 67 66 59 58 55
943 Fred Cutler 15 1105 195 121 120 79 75
944 Dr. Christine M. Tipper 14 1103 258 153 139 88 64
945 Nelly Oelke 13 1101 277 235 107 85 77
946 Christopher Gutiérrez 8 1099 590 202 123 67 42
947 Davide Elmo 19 1096 104 92 84 74 69
948 Anna Lehman 15 1101 204 115 111 76 72
949 Peter Danielson 17 1081 247 99 84 75 65
950 Arnaud Capron 10 1080 436 138 120 105 70
951 Mohamed Elgendi 17 1078 285 98 72 46 37
952 Mohamed H. Zaki 17 1076 110 86 73 43 40
953 Kenny Kwok 19 1073 106 75 46 45 41
954 E. Jane Maxwell 15 1072 171 140 137 110 103
955 Jeanine Rhemtulla 16 1071 140 125 113 98 87
956 Daniel Steel 16 1067 232 164 78 66 53
957 Wade D. Smith 16 1064 277 76 73 72 62
958 Patrick Martone 18 1063 269 100 74 72 55
959 Beth Payne 17 1065 298 69 68 52 49
960 Kurt Huebner 18 1056 236 105 68 50 42
961 Ian Scott 17 1053 269 96 88 83 73
962 Ian welch 19 1052 169 84 79 70 64
963 Paul Yong 17 1055 134 105 65 60 58
964 Edmond Cretu 17 1046 100 70 68 57 36
965 Michael Leaf 17 1049 143 116 102 68 67
966 Joanna Bates 17 1049 113 90 86 82 68
967 Steven Shechter 14 1044 126 120 118 111 80
968 Joelle LeMoult 16 1033 144 131 128 102 90
969 Robin van der Lee 6 1033 485 333 64 61 42
970 Danielle D. van Jaarsveld 14 1027 283 197 124 66 64
971 Gunnar Ólafur Hansson 15 1026 383 98 69 43 39
972 JoAndrea Hoegg 15 1026 235 127 104 88 74
973 Peter van den Elzen 13 1021 339 127 89 58 55
974 Paul Bartha 10 1015 493 158 110 42 34
975 Arn (Arnold) James Schilder 15 1013 134 131 123 115 95
976 James Dunne 16 1013 162 98 90 84 76
977 Christopher Kam 11 1011 385 157 104 87 76
978 Alan Maigne 11 1007 362 180 89 82 72
979 Jennifer L. Black 12 1006 520 126 84 54 40
980 Eric Cytrynbaum 13 1006 231 122 84 81 74
981 Jason Grigg 15 997 132 115 94 91 84
982 Neal Shahidi 13 997 422 218 53 45 38
983 Isabel Grant 13 992 470 42 41 37 26
984 Erin Baines 17 993 178 107 94 79 78
985 Barry Young 13 992 190 144 129 88 85
986 Luanne Freund 18 990 103 70 69 62 60
987 Edward Kruk 16 990 114 106 90 89 69
988 Hongbing Yu 16 987 213 124 115 63 54
989 Kevin M. Smith 17 986 254 71 60 49 46
990 Patrick J McDonald 15 983 164 153 98 86 51
991 Jonathan F. Holzman 17 986 61 46 46 42 38
992 Matthew L Dixon 14 988 287 102 91 82 74
993 Kenneth Hickey 16 980 277 103 78 66 64
994 Ildar Muslukhov 10 977 375 137 111 80 64
995 David R. Boyd 16 972 281 116 116 58 57
996 Alexander Beristain 11 968 541 81 52 51 47
997 Sinikka Elliott 15 965 129 98 95 76 74
998 Paul Russell 15 962 177 158 101 54 32
999 Gabriela V. Cohen Freue 15 959 188 164 110 74 37
1000 Jon Beasley-Murray 13 958 192 76 73 67 62
1001 Geoffrey Winthrop-Young 17 955 179 139 61 49 40
1002 Dan Patton 12 958 232 173 149 120 57
1003 Annalijn I. Conklin 17 955 122 80 80 72 72
1004 Harry Nelson 15 953 178 151 112 51 32
1006 Lewis NCS 19 950 249 70 60 41 40
1007 Kyle Larson 16 961 202 87 79 61 47
1008 Matilde Bombardini 9 949 262 211 138 104 90
1009 Scott Covey 15 945 210 176 82 69 59
1010 CarriAyne Jones 14 948 152 115 112 93 89
1011 Jongho Lee 12 942 346 97 74 72 71
1012 Sean Smukler 14 938 150 140 109 105 78
1013 bob lalonde 18 938 144 93 67 55 51
1014 Guangrui Xia 14 935 315 162 35 35 31
1015 Denise Ferreira da Silva 12 932 372 99 96 84 63
1016 Charles Menzies 14 927 190 143 102 69 52
1017 Robert Baird 18 927 49 45 44 43 43
1018 Allison Watts 14 928 181 176 78 69 60
1019 Robert E C Sparks 15 923 249 90 88 61 38
1020 Philipp F. Lange 14 919 256 80 73 65 59
1021 Alejandro Rojas W. 14 920 192 103 88 86 39
1022 Klaske van Heusden 13 919 231 120 120 63 53
1023 Darlene Taylor 16 929 197 99 69 61 59
1024 Amy Scott Metcalfe 17 916 97 87 64 54 53
1025 Warren Hare 17 911 84 76 75 60 42
1026 frank tester 13 909 316 103 96 66 29
1027 Anita Ho, PhD, MPH 15 908 176 127 98 86 50
1028 Gabe Fung 14 906 267 92 79 75 72
1029 Michael A. Seidman 11 905 187 125 117 93 89
1030 Carol McAusland 16 906 147 133 91 72 65
1031 Harish Krishnan 12 901 520 68 63 58 50
1032 Jennifer Baumbusch 15 899 180 68 66 57 54
1033 Mohsen Yaghoubi 8 913 592 104 48 43 35
1034 T.Y. Yang 13 901 336 102 67 47 45
1035 P Taylor Webb 17 892 103 93 68 59 51
1036 David J. Hardisty 10 890 263 246 82 79 72
1037 Muhammad Abdul-Mageed 12 894 187 179 104 78 56
1038 Peiyoong Lam 9 888 332 244 86 67 60
1039 Shing Hei Zhan 12 890 235 139 115 93 77
1040 Jill E Jankowski 12 886 152 145 109 100 76
1041 Katie E Marshall 18 885 129 76 72 70 68
1042 Pilar Riaño-Alcalá 15 881 160 116 105 104 53
1043 Pierre Walter 17 882 128 71 70 48 48
1044 Edouard Asselin 16 881 82 69 52 47 44
1045 Jonathan Jenkins Ichikawa 15 871 194 90 73 67 55
1046 Francois Mayer 6 866 638 100 58 42 10
1047 Ipek Oruc 15 865 198 88 87 75 60
1048 Lisa P. Nathan 15 865 85 78 77 71 58
1049 Ryozo Nagamune 17 863 89 54 49 47 37
1050 Michael VanInsberghe 6 860 335 235 185 63 25
1051 George Belliveau 18 862 74 69 52 49 35
1052 Carrie Ichikawa Jenkins 16 860 144 87 80 51 41
1053 Alan M. Jacobs 13 861 180 97 88 85 74
1054 Meaghan Jones 16 859 206 74 62 53 45
1055 Richard Merchant 13 853 145 142 123 116 106
1056 Christopher I Murray 13 851 139 129 124 87 60
1057 Alan Wagner 16 847 94 71 65 42 42
1058 Margery Fee 14 848 92 80 76 73 72
1059 Thomas Tannert 16 841 74 74 74 74 47
1060 Jack Favilukis 10 846 362 107 102 99 63
1061 Martino Tran 13 841 125 119 96 90 79
1062 Abel Rosado 18 835 132 78 57 57 56
1063 Catherine Corrigall-Brown 13 834 165 135 130 57 57
1064 Ning Nan 12 835 169 127 92 85 74
1065 Neta Sal-Man 15 831 104 104 90 90 71
1066 Jan Cioe 13 824 95 94 85 83 82
1067 Devon Greyson 13 821 266 137 73 38 33
1068 Mieszko Lis 16 821 109 65 64 54 54
1069 Gina L. Conte 7 819 379 179 125 51 38
1070 Wesley Zandberg 13 816 162 117 83 83 82
1071 Marc Tadaki 11 828 237 110 92 57 57
1072 Lucy Marzban 15 816 141 99 85 53 51
1073 Chen Feng (冯宸) 12 814 210 109 97 78 70
1074 Grant Charles 16 812 89 65 50 39 34
1075 Matilda van den Bosch OR Matilda Annerstedt OR Matilda Annerstedt van den Bosch 11 815 205 130 121 116 66
1076 Jennifer Lee 6 809 669 59 41 12 10
1077 Janet Atkinson-Grosjean 13 810 128 108 107 57 51
1078 Paula Duarte-Guterman 16 809 121 100 97 60 50
1079 Martin Kolisko 15 811 193 81 69 64 43
1080 Brian H Dalton 16 807 86 62 61 58 55
1081 Shan Du 9 807 361 203 69 37 32
1082 Y. Christine Chen 12 803 363 52 42 39 35
1083 Jacquelyn Cragg 11 799 139 127 103 90 83
1084 Niels W. Hanson 10 798 182 161 131 90 60
1085 Glenn J Landry 14 787 174 115 68 65 51
1086 Miriam Spering 16 783 103 80 59 55 46
1087 Mahdi Taiebat 14 787 138 80 52 52 44
1088 Jane Lister 12 788 161 142 107 61 56
1089 Cristie Ford 12 782 247 85 83 74 66
1090 Yves Lucet 15 783 80 76 65 65 59
1091 Charlis Raineki 16 786 120 103 62 60 51
1092 Aaron Berndsen 12 780 148 97 80 77 69
1093 Shahab Bahrami 15 784 92 74 71 71 65
1094 Han Yun 14 785 140 97 63 55 53
1095 Tara Klassen 9 777 230 201 139 45 26
1097 Hongbin Zhang 16 774 95 79 73 71 56
1098 Chris Payne 14 769 193 77 70 62 62
1099 Jianghong Peng 13 771 270 91 72 66 61
1100 Qixiang Pang 14 764 119 102 77 76 74
1101 Darlene Taylor 15 768 197 69 59 41 39
1102 Yi Qian 13 760 335 99 46 30 30
1103 David Cohen 15 759 64 64 61 41 39
1104 Suresh Nimmagadda 19 757 76 63 63 51 39
1105 Linoj Kumar, PhD 13 756 229 93 73 72 46
1106 Susan A. Small 13 755 94 88 83 69 64
1107 Vanessa Strike 9 756 443 90 43 36 35
1109 Rachelle Hole 13 754 182 128 76 70 56
1110 Claudia Krebs 11 751 168 161 126 118 25
1111 Sandra B. Lauck 11 750 288 73 44 42 40
1112 Tayler Hetherington 8 751 368 120 89 49 36
1113 Rosemin Kassam 16 747 133 100 67 50 40
1114 Shannon Hagerman 13 742 141 86 74 59 49
1115 Ronald Garcia 13 743 220 87 62 46 40
1116 Emina Krcmar 14 744 93 86 82 72 69
1117 Syam Prakash Somasekharan 8 745 294 204 73 52 41
1118 Erin E. Gill 11 740 148 119 113 97 73
1119 Slade A Loutet 13 738 120 116 80 69 68
1120 Jisun Kim 8 736 503 106 72 10 10
1121 Brianne Kent 15 734 132 89 58 57 50
1122 Jennifer L. Williams 14 730 163 86 68 62 54
1123 Marina Litinskaya 11 732 226 189 69 43 35
1124 Matthew M. Gervais 9 732 415 91 59 41 39
1125 Mike Evans 14 722 128 127 112 44 38
1126 Paul Shipley 12 724 162 135 85 67 41
1127 Patrick L Thompson 14 722 127 120 90 85 46
1128 Claudia Ruitenberg 16 717 109 62 48 48 41
1129 Andrés M. Cisneros-Montemayor 12 719 116 103 98 86 81
1130 Marius Roesti 10 715 186 89 81 81 69
1131 Alireza Hojjati 15 714 145 64 54 54 51
1132 Geertje Boschma 15 711 118 47 43 41 40
1133 James Vercammen 14 709 146 60 43 42 37
1134 S. van Willigenburg 14 706 75 72 59 49 47
1135 Jon Corbett 13 707 119 112 57 54 47
1136 Sara Shneiderman 15 703 83 78 58 50 41
1137 Fereshteh Didegah 12 701 159 118 102 70 31
1138 iTAG UBC 17 697 82 59 46 46 39
1139 Isaac T. S. Li 11 698 126 126 108 61 45
1140 Aaron A Phillips 15 696 57 54 51 32 31
1141 Xudong Dong 15 694 91 72 60 59 55
1142 Naoji Yubuki 15 693 130 51 43 39 39
1143 Oriol Fornes 9 697 460 62 61 30 24
1144 Erin Buckels 6 699 404 161 61 28 26
1145 Sylvia Heredia 10 692 168 138 92 79 72
1146 Gabriel Reygondeau 15 694 104 74 64 56 41
1147 Mark Rheault 15 693 159 92 66 45 44
1148 Jonathan P May 12 689 148 122 71 58 40
1149 Stephen P Adams 11 688 151 108 101 74 68
1150 Wei Cheng 12 689 207 80 59 57 57
1151 David James Levy-Booth 10 685 242 90 61 54 50
1152 Syed Hussain Ali 11 687 249 109 46 37 23
1153 Mario Beaudoin 10 682 158 158 149 65 48
1154 Sylvia Fuller 13 681 142 117 58 56 52
1155 Elizabeth J Kleynhans 6 685 389 104 100 56 15
1156 Seth Abrutyn 15 686 68 68 67 56 49
1157 Matthieu BOISGONTIER 15 677 115 55 46 39 38
1158 Lorienne Jenstad 13 676 93 83 80 69 56
1159 Sunny Ri Li 13 675 172 87 53 44 40
1160 Nathaniel Bell 13 670 150 58 50 44 40
1161 Adam T. Ford 16 674 72 66 57 56 48
1162 Hadi Mohammadi, PhD, PEng 14 669 111 87 38 37 31
1163 Eric Meyers 12 670 104 102 57 57 54
1164 Rajat Panwar 15 663 165 49 48 40 30
1165 Spencer D. Martin, PhD. 7 663 278 139 87 49 42
1166 Guiping Liu 12 662 164 87 72 47 35
1167 Kenneth J Chau 12 659 207 64 61 31 30
1168 Emily Huddart Kennedy 11 658 221 112 72 35 30
1169 Jérôme Robert 10 656 345 101 45 38 23
1170 D Beccano-Kelly 11 657 160 88 76 76 54
1171 Anas Chaaban 13 652 52 41 37 31 28
1172 Jenny Li Zhang 9 650 317 112 73 29 23
1173 Michael Gelbart 9 648 316 85 66 61 34
1174 MD Hossain 13 644 81 77 59 47 37
1175 Denise Laronde 9 641 184 174 100 57 26
1176 Juli Carrillo 12 639 150 98 67 62 46
1177 Lucy Porritt 13 636 140 67 58 46 43
1178 Vikramaditya G. Yadav 7 634 268 221 65 21 19
1179 Janette Bulkan 13 642 220 25 23 23 22
1180 Robert Belton 6 632 466 68 26 23 14
1181 Farshid Garmaroudi 10 631 203 112 107 66 30
1182 Philip G. D. Matthews 15 623 61 49 47 44 39
1184 Chris Rider 12 620 119 57 57 56 52
1185 Clara Westwell-Roper 12 621 129 78 77 75 46
1186 Joss Ives 7 616 255 245 46 22 10
1187 Elizabeth Rideout 8 613 178 131 124 65 55
1188 Angela Auriat 14 611 101 83 49 49 45
1189 Edward Pokrishevsky 6 612 192 191 128 56 24
1190 Adam Saunders 7 612 487 28 26 15 11
1191 Renisa Mawani 14 610 166 57 40 37 31
1192 Kirsten Wolthers 13 610 120 65 54 43 42
1193 Eliana Gonzales-Vigil 10 608 161 131 77 47 38
1194 Mathias Schuetz 9 610 189 120 78 63 56
1195 Chih-ho Hong 9 610 258 91 75 40 39
1196 Patrick Kirchen 15 606 95 63 48 42 33
1197 Jan Bena 9 605 326 55 55 43 42
1198 Rudolf Seethaler 14 604 82 61 40 37 33
1199 Mario Brondani 15 605 69 52 44 32 30
1200 Darko Odic 13 600 125 117 57 42 39
1201 Antje Ellermann 9 595 167 116 88 85 48
1202 Jonathan Smirl - Post Doctoral Fellow 10 595 227 82 62 39 32
1203 Mona Gleason 12 592 200 83 41 35 29
1204 Franco De Angelis 13 590 108 81 71 38 33
1205 Jan Manuch 13 588 33 28 28 27 21
1206 Catherine A Schuppli 16 593 68 53 50 43 37
1207 Ruth Elwood Martin 13 589 86 70 52 39 30
1208 Paul Schrimpf 8 586 254 112 85 35 21
1209 W. Stephen McNeil 16 585 116 42 41 31 30
1210 Sean Michaletz 11 584 129 86 59 49 41
1211 Ali Lazrak 11 583 86 79 66 61 61
1212 Rachel Simister, Rachel L Simister 10 581 163 93 89 49 43
1213 Sarah Harper 9 582 116 104 94 72 43
1214 Fuchsia Howard 14 580 55 50 44 42 39
1215 Catherine Rawn 7 580 314 120 53 34 25
1216 Amy Huei-Yi Lee 8 577 270 103 59 58 35
1217 Siddharth Vora 9 573 196 68 66 58 57
1218 Svetlana Brzev 14 575 95 49 40 38 37
1219 Mark Turin 12 574 83 53 40 34 34
1220 Kyle Demes 8 570 312 59 52 45 21
1221 Nicolas Estrade 9 568 176 101 65 51 47
1222 Leyton Schnellert 12 567 168 97 44 30 25
1223 Elia Razzoli 14 568 100 67 67 65 46
1224 Holli-Anne Passmore 11 568 249 76 40 39 32
1225 Bo Gong 8 565 135 113 89 57 52
1226 Jillianne Code 10 560 169 107 38 34 30
1227 Hu Fu 14 561 91 62 55 52 49
1228 Suzanne Hetzel Campbell 10 558 118 88 82 82 80
1229 James Gregson 11 555 117 98 81 54 45
1231 Georgios Skoulakis 11 551 79 77 66 56 52
1232 Heather L. Gainforth 13 550 173 36 25 23 23
1233 Susan Gerofsky 12 548 181 59 46 41 23
1234 Dyhia Belhabib 11 547 116 68 31 26 20
1235 Chen Wenjia 12 547 133 116 40 39 32
1236 Vicky Bungay 14 544 101 50 44 37 28
1237 Kathleen Currie Hall 13 542 91 85 53 44 40
1238 Young-Heon Kim 13 541 113 61 56 49 36
1239 Meeta Mistry 7 543 191 169 58 52 38
1240 Sumeet Gulati 10 540 176 65 41 31 30
1241 Amy Hanser 11 543 162 96 63 43 28
1242 Elizabeth Nethery 9 538 155 99 72 68 37
1243 Stacey (Foti) Herzer 8 541 151 102 92 61 53
1244 Marina Milner-Bolotin 12 538 50 44 42 39 35
1245 Cristina Rodríguez-Rodríguez 10 536 167 119 64 58 20
1246 Marc White 11 533 106 65 56 41 38
1247 Liwei Wang 13 532 73 67 61 48 37
1248 Jenny Chu 5 530 430 34 26 25 12
1249 Robin Repta 7 530 253 122 56 24 21
1250 Eugene Barsky 9 528 212 76 72 51 30
1251 Christopher Mole 11 528 108 102 85 36 26
1252 Mohammad H. Zarifi 13 531 36 30 26 26 25
1253 Guillaume Lamour 11 527 111 94 54 46 37
1254 Ahmed Ballo 14 528 68 64 50 37 36
1255 Joanna L Kelm 9 524 179 114 54 46 42
1256 Mark Stevens 12 522 58 57 55 52 50
1257 John Howie 13 518 59 59 35 33 33
1258 Tom Carruthers 10 515 123 99 47 40 34
1259 Rob Whitwell 12 515 95 76 45 34 30
1260 Nikolay Stoynov 13 514 81 63 52 44 42
1261 Peyman TalebiFard 12 512 68 68 45 40 34
1262 M. Marit Rehavi 8 512 134 113 80 63 46
1263 Reza Zahiri Azar 10 512 171 52 42 36 34
1264 C Elizabeth Hirsh 8 515 108 91 90 85 63
1265 Frederic Menard 11 510 76 70 63 58 45
1266 steven v. weijs 12 509 107 73 49 48 39
1267 Wendy V. Norman 11 507 137 43 38 31 29
1268 Julie M Robillard 10 508 179 74 69 61 19
1269 Verena Griess 12 506 75 71 52 50 38
1270 Duong Tung Nguyen 8 505 116 114 110 50 39
1271 Jennifer L Rowland 7 506 160 121 69 58 56
1272 Felix Haehl 13 505 62 50 46 46 36
1273 Lisa Ang 8 498 127 101 93 55 54
1274 Martha  Mackay 12 499 85 75 68 41 33
1275 Andrew Martindale 15 497 40 40 34 33 28
1276 Mauricio Drelichman 12 495 87 71 61 46 45
1277 Pak Sui Lam 11 496 125 82 47 30 29
1278 Nguyen Lam 13 495 75 53 47 43 31
1279 Carolin Pflueger 9 497 118 117 106 48 34
1280 Matthew Mitchell 8 496 167 105 67 41 27
1281 Lufiani L. Madilao 8 491 240 67 53 39 34
1282 Mohammad Mahdavi Mazdeh 9 489 187 80 52 23 20
1283 Thomas Johnson 12 490 123 59 38 31 25
1284 Sarah Dobson 11 488 96 76 65 47 27
1285 Thalia Field 14 495 79 52 48 36 30
1286 Guangji Hu 7 488 318 54 33 20 12
1287 Greg Martin 13 486 61 48 36 33 31
1288 Hamed Ahmadi 13 486 65 53 48 45 43
1289 Maria Holuszko 7 487 247 56 48 27 20
1290 Heather Armstrong, PhD 8 489 240 53 37 34 29
1291 Sahba Talebi Fard (TalebiFard) 11 489 78 64 58 55 40
1292 Penny Gurstein 10 484 87 58 46 45 37
1293 Kevin Heyries 9 482 185 86 63 40 24
1294 Gholamreza Naser 10 484 254 19 16 15 14
1295 Burak Ogan Mancarci 4 483 446 22 9 6 0
1296 Dana Grecov 13 481 62 32 31 28 26
1297 Nathanael Lauster 10 481 108 63 54 54 52
1298 A. Andrew M. MacDonald 8 481 226 100 46 31 20
1299 Zehua Wang 10 480 158 69 44 44 31
1300 Matthew Bennett 13 480 48 47 31 31 27
1301 Anna J Meredith, PhD 12 479 108 74 37 36 36
1302 Minhee Kim 13 477 129 44 42 39 31
1303 Marie Auger-Méthé 11 474 160 81 34 24 22
1304 San-Tsai Sun 9 473 151 80 68 50 24
1305 Phil Schauer 13 471 89 41 40 36 34
1306 Mani Roshan Moniri 10 470 112 57 52 49 37
1307 Susan Frohlick 15 470 66 47 40 36 31
1308 Kamyar Keramatian 6 469 146 91 84 57 47
1309 Michelle Stack 9 468 167 88 83 29 21
1310 Paul Cocker 9 466 80 78 62 56 55
1311 Scott Dunbar 13 466 42 37 31 26 25
1312 Wei Cai 13 464 49 48 47 27 26
1313 Gholamreza Safaee Ardekani 11 460 159 50 39 38 28
1314 Zhiming Xiao 10 460 117 116 96 20 16
1315 Ahmad Rteil 13 459 86 78 48 27 25
1316 Andrea Norris 9 460 139 100 71 34 26
1317 Hasen Nicanfar 12 457 71 65 52 48 34
1318 Daniel Randles 8 459 164 66 64 61 45
1319 Ryan McNeil 13 459 38 33 33 32 31
1320 Amin Milani Fard 12 455 72 59 33 32 31
1321 Janine Copp 14 453 65 59 43 31 31
1322 Tyson Brochu 8 451 113 87 74 69 39
1323 Sancho McCann 5 451 189 175 49 17 17
1324 Britt Drogemoller 10 451 111 63 44 40 31
1325 Gerwin Damberg 12 449 81 54 34 34 34
1326 mohammad ghadir Khoshkholgh 8 449 181 49 44 42 19
1327 mohammad karamouzian 13 452 53 31 25 22 20
1328 Hoens AM 11 449 109 44 38 33 32
1329 Shazhan Amed 10 443 151 63 53 26 24
1330 Kyungchul Song 10 442 110 57 55 28 26
1331 Mona Erfani 7 446 201 113 47 27 15
1332 Gordon Christie 11 440 76 60 52 50 27
1333 Antoine Blanc 5 439 211 147 54 15 9
1334 Sheila Turris 11 437 111 31 30 29 27
1335 Parisa Asghari 9 437 100 76 44 43 41
1336 Jonathan Rolland 7 436 155 87 60 41 32
1337 Roberto Licandeo 11 436 63 43 42 40 36
1338 Julie Lee-Yaw 7 435 106 97 86 76 37
1339 Azadeh Nilghaz 11 438 121 61 43 34 24
1340 Ahmed ElTantawy 4 435 368 29 21 7 4
1341 Ambreen Nisar 6 434 219 102 26 24 21
1342 Mostafa Masnadi 10 431 90 76 64 39 39
1343 Kyong Yoon 9 432 144 60 40 32 19
1344 Pankaj A Agarwal 12 433 123 27 21 16 16
1345 Sophie Tremblay 8 428 243 49 34 31 28
1346 Tara D Klassen 6 426 235 92 39 24 21
1347 Leonora Angeles 13 426 38 37 33 29 28
1348 Shelly Ben-David 11 425 103 54 38 29 28
1349 Justin Whitehill 12 423 96 52 47 37 33
1350 Filip Husník 7 423 217 59 55 27 19
1351 Bimal Lakhani 14 421 85 39 38 35 23
1352 Zhichun Jing 12 421 45 39 34 31 28
1353 Shannon Walsh 11 419 55 55 48 34 32
1354 Tegan Haslam 9 418 126 88 79 34 25
1355 Isabel Marques 12 418 65 50 39 25 21
1356 Sina Chiniforoosh 9 418 189 60 24 15 15
1358 Bowen Hui 7 414 123 112 60 42 26
1359 Parvin Bolourani 9 411 164 70 36 31 28
1360 Stefanie Vogt 10 410 112 46 45 45 36
1361 Brian Lam 9 410 90 75 68 57 50
1362 Lisa M. McEwen 9 408 166 45 35 33 29
1363 Brandon S. Sheffield 11 406 55 52 49 37 28
1364 Hao Zhang 8 404 104 65 58 50 46
1365 Christian Beaudrie 8 403 178 71 51 35 20
1366 Douglas C Harris 8 400 168 74 48 31 22
1367 Mary Lynn Young 8 400 175 56 54 26 24
1368 Cara Haney 7 404 146 80 66 56 28
1369 Victoria L. Lemieux 11 400 55 32 23 20 19
1371 Ning Wang 11 397 67 60 60 25 24
1372 Mahmood Ebadian 9 394 64 61 57 53 51
1373 Najmeh Tavassoli 12 392 73 42 40 28 26
1375 Nicola C Anderson 8 392 176 59 45 35 22
1376 Sian Echard 11 390 69 53 44 42 30
1377 Madhavan Chalat 7 392 114 95 57 42 35
1378 James Grayson 7 389 201 54 30 26 25
1380 Laura Vang Rasmussen 13 389 48 29 29 28 28
1381 Ron Darvin 6 390 219 52 52 30 18
1382 Jeffrey L. Andrews 8 382 94 91 61 53 38
1383 Peter Axerio-Cilies 9 383 81 52 50 47 46
1384 Daisie Huang 8 384 177 48 41 29 28
1385 Amir Mehdi Dehkhoda 7 381 181 80 49 27 21
1386 Gwynn Elfring 11 380 80 43 28 27 25
1387 Katrina Cook 12 380 48 38 31 31 30
1388 Eagle Glassheim 8 379 147 52 52 47 16
1389 April Lussier 10 377 61 49 46 45 42
1390 Marion Doull 12 376 72 38 34 29 25
1391 Martha Nelson-Flower 11 374 60 47 45 32 28
1392 Sanghoon Lee 7 372 104 63 57 40 32
1393 Sarah E Victor 6 371 127 62 56 46 43
1394 Mohammad Ehsanul Karim 7 370 246 20 16 13 12
1395 Alexander Bigazzi 9 377 54 38 34 28 23
1396 Robert Janke 6 369 238 41 36 16 12
1398 Jake Bobowski 9 369 85 59 43 38 38
1399 Navid Zobeiry 10 361 53 53 34 32 23
1400 Adi Steif 6 366 295 25 14 11 9
1402 Zeqin Lu 11 369 53 41 34 27 22
1403 Lindsey Richardson, D.Phil. 11 362 42 40 36 34 32
1404 Niousha Bolandzadeh 9 362 139 79 40 32 20
1405 Verena Strehlau 9 361 66 51 40 32 31
1406 Dr. Dragoş M. Vasilescu 10 361 68 45 40 28 27
1407 Basia Pakula 10 360 103 73 44 26 17
1408 Monique Bournot-Trites 10 359 81 55 30 26 22
1409 Paul Teehan 6 358 189 53 48 24 21
1410 Craig Nichol 10 358 50 49 42 32 27
1411 Sarah Hunt 10 360 101 46 41 29 16
1413 Ivana Zelenika 7 356 196 42 40 24 23
1415 Jeong Eun Min 12 357 52 45 34 23 22
1416 Evgeniy Panzhinskiy 11 352 52 47 46 42 34
1417 Pooyan Fazli 8 350 185 32 28 26 22
1418 Danya Fast 9 351 65 57 51 47 42
1419 Maryam Azimi 6 351 273 22 20 16 7
1420 Sandra Irmisch 11 350 53 50 46 38 31
1421 Vadim Marmer 9 347 72 56 47 38 29
1422 Shaylih Muehlmann 9 346 69 51 47 40 35
1423 Matthieu Vanni 10 343 93 58 30 24 23
1424 Caterina Ramogida 8 343 106 70 43 32 23
1425 Mary Chapman 7 343 182 50 17 14 14
1426 Roxana Geoffrion 11 344 37 34 30 29 26
1427 Fengtao (Feng-Tao) Shi 11 343 84 84 84 43 39
1428 Mohammad Ahmad Javaid 7 342 210 54 20 18 14
1429 Madison Bolger-Munro 4 342 224 61 61 49 7
1430 Christopher Rea 8 344 236 228 16 10 10
1431 Giona Matasci 7 340 179 44 36 22 20
1432 Matthijs Smit 11 343 55 49 45 33 27
1433 Daniel Pletzer 11 340 65 34 34 20 18
1434 Mike Berger 10 341 129 44 34 22 21
1435 Katharina Coleman 5 338 199 52 27 23 22
1436 Désirée R. Seib 5 339 169 101 39 15 14
1437 Mahdi Takaffoli 8 338 76 68 51 42 33
1438 Xiaoliang Jin 7 336 95 79 59 46 15
1439 Candice Rideout 6 334 138 58 47 42 36
1440 Mahdi Mobini 6 332 95 63 58 37 36
1441 Matthew S. Bedke 10 335 65 43 43 33 30
1442 Giulia M Muraca 9 332 86 80 62 17 12
1443 Cesi Cruz 10 332 53 45 42 33 29
1444 Pei Lee 11 329 63 48 47 34 32
1445 Dana Miller 8 328 111 64 50 21 18
1446 Caitlin Mills 12 336 31 30 27 23 21
1447 Aimee Lee Houde 10 327 67 42 33 32 27
1448 Karla Williams 9 324 71 68 43 38 33
1449 Kendric Wang 8 322 96 64 54 37 28
1450 Nathan B Furey 11 321 64 57 31 19 17
1452 Bianca N.I. Eskelson 8 320 108 54 33 23 15
1453 Marianne McTavish 10 318 65 55 45 34 22
1454 Maodi Hu 8 317 83 53 42 37 36
1455 Benjamin Perrin 10 317 55 35 27 27 18
1456 Eddie Hung 12 317 42 36 33 23 23
1457 Elisabeth Hehenberger 7 316 134 94 28 22 12
1458 Josh Zahl 9 313 62 51 40 32 25
1460 Behnam Faraji 8 312 92 62 41 27 24
1462 Julie Nutini 5 314 89 86 84 37 7
1463 Maged Senbel 8 312 139 39 26 16 11
1464 Peng Zhang 10 312 61 51 33 24 24
1465 Sarah Rastkar 7 310 121 59 59 30 13
1466 Robert Godin 8 311 68 57 49 26 26
1467 Wang Siyun 9 308 102 47 28 24 15
1468 Michael A. Skinnider 8 307 93 44 36 35 30
1469 S. Alireza Bagherzadeh 8 306 67 49 47 30 29
1470 Emil K Gustavsson 7 308 160 45 23 21 19
1472 Hossein Beygi 5 305 219 20 16 12 5
1473 Paul Hans Robert Orth 11 303 33 33 32 31 31
1474 Douglas K Bolton 7 304 165 40 23 17 17
1475 Wai Hang Cheng 9 304 66 54 40 38 27
1476 Ulrike Lambertz 6 303 80 61 53 46 42
1477 Rukhsana Ruby 10 302 87 33 26 19 16
1478 Mani Malek Esmaeili 6 300 141 43 38 26 21
1479 Monika Gorzelak 8 300 63 52 46 46 41
1481 Moein Manbachi 9 298 69 32 21 19 17
1482 Sven Bachmann 10 296 81 52 17 17 15
1483 Nathaniel Sharp 11 295 56 55 49 27 24
1484 Ismaeil Fazel 7 295 135 63 28 20 18
1485 Søs Skovsø 8 294 139 42 38 27 12
1487 Benjamin Freeman 9 292 97 18 17 16 13
1488 Judith (Jude) Walker 7 292 64 51 40 36 16
1489 Chinmaya Mahapatra 5 294 144 92 20 11 11
1490 Laura Nimmon 11 290 44 38 26 24 21
1491 Pirmin Nietlisbach 10 290 72 45 31 31 31
1492 Vittorio Boscaro 10 295 43 43 32 27 26
1493 Ramin S. Sahebjavaher 11 290 53 34 26 23 20
1494 LIU GAOYANG 8 287 102 49 39 28 19
1496 Yang LIU 6 286 164 44 24 21 7
1497 Gene Moo Lee 10 286 47 26 26 23 20
1499 Qiang Fu 傅强 10 283 61 25 24 19 16
1500 Eric Li 5 286 156 156 63 44 8
1501 Sang-Soo Han 7 286 175 23 19 13 12
1502 Benjamin Y Cheung 7 281 166 37 26 19 13
1503 Z. Murat Kilic 6 281 109 66 33 31 17
1504 Crystal Tremblay 9 280 41 39 33 26 20
1506 Rebecca Goulding 10 278 40 40 31 30 29
1507 Desmond McEwan 9 280 51 43 41 30 28
1508 Jesse Tanguay 10 277 50 26 21 19 17
1509 Luke Bergmann 9 278 39 39 37 29 28
1510 Shaolong Feng 9 277 68 53 44 28 23
1511 Obinna Onuaguluchi 8 277 78 51 31 25 24
1512 David Barbic 7 275 107 55 32 25 11
1513 Aron Roxin 7 273 64 62 52 33 24
1514 Catherine Jutzeler 9 277 55 44 26 26 23
1515 Ghasem Naddafzadeh Shirazi 12 272 25 24 22 21 19
1516 Vidhu Sharma 10 272 54 38 31 25 21
1517 Shabnam Mirshokraie 8 272 67 44 43 31 29
1518 Brian McIlroy 9 272 74 34 19 17 15
1519 Jason L. Neva 10 273 47 46 45 17 16
1520 Glen Berseth 7 269 71 50 34 30 19
1522 Nisha Malhotra 7 269 104 22 21 19 12
1523 Tarek Anous 10 269 53 34 30 28 27
1524 Catherine Anderson 4 267 120 72 52 22 1
1525 Xiuhua Li 11 264 27 27 21 20 17
1526 Dalal Al-Abdulrazzak 8 265 86 40 34 32 24
1527 Mollie Chapman 4 267 237 11 8 7 2
1528 Siamak Ravanbakhsh 8 262 82 41 27 21 15
1529 Loïc Markley 8 262 84 30 26 22 21
1530 Adrian Hordyk 7 261 66 59 53 27 14
1531 trevor corneil 5 263 153 49 26 21 6
1532 Mehrbod Estaki 5 261 84 79 37 31 26
1533 Gerald Baier 8 261 96 46 32 21 16
1534 Colin E Moore 4 260 205 22 22 5 4
1535 Jessica Z. Metcalfe 10 260 39 33 33 29 25
1536 Pouya Kamalinejad 7 261 144 22 18 14 11
1537 Arthur Mills 7 258 108 41 26 24 15
1538 Samuel Goodchild 9 256 73 45 33 17 16
1539 Chris Fawcett 10 256 39 37 32 27 25
1540 Jenna van Draanen 4 256 207 16 12 5 4
1542 Asanga Samarakoon 7 253 71 41 39 37 24
1543 Manouchehr Madani Civi, MD, MHSc(c) 7 253 93 41 36 28 22
1544 Linda Vrbova 10 251 42 31 29 29 25
1545 Keith Mewis 6 251 81 50 48 26 21
1546 Alexander Bleck 3 251 212 22 12 3 2
1547 Amrit Singh 9 251 53 41 18 18 18
1548 Devin Arbuthnott 10 251 45 35 34 21 21
1550 Moss Edward Norman 8 249 55 45 34 21 17
1551 Jared A. Grummer 4 250 143 74 12 9 4
1552 Katharine (Katy) Hind 7 248 100 51 39 18 18
1553 Claire Y Yan 9 247 46 41 31 24 22
1554 Michael Lawrence 9 246 59 34 29 26 18
1555 Janine Benedet 9 246 42 41 20 19 18
1556 Yaseen Mottiar 7 246 83 69 47 15 10
1557 Kathleen G Banks 8 246 84 55 36 21 13
1558 Donovan Hare 9 246 55 35 30 24 16
1559 Anna Thomas 7 246 51 47 47 41 19
1560 Arjun (AJ) Bhardwaj 6 244 94 90 19 9 6
1561 Andreas Geißner 8 248 61 47 29 19 17
1563 Amir Sharafian 8 243 57 42 26 22 22
1565 Kirbee Parsons 6 243 115 50 39 15 13
1566 David Costalago 7 239 77 28 27 27 25
1567 Yichuan Ding 6 239 95 47 28 27 15
1568 Joseph Puyat 10 239 47 30 17 16 15
1569 cinda heeren 6 238 81 56 55 13 12
1571 Debra Parkes 9 237 33 31 29 22 20
1572 Alyse Hawley 6 237 79 64 31 18 14
1573 Adam Lund 9 236 30 20 19 16 15
1576 Sandra Zappa-Hollman 6 234 97 44 34 24 16
1577 Ayman Mostafa 8 233 58 46 29 28 26
1578 Angie Dale 7 234 72 50 34 17 16
1579 Mohsen K. Akhlaghi 8 232 66 45 35 33 15
1580 Michael M Tymko 9 232 33 26 23 17 14
1581 Stilianos Louca 7 234 82 32 25 18 9
1582 Min Xu 8 233 70 44 33 24 14
1583 Farzam Fotovat 8 229 65 30 24 21 19
1584 Boaz Y. Saffer 7 229 112 46 16 15 14
1585 Ehsan N. Arya 7 229 88 33 27 25 15
1586 Graham McDowell 8 230 56 46 31 28 26
1587 Yifan (Evan) Peng 9 228 66 23 16 16 16
1588 Kimberly Meier 8 230 84 52 14 13 13
1589 Daniel W Cox 9 228 42 35 25 25 20
1590 Sarah R. Moore 7 228 75 34 32 28 18
1591 Alex Korotchenko 7 227 99 38 22 17 13
1592 Gerald Fallon 8 226 48 33 19 14 14
1593 Jasmin Hristov 7 226 93 37 24 18 17
1594 Joyce Chiang 9 226 51 24 24 22 21
1595 Michelle Tseng 8 224 41 37 25 23 23
1597 Robert Tarzwell, MD, FRCPC (Nuclear Medicine, Psychiatry) 7 224 48 43 40 36 19
1598 Joost Blom 8 222 25 24 23 16 15
1599 Daniel Jun 9 222 38 27 26 23 23
1600 Parker J. Holman 4 221 93 61 60 4 2
1601 Hamidreza Sadeghifar 8 224 66 35 35 21 19
1602 Navid Shafiei 7 220 44 40 36 19 16
1603 Min Hyung Ryu 6 220 133 23 17 16 12
1604 Tegan D Macdonald 9 219 29 22 20 19 17
1605 Debanga Raj Neog 8 218 41 40 36 34 23
1606 Nasa Rouf 7 218 74 67 23 13 11
1607 Francis H. M. Jones 5 219 165 21 11 8 6
1609 Anjali Bohlken 6 217 146 14 14 12 8
1610 Frolin S. Ocariza, Jr. 7 215 67 55 28 27 20
1611 Jason Fice 5 218 74 71 49 8 7
1612 Stefanie M. Klampfl 8 216 71 49 26 24 14
1613 Shankhanaad Mallick 7 215 40 32 31 25 16
1614 Derek M. van Pel 7 214 58 41 31 30 29
1615 Chen He 10 218 29 26 25 21 20
1616 Leila Mostaço-Guidolin 8 214 52 32 26 24 18
1617 Behnam Molavi 5 215 139 17 12 7 6
1619 Logan Trenaman 7 213 95 19 19 17 16
1620 Hesham Soliman 8 213 55 42 38 21 15
1621 Essex Edwards 8 211 74 34 34 30 17
1622 Stefania Pizzirani 6 211 48 41 38 37 16
1624 Yvonne Dzal 7 210 77 47 27 16 12
1625 Abdel Azim Zumrawi, Ph.D., P.Stat. 7 210 80 23 18 18 17
1626 Miguel Imperial MD MHSc FRCP(C) 6 210 107 25 20 18 18
1627 Maziyar Hamdi 6 208 103 25 21 15 10
1628 Ladan J Naimi 5 209 125 34 20 10 6
1629 Roya Samanipour 6 207 76 75 19 10 7
1630 Shigenori Matsui 9 205 47 45 22 17 12
1631 Jordan T Dawe 7 204 40 36 36 26 24
1632 Jasmin Jelovica 9 204 33 22 21 20 14
1633 Julia Van de Vondervoort 8 206 46 37 35 25 19
1634 Peter Winterburn 4 203 97 59 39 6 2
1635 Kathleen McGarvey 7 203 58 50 26 20 17
1636 Alysha Baker 6 202 67 58 32 10 7
1637 Xi Alice Gao 8 201 49 32 27 22 18
1638 Kun WANG 7 202 55 40 31 20 18
1639 Shrinwantu Pal 7 202 86 43 15 13 11
1640 Farzad Khademolhosseini 5 201 83 37 29 25 8
1641 Samad Kardan 7 200 45 45 29 21 11
1642 Crystal Karakochuk 8 201 34 33 28 17 12
1643 Steffen Beyme 4 199 107 67 11 8 2
1644 Amanda Giang 6 200 55 35 34 32 23
1645 Stephanie Glegg 8 201 37 28 26 25 12
1646 Muzaffer A Karaaslan 6 200 71 42 21 20 15
1647 Yann Cornil 5 198 52 47 34 32 25
1648 Kirstin S. Brink 9 198 28 22 17 15 14
1649 HAO MA 6 198 62 53 33 28 9
1650 Erica Bennett 6 198 63 51 22 20 14
1651 Nawar Malhis 6 198 62 60 28 16 11
1652 Joanne Breckenridge 5 199 117 26 21 18 6
1653 peng zheng 9 197 38 28 26 21 17
1654 Marina Giacomin 5 198 62 47 35 19 19
1655 Sarah Munro 5 196 76 45 30 19 8
1656 Hamid Reza Tohidypour, PhD 11 199 19 17 16 16 16
1657 Liang Sun 7 197 46 23 22 21 17
1658 Benjamin D. Wiltshire 9 195 34 24 18 18 17
1659 Kaila Holtz, MD MSc. 7 197 58 35 32 27 26
1660 Anupama V. N. 9 195 32 30 19 19 13
1661 Neeraj Dhungel 7 195 56 41 29 22 20
1662 Mohamed Osama Ahmed 6 195 61 43 42 17 15
1663 John M Hopkinson 7 194 53 39 31 14 12
1664 Erin Leigh MacMillan 6 194 40 33 26 25 12
1665 Janaina Brusco 9 192 41 32 23 21 20
1666 David CH Metzger 8 193 53 48 16 13 12
1667 Stefan Czerniecki 7 193 52 35 30 23 16
1668 Davood Nakhaie 9 193 43 36 20 18 17
1669 Joanna Cannon 8 191 56 28 18 16 13
1670 Nadja Kunz 7 190 55 28 17 17 13
1671 Stephen Guy-Bray 7 190 59 28 23 11 8
1672 Yanjie Dong 5 191 109 35 21 9 5
1673 Issam H. Laradji 4 191 86 76 17 5 2
1675 Phillip A Richmond 4 189 152 19 7 4 3
1676 Richard Arias Hernández 8 188 78 25 15 15 13
1677 Ji Eun Kim 3 189 105 60 20 2 1
1678 Donna LM Kurtz 6 188 55 42 38 19 8
1679 Nima M. Kiasari 6 187 52 52 44 38 24
1680 Ashleigh J Rich 7 190 29 28 26 17 15
1681 Natalia Nolde 8 186 47 23 22 20 15
1683 Elie H. Sarraf 7 185 57 35 19 12 11
1684 Xian Jin 8 185 30 18 15 13 12
1685 Brendan Cameron 10 186 22 18 18 17 15
1688 Al-Rahim Habib 9 185 26 22 20 15 12
1689 Neda Razaz 9 183 30 20 17 17 13
1691 David T S Lin 6 183 53 40 29 27 17
1692 Deborah Barros Leal Farias 5 182 126 18 8 8 6
1693 Arjun Chowdhury 7 182 49 42 22 20 13
1694 Michael Jong Kim 7 181 57 34 25 18 14
1696 Kristen Walker 8 179 67 24 17 16 15
1697 Nathan Hesselink 7 182 38 33 19 13 10
1698 Padmapriya Kandhadai 7 178 70 24 22 18 16
1699 S. Ali Mousavifar 6 178 71 46 20 12 7
1700 Seyed Mahyad Aghigh 5 177 74 48 25 15 10
1703 Sandip V. Pawar, PhD 7 175 45 40 21 19 14
1704 Desmond Lau 6 175 56 39 32 24 9
1705 Matilde Balbi 6 177 47 44 29 20 11
1706 Mohammadreza Pakyari 4 176 139 16 6 4 3
1707 Parastoo Dehkordi 7 175 41 26 24 20 17
1708 Andrea D. Olmstead 8 174 54 33 23 13 11
1709 Sarah Dow-Fleisner 5 175 69 34 30 23 10
1710 Danilo Cardim 8 173 28 21 18 12 11
1711 Khalad Hasan 7 173 36 35 27 19 14
1712 Jessica Q. Dawson 3 173 102 53 16 1 1
1713 Romy Hoeppli 5 176 81 58 18 8 6
1714 Heather A. Cooke 7 174 42 27 25 23 21
1715 Lindsay Hedden 7 172 44 36 31 17 15
1716 Chad Atkins 6 173 46 37 23 17 16
1717 Aiping Liu, PhD 9 172 24 24 21 14 14
1718 Naomi Zimmerman 7 175 38 30 22 20 20
1722 Julia Schmidt 6 171 55 51 15 15 11
1723 Jordan Squair 7 170 28 17 14 13 8
1724 Rosemary McCloskey 7 170 36 35 23 22 17
1726 Doris Baltruschat 6 170 38 34 31 23 21
1727 Roberto Pagano 8 170 38 30 13 11 10
1728 Dillon J Chung 6 169 55 30 27 22 21
1730 reza shalbaf 8 169 34 28 25 19 16
1732 Elham E Khoda 3 172 122 32 17 1 0
1733 Christopher Martin 7 167 25 18 12 12 10
1734 Yushu Zhu 7 166 58 39 14 12 10
1735 Anubhav Pratap Singh 8 167 35 19 19 19 14
1736 Julie Cool 7 166 39 34 27 15 15
1737 Emily K. Jenkins 9 169 26 24 21 17 15
1738 Hamid Rezaei 7 166 58 30 25 13 10
1740 Carles Ferrer-Boix 7 164 70 12 12 10 7
1741 Solmaz Ehteshami-Afshar 6 164 53 35 31 12 11
1742 Gyung-Ho Jeong 5 164 39 38 34 30 11
1743 Brandon Norris 5 163 71 39 20 16 10
1744 Wei-lun Tang 4 164 80 66 6 5 3
1745 Manu Thomas Kalathottukaren, PhD 5 163 54 42 24 13 10
1746 Farshad Hedayati Dezfuli 6 167 54 26 18 14 14
1747 Derek W van der Kamp 5 161 44 37 28 23 15
1748 Caitlin Schneider 8 161 26 26 20 18 13
1749 Rana Khan MD 6 160 38 34 28 21 7
1750 Bas Vriens 5 160 87 28 12 12 9
1751 Humaira Kamal 6 159 65 27 24 13 9
1752 Ahmed O. Idris 6 159 57 21 19 13 13
1753 Narges Hadjesfandiari 4 160 57 53 28 17 3
1754 Daniel Kim 7 158 36 34 23 15 11
1755 Gideon Mordecai 5 158 65 39 24 16 7
1756 Meghan Allen 7 158 37 36 31 18 12
1757 Pavel Krupskii 4 157 90 31 15 12 3
1758 David Turner 6 158 61 25 17 14 10
1759 William Nikolakis 8 159 26 18 14 13 12
1760 Anna Drake 5 156 89 25 16 8 6
1761 Juan M. Galvez 5 156 49 46 29 14 10
1762 ali vakil 8 157 48 24 17 14 11
1763 Wendy K Adams 6 156 54 28 14 10 9
1764 Erin Sawyer 6 155 56 46 19 17 6
1765 Mehrnegar Mirvakili 6 155 57 27 18 18 17
1767 Nam Ky Giang 8 155 68 17 10 9 9
1768 Jonathan Verrett 7 155 37 22 22 20 20
1769 Allan Cho 7 154 35 22 18 15 15
1771 Yannick Molgat-Seon 7 154 30 16 16 10 10
1772 Charlene Ronquillo 5 152 52 41 10 7 6
1773 Aylin Ulman 6 153 36 29 28 13 8
1774 Fariba Aalamifar 7 151 44 40 22 17 12
1775 Hsiang-Hsi (Sean) Kung 6 151 49 46 24 9 9
1776 Aria S Hahn 7 151 47 22 17 16 9
1777 Trevor Campbell 7 153 32 22 18 17 17
1778 Nicole W. Tsao 8 150 30 24 12 11 10
1779 Hamed Shah-Mansouri 7 150 15 15 14 11 10
1780 Andrea Bundon 8 150 39 23 16 13 13
1781 Dominik A. Stecuła 4 148 70 67 5 4 1
1782 Ahmad Ashoori 4 148 111 24 4 4 3
1783 Hassan Sharifi 6 148 51 30 16 15 13
1784 Maryam Darvishian 5 147 74 31 14 12 12
1785 Alireza Gheisi 7 148 26 24 19 16 16
1786 Nick Dragojlovic 9 146 24 23 17 16 11
1787 Catherine Higgs 5 146 48 42 20 10 10
1788 Lorraine Weir 7 146 37 37 16 13 8
1789 Natasha Boskic 6 147 60 27 22 10 9
1790 Cian Menzel-Jones 5 145 79 32 13 8 7
1791 Scott Roy Douglas 7 145 31 27 27 14 11
1792 Alessio Gallina 7 146 34 21 18 17 12
1793 Jacqueline C.Y. Lai 7 146 42 20 19 16 15
1794 Rongrong Wang 7 145 29 16 13 13 11
1795 Qiang Li 7 148 29 25 14 14 11
1799 Mattia Bacca 7 144 42 31 22 15 11
1800 Pooya Hosseini-Benhangi 6 144 43 39 17 13 11
1801 Rachel Edgar 6 144 45 44 19 17 7
1802 Kieran Hudson 5 144 73 22 21 19 9
1804 Amir Zaher 7 142 41 40 12 12 12
1805 Kim C Green 6 142 49 22 21 10 8
1808 Chloe Tergiman 6 142 50 23 22 20 12
1809 Dongwook Yoon 7 141 24 20 19 12 11
1810 Mrigank Sharma 7 141 35 29 19 14 12
1812 Bambang Ali Basyah Sarif 8 141 23 12 12 11 10
1814 Sue Peters 7 142 45 20 18 10 8
1816 Chris B. McKesson 7 140 27 27 19 11 9
1817 Kieran R Campbell 6 140 70 26 12 9 8
1820 Dong-Sheng Wang 6 139 32 29 22 13 12
1821 Michelle L Smith 7 138 30 23 22 17 17
1822 Kieran M. Findlater 5 139 49 45 18 9 5
1823 Patrick Tan 5 137 48 45 21 15 7
1824 Junho Eom 6 137 59 17 16 13 9
1825 Lindsey J. Heagy 6 137 39 30 12 12 8
1827 MD.Zoheb Hassan 6 136 51 31 11 8 7
1828 Cedric Brimacombe 8 136 27 26 22 18 11
1829 Kiran Preet Padda 7 136 33 25 20 15 9
1831 Huan(Sky) Liu 4 54 11 11 9 5 3
1832 Susana Caxaj 7 135 41 24 18 16 9
1833 Akshit Puri 7 134 33 25 20 15 9
1834 Elena Topchiy 5 134 37 27 23 18 16
1835 Virginie Magnat 8 133 27 25 16 14 12
1836 Soheyl Vakili 7 132 41 25 16 13 10
1837 James H. Kryklywy 4 132 95 12 8 5 4
1838 Melissa Beth Glier 5 133 63 23 16 14 11
1839 Christina Tysoe 7 132 56 25 9 9 7
1840 Sachia J Traving 5 135 52 31 26 14 6
1841 Hazra Imran 5 131 51 23 10 9 8
1842 Daniel N Anstett 4 131 45 27 23 22 4
1843 Nicholas Vining 7 131 45 20 16 15 11
1845 Narjes Torabi 6 130 25 21 20 20 12
1846 Bo Fang 6 131 62 27 10 10 9
1847 Hui Chen 7 129 26 23 20 19 10
1848 Samuel Rocha 6 129 45 23 15 10 10
1849 Hélène Frohard-Dourlent 7 129 47 15 15 12 12
1850 Walaa Moursi 7 129 28 20 14 12 11
1851 Catarina Wor 6 128 53 15 11 9 8
1852 Alexander M. Clifford 8 128 19 19 12 12 11
1853 Matei Negulescu 7 127 46 14 14 12 10
1854 Wu Chunhua 5 128 68 34 9 7 6
1855 Amirreza Pakdel, BASc, MD, PhD 5 127 72 25 11 6 5
1856 Sishuo Wang 6 129 48 22 17 14 12
1857 Arthur Bass 8 132 25 18 17 14 11
1858 Mona Haraty 5 126 57 16 12 8 8
1860 Anna Schuhbauer 7 127 24 21 20 12 10
1861 Gayl Sarbit 6 126 32 18 18 14 7
1862 Ken A. Thompson 6 131 31 23 22 17 16
1863 Sheryl Lightfoot 6 126 30 28 24 17 10
1864 Yi-Wen Chen 4 127 38 35 30 11 4
1865 Matthew Pan 5 125 67 10 10 9 7
1866 Michael M Barrus 6 125 52 24 22 8 6
1867 Hossein Montazerian 6 126 40 24 22 10 8
1868 Camilo Perez Quintero 7 125 29 22 18 13 9
1869 Elizabeth Andersen 6 126 57 19 13 9 9
1870 Robyn Newell 4 124 50 36 36 22 10
1871 Shekoofeh Azizi 5 126 64 12 10 8 7
1872 Brandon Born 8 125 20 15 11 11 10
1874 Yue Qian 6 123 25 20 19 18 14
1875 C. Antonio Sanchez 6 123 37 21 14 13 13
1876 Andreea Cervatiuc, PhD 5 122 58 16 14 14 11
1877 Liang ZOU (邹亮) 7 121 28 22 14 11 7
1878 Aarthi Gobinath 5 124 48 26 23 17 5
1879 Bo Zhao 6 123 38 24 18 14 9
1881 Christina Hendricks 5 120 29 28 18 10 6
1883 Heidi Tworek 7 121 12 11 11 11 10
1886 Davood Mazinanian 6 120 31 30 18 9 7
1887 Sean Naman 6 121 34 29 17 8 7
1888 David W.-L. Wu 5 118 26 22 21 20 13
1889 Cristina Zanotti 5 119 29 21 17 13 6
1890 Qiulu Chu 7 119 29 17 15 12 10
1891 Assem Bsoul 5 117 43 30 13 9 8
1892 Jeffrey James Byrne 4 118 43 27 20 14 4
1893 Mehrdad Chapariha 7 117 23 14 12 10 9
1894 Valentine Lafond 6 116 39 18 16 12 12
1895 Andrea Stocco 7 116 22 20 16 11 10
1896 Erik Mårsell 6 116 35 18 9 9 7
1897 Corey Wall 6 116 28 16 11 10 9
1898 Mehdi Sam Piltan 5 115 44 26 18 9 7
1899 Leili Tafaghodi Khajavi 6 115 55 16 11 10 6
1903 Emilie Gladstone 6 115 25 21 14 9 7
1904 Xin Ge 7 114 17 17 11 11 10
1905 Catalin Mitelut 5 114 55 29 14 7 7
1906 alireza davoodi 6 114 32 28 11 11 10
1909 Xiaojun Li 6 113 49 11 10 10 10
1910 Hamed Noori 5 112 34 24 20 15 6
1911 Joshua Brinkerhoff 6 112 34 17 15 13 12
1913 Ryan Day 2 113 91 18 2 1 1
1914 Harpreet Chhina 6 113 49 20 11 11 10
1916 Rasoul Asaee 6 113 27 21 15 15 14
1917 Alan McConchie 5 111 36 32 19 18 5
1919 Julia Bullard 5 114 49 12 10 8 7
1920 Curt Da Silva 4 111 33 27 24 6 4
1922 SEOGI KANG 5 111 30 19 10 9 7
1924 Anik Patel 5 115 36 22 15 14 5
1926 Nicole T. Ong 5 110 25 23 19 17 13
1927 Thomas Holm 4 110 55 39 7 5 2
1928 Zahid Delwar 6 109 41 16 12 11 8
1929 Eric G. Bowes 7 109 18 16 15 12 12
1930 Andrea Gaede 6 110 30 26 24 24 8
1933 Eleni Nasiopoulos 5 109 44 19 17 5 5
1934 Jennifer Ferris 6 108 45 19 17 11 7
1936 Harlan Campbell 5 107 48 34 8 6 5
1937 Jose Pulido 5 107 41 23 17 11 5
1938 Walter Sudmant 5 106 28 23 14 11 9
1939 Rhea D. Sanders 5 106 46 22 17 10 6
1940 yang wen (Terry) 6 106 24 15 11 9 8
1942 Mona Rahmani 7 106 26 21 15 10 9
1943 Mary Clare Kennedy 7 106 18 17 11 11 9
1944 Amy L Hall 6 107 44 15 11 9 7
1946 Jae Yung Kwon 5 105 44 27 11 7 6
1947 Zhenyu Shan 5 105 24 23 14 10 9
1949 Yuanwei Dong 7 104 21 19 13 9 8
1950 Pauline Voon 6 104 22 18 15 13 13
1951 Miguel Ángel Guillén Torres 4 104 38 28 19 6 4
1952 Saman Nouranian 6 104 16 13 13 12 9
1953 Carey Doberstein 6 103 22 20 12 10 8
1954 Mohammad Ali Mahmoudzadeh 5 103 23 19 19 18 13
1955 Nicholas McGregor 6 103 40 14 13 12 10
1957 Jianhui Chen 6 103 20 17 14 12 10
1958 Reza Molavi 6 102 24 12 8 7 7
1959 Chi-Chao Liu 5 101 46 20 19 8 6
1960 Wenying LIU 5 101 51 20 5 5 5
1961 Shuochen Su 5 100 31 31 29 16 14
1964 Tayler Clarke 6 99 24 21 13 9 9
1965 Rouhollah Mousavizadeh 6 99 23 21 20 16 8
1966 Corinne Rogers 4 99 39 15 14 8 4
1968 Syavash Nobarany 6 98 22 16 12 8 8
1969 Sébastien Lallé 6 99 13 12 12 11 8
1970 Guanpeng(Justin) Li 5 99 51 14 10 10 6
1971 Rachel M. Germain 6 98 28 20 19 12 9
1972 Grace Truong 6 100 47 14 9 8 7
1973 Ross Hickey 5 97 44 18 12 9 8
1975 Gu Li （李谷） 6 98 21 19 16 12 12
1976 Duo Sun 5 96 35 30 14 7 5
1978 Fabio Boschini 6 95 20 19 18 12 7
1979 Mohamadreza Nourani 4 94 43 15 11 7 4
1980 Wenbo Zheng (郑文博) 5 94 29 13 12 10 8
1981 Ramy Hussein 6 94 17 12 9 8 7
1983 Ruiyang Ge 6 93 32 17 15 10 7
1984 Catherine Chow 5 93 21 20 17 12 6
1985 Francisco Paz 5 94 45 24 5 5 5
1987 William Burt 7 93 16 14 12 12 11
1988 Masoud Haghi Kashani 5 92 43 12 7 6 6
1989 Agnes d'Entremont 5 92 26 15 13 5 5
1990 Rindra Ramamonjison 6 92 26 24 10 10 7
1991 naser moosavian 6 95 29 18 14 10 7
1992 Gregg E. Gardner 6 93 21 16 14 10 8
1993 Alyssa Gehman 4 92 45 13 12 5 4
1994 Christian Damsgaard 6 92 23 15 14 10 8
1995 Saskia Sivananthan 6 91 33 13 8 7 6
1996 Colin D. MacLeod 6 91 23 13 13 12 8
2000 Puyan A. Zadeh 6 90 23 15 12 10 9
2001 Paul Pickell 6 90 23 19 18 9 8
2002 Clinton H. Durney 4 90 40 36 7 5 2
2003 Fanny Lemarié 5 90 24 23 17 11 9
2004 Bernardita P. Germano 3 89 66 9 4 3 3
2006 David Geary 4 89 35 24 10 10 4
2007 Kevan Dettelbach 5 89 24 19 16 9 8
2008 Code, WJ 6 88 17 16 14 10 8
2009 Golnoosh Samei 5 88 23 21 11 7 5
2011 Tara C. Dennehy 6 89 26 17 11 8 8
2012 Negar M. Harandi 4 88 52 11 10 4 3
2013 Qingquan Lai 6 88 29 15 13 9 7
2016 Hadi Firouzi 7 87 13 12 10 9 8
2017 Mohammad Alemi 5 87 26 25 10 8 5
2019 Alireza Jalali 5 88 30 12 11 7 7
2021 Ignacio Galiano Zurbriggen 5 87 26 15 10 7 5
2022 Mohsen Javdani 5 86 35 24 12 5 5
2023 Candace Kaleimamoowahinekapu Galla 5 90 51 12 8 8 7
2024 Kai Ostwald 5 86 36 15 5 5 5
2025 Alyssa Shinbine 6 86 21 16 16 8 7
2026 Sebastian R. Prange 6 85 28 10 10 9 8
2027 Arijit Chakraborty 5 86 32 28 10 8 6
2028 Nagesh Devidas Patil 5 85 26 16 15 10 6
2029 Syed Abdullah 4 85 39 19 13 11 3
2032 Hossein Rafiei BSc MSc PhD (Human Nutrition & Dietetics) 5 84 34 27 7 5 5
2033 Majid Baradaran Shoraka 5 84 45 13 8 6 5
2035 Mohammad Paknahad 5 84 32 13 10 8 5
2036 Hoda Talebian 3 84 44 22 8 3 3
2038 Sam Bayless 5 84 20 18 14 11 5
2039 Anup Aprem 4 84 59 7 5 5 4
2040 Heather W. Neave 4 84 48 14 11 4 2
2041 Xuan Gao 4 83 35 18 11 8 4
2042 Piyushkumar R. Kapopara 5 83 30 20 13 9 5
2044 Andrew Ramsook 6 85 18 13 10 8 8
2046 Alexander J. Fisher 4 82 35 22 9 6 3
2047 Hamza khan 5 83 47 9 9 9 8
2048 Leslie Van Duzer 4 81 28 27 27 15 15
2049 Amanda Mathys 5 81 24 20 19 9 5
2050 Shannon B Lim 5 81 24 21 8 8 6
2053 Omar E Herrera 5 81 30 13 8 6 6
2054 Dane De Silva 5 81 18 14 10 8 5
2055 Navid Hossaini 4 80 29 28 12 9 2
2056 Colin Russell 5 81 45 12 10 7 5
2057 Deanna K. Kreisel 5 80 22 17 13 11 5
2060 Jessica Bosch 4 80 33 21 15 6 3
2062 Simon van Vliet 4 79 42 12 11 7 3
2063 Dimitri Skandalis 6 80 18 17 10 10 8
2067 John A Staples, MD FRCPC MPH 4 78 31 18 8 8 4
2069 Mauricio Ponga 5 78 28 16 9 8 7
2071 Farid Molazem 5 78 23 15 14 11 5
2072 Ayelign M. Adal 5 78 21 18 13 12 5
2073 Elaine Moody 3 77 45 22 10 0 0
2074 Seyed Mehran Kazemi 5 77 25 9 9 7 7
2078 Mustafa HaiderAli 5 76 36 12 10 9 7
2082 Alireza (Karim) Rostamzadeh 6 75 25 12 10 8 8
2083 Ann Mary Doyle 5 77 23 17 16 16 11
2084 Fei Wang 5 75 29 29 18 7 6
2085 Markus Hallensleben 5 77 30 10 8 7 6
2086 Eric A Carter 5 74 23 20 13 7 7
2087 Erfan Baghani 5 74 26 23 8 6 6
2093 Cody R. Brown 4 73 33 26 8 4 1
2094 Sarah Joy Bittick 4 73 28 17 13 6 4
2097 Jennifer Lay 5 72 40 7 6 6 5
2098 James F Montgomery 5 72 27 11 10 8 5
2099 Aida Eslami 6 72 21 14 8 6 6
2100 Jessica Garzke 4 72 25 20 11 10 4
2102 Mohammad Hossein Jafari 5 72 22 13 10 9 8
2105 Patrick Baylis 5 71 20 19 11 8 7
2106 Ryan Ziels 5 72 17 13 12 12 7
2108 Leo Chen 5 72 16 12 7 7 5
2109 Marie Graff-Kray 5 71 22 13 8 8 5
2110 Scott Fazackerley 4 71 22 19 9 6 4
2111 Sarah Koch 5 70 23 17 12 9 7
2115 Burak Yoldemir 4 69 18 9 6 4 4
2116 Kapil Dev Regmi 5 70 18 10 9 6 5
2117 Gautham Prasad 5 68 19 9 8 8 6
2120 Andrey Blednov 5 68 24 11 9 8 5
2122 Matthew J. Stork 4 69 36 17 5 4 3
2123 Ehsan Khajeh 5 67 16 15 9 6 6
2125 John Onukwufor 4 67 23 17 14 8 3
2126 Zoe Wai-Man Lam 3 67 28 25 8 2 2
2127 Christopher J. Forgaard 5 67 24 10 10 9 7
2128 Emma M. Smith 4 66 20 17 9 4 4
2129 Sima Valizadeh 5 66 23 11 10 7 6
2130 Heather Latimer 5 66 16 15 12 11 8
2136 Derek Gladwin 4 65 24 10 6 5 4
2137 Jo-Anne Naslund 4 64 25 24 7 4 2
2138 Alborz Amir-Khalili 5 64 12 12 9 9 7
2139 Gaurav Bairwa 4 64 29 17 6 6 4
2141 Abir Al Hajri 5 64 19 15 12 6 6
2142 Meisam farajollahi 4 64 27 12 5 4 4
2144 Jerome Mayaud 5 64 13 10 8 8 7
2146 Karama "Asleh-Aburaya" or Karama "Asleh" 5 64 16 16 10 7 5
2147 Shayesteh (Shay) Haghdan 6 64 13 12 11 9 7
2148 Rowan Cockett 4 63 30 8 5 5 4
2149 Jennifer A. Gibson 5 63 27 13 8 8 8
2151 ana vivaldi 4 63 17 17 7 5 4
2152 Geneviève Savard 3 63 28 24 8 1 1
2154 Farzad Hemmati 4 64 45 7 4 4 1
2155 Nicholas A Fergusson 3 64 42 9 8 3 1
2156 Pedram Ataee 5 62 11 11 9 9 8
2157 Sharan Vaswani 4 64 20 18 11 6 4
2158 Adrian Danescu 5 62 17 15 9 7 6
2159 Craig Howard Kerr 5 62 17 13 11 9 6
2162 Tim Cashion 4 63 21 15 14 5 4
2163 Andrew Ho 4 61 27 16 10 5 2
2164 Joel William Trubilowicz 3 61 36 12 6 3 2
2165 Andrea S Webb 4 61 29 14 9 4 4
2167 Young Woong Kim 3 61 30 15 5 3 2
2169 Bara Emran 5 61 19 14 8 7 5
2170 Bara Jamal Emran 5 61 19 14 8 7 5
2171 Erin Fields 2 59 51 8 0 0 0
2173 Caroline Gosselin 5 59 15 13 9 7 6
2175 Morteza Farrokhsiar 5 58 18 12 5 5 5
2176 Megan Meredith-Lobay 4 58 20 16 9 7 3
2177 Marieta Marin Bruzos 5 58 21 10 7 5 5
2178 Jon Slater 4 58 19 14 12 11 2
2179 Ali Sanei-Moghaddam 4 58 37 8 7 5 1
2180 Michael S McMillan 4 58 13 11 9 5 4
2181 Troy D. Vassos, PhD FEC PEng 4 58 16 15 14 5 4
2182 Oscar Zapata 3 58 38 13 6 1 0
2183 John-Tyler Binfet 4 59 17 11 7 5 4
2185 Alexander Sheyerman 3 58 27 19 6 2 2
2187 Robin Roots 3 57 32 13 8 2 2
2188 Larissa Celiberto 4 58 26 10 10 7 2
2189 Mary Liston 5 58 11 10 9 7 5
2190 Mark Trinder 4 57 24 9 8 6 4
2191 Alptunc Comak 4 57 32 9 8 5 1
2192 Mai Hassan 4 56 25 7 7 4 4
2193 Alireza Eyvazizadeh Khosroshahi 1 56 51 1 1 1 1
2196 Kerry E. Black, PhD 3 56 29 17 5 3 1
2197 Somayyeh Mohammadi 4 57 25 6 6 6 4
2198 Ruthann Lee 3 56 36 12 3 2 1
2199 Hsiao-Cheng (Sandrine) Han 4 55 20 11 5 4 4
2201 Derek Turner 3 55 21 14 13 3 1
2204 Emanuel Krebs 4 55 15 10 9 4 3
2206 Amanda D. Frazer 4 55 25 13 5 5 4
2208 Maryam Shirmohammad 4 55 26 11 9 4 2
2211 Pedro L Esquinas 5 54 13 9 7 6 5
2213 Saeid Allahdadian 4 54 18 9 5 4 4
2216 Farinaz Havaei 6 54 10 9 8 7 7
2218 Michael Griffin 4 56 20 6 5 4 4
2221 Teo Quay 4 52 22 13 8 5 2
2223 Celestin Hategeka 4 55 22 8 8 5 3
2226 Lindsey Boulet 4 53 14 9 7 6 4
2229 Matiyas A. Bezabeh 4 52 20 15 7 4 2
2231 Md Shahnewaz, PhD 4 52 12 10 7 7 4
2234 Matthew Miles Osmond 2 51 38 9 2 2 0
2236 Mirza Saquib Sarwar 4 51 20 9 6 5 4
2239 Michael Simpson 4 52 30 7 4 4 2
2243 Christine Schreyer 4 50 8 8 6 6 4
2244 Margo Tamez 5 50 10 8 7 5 5
2246 Amir Nobari 3 50 24 14 7 2 2
2250 Kirsten Hodge 3 50 20 11 10 3 3
2251 Rafael Wainer 4 50 26 5 5 4 3
2253 Yingwei Huang 4 52 13 12 10 5 3
2254 Paul Blomerus 5 50 14 12 8 7 5
2255 Nadya Moisseeva 2 50 39 6 2 2 1
2259 mohammad ali saket 5 49 14 12 5 5 5
2260 Zheng (Joe) Dong 4 49 16 12 6 5 4
2262 Ellen Stephenson 4 49 19 10 9 6 4
2263 Mohsen Ebadpour 4 48 20 11 7 5 4
2265 Benjamin K Tippett 4 48 14 13 7 5 3
2266 Geoff Coombs 3 48 21 12 10 3 1
2267 Mei Sato 4 48 16 8 8 7 3
2268 Eric Michael Johnson 2 47 43 2 1 1 0
2269 Sina Shahandeh 4 47 16 11 7 7 3
2270 Vicheth Sen 3 47 17 15 7 3 3
2274 Markus Duncan 4 47 16 10 9 4 3
2278 Arthur Green 4 46 14 8 5 4 3
2280 Ryan W Cross 3 46 24 8 8 3 1
2281 Kate Jongbloed 5 47 9 6 6 5 5
2282 Harrison Fan 3 47 14 12 11 3 2
2283 Christopher W. Kopp 3 46 30 9 3 3 1
2285 Neda Eskandari 4 46 12 11 9 5 4
2286 Nodir Kodirov 4 46 17 9 5 5 4
2289 James A. Crippen 3 45 37 3 3 2 0
2290 Luke R. Barnesmoore 3 45 19 11 3 3 3
2291 Mahdi Yousefi 4 45 13 6 5 4 4
2297 Ethan Yingsai Dong 5 44 14 8 7 6 5
2298 Ilija Miskovic 4 44 14 13 6 6 2
2300 Tahsin Arafat Reza 3 44 26 8 3 2 2
2301 Chendi Wang 4 44 14 7 7 4 3
2303 Xiaowei Ren 3 44 22 10 6 2 2
2304 Ali Saberali 3 43 22 11 5 3 1
2305 Katja Thieme 3 43 21 9 8 2 1
2311 Lili Meng 4 42 11 9 7 5 3
2312 Shirin Golchi 3 43 19 12 6 2 2
2316 Sadana Dilrukshi 3 41 16 13 5 2 2
2319 Csilla Egri 3 41 21 7 7 3 3
2321 Martha Vardaki 4 41 20 10 5 4 1
2322 Claire Guerrier 4 41 16 8 7 4 3
2323 Nicolas M Peleato 4 41 13 7 6 6 3
2324 S. Mohsen Amiri 4 40 18 6 6 4 2
2326 Theresa Grieco 3 40 19 13 5 2 1
2327 Xiaoliang Wang 5 40 11 11 7 5 5
2329 Sarah Gilbert 4 42 12 12 5 4 3
2333 Wu Lin 3 42 15 14 4 3 3
2334 AnnaLisa Meyboom 4 39 13 8 6 5 2
2337 Siobhán McPhee 3 39 17 10 7 2 2
2338 Paolo Sosa Villagarcia 3 39 13 10 4 3 3
2339 Sally J Taylor 2 39 26 7 2 1 1
2341 Sarah Louise Amundrud 3 39 20 8 7 2 2
2343 Xi Laura Cang 4 39 14 10 6 4 2
2349 Pan Zhao 4 39 15 8 6 4 2
2351 Gregory Paradis 3 43 28 5 3 2 2
2356 S. hamed mirsadeghi 3 38 22 13 3 0 0
2357 Morteza jafarikojour 4 38 9 7 6 5 4
2358 Bulmaro A Valdés 5 38 13 7 5 5 5
2359 Hassan E. Fayed 4 38 9 5 4 4 4
2360 Krishna Teja Malladi 3 38 25 8 3 3 2
2361 Frederik Noack 4 38 8 8 7 4 3
2364 Anant Parghi, Ph.D. 4 37 15 7 5 4 3
2368 Pejman Rasouli 3 37 22 9 5 1 0
2369 Alam Md Nurul 3 37 21 13 3 0 0
2370 Shahed K Mohammed 4 37 6 5 4 4 3
2371 Sebastián Andrés Barbieri Lemp 4 37 14 7 6 6 2
2375 Robyn Mildren 3 37 12 9 8 3 3
2376 SADEGH ABBASIAN 3 37 8 8 4 3 3
2377 Jessica L. Main 3 36 21 5 5 3 2
2381 Keyu Lu 3 36 17 9 5 3 1
2382 Eve Poudrier 4 36 18 6 6 5 1
2383 Bart De Baere 3 36 15 8 6 2 2
2389 Mendee Jargalsaikhan 4 36 8 7 7 6 4
2394 Luz Angélica Caudillo-Mata 4 35 19 6 5 4 1
2395 Francis Langevin 4 35 9 7 4 4 3
2397 Jonatan Schroeder 3 35 14 6 5 3 3
2400 Dr. Harishkumar Narayana 4 34 15 7 7 5 0
2405 Md Arman Chowdhury, B.Sc 3 34 8 6 4 3 2
2406 Blake Hawkins 4 35 12 7 4 4 2
2408 Blake Hawkins 4 35 12 7 4 4 2
2411 Sarbjit Sarkaria 4 33 12 6 5 4 3
2415 Keheliya Gallaba 2 33 27 3 2 1 0
2416 Victoria Surtees 3 32 21 5 3 1 1
2419 Bi Jiarui 3 32 16 9 3 2 1
2420 Naresh Kumar Maroju 1 32 27 1 1 1 1
2427 Daniel K. Ting 3 31 21 3 3 2 2
2431 Shelly Johnson 4 31 6 5 5 4 3
2434 Jeffrey Freeman 4 31 10 6 5 5 2
2435 Sean Lawrence 3 31 12 11 5 2 1
2437 Sara Izadi-Najafabadi 3 31 15 6 5 1 1
2442 Farah Deeba 3 30 6 4 3 3 3
2445 Sam Stiegler 2 30 25 3 2 0 0
2447 Marcelo Mora 3 30 9 7 7 2 2
2448 Jeffrey M Abeysekera 3 29 12 6 4 3 3
2451 Alex Yeung 4 30 11 5 5 4 2
2457 Xiaoyi Fan 3 29 6 6 5 3 3
2459 Thomas J. Aubry 3 31 15 8 5 3 0
2461 Hasan Burak Cavka 4 30 10 6 5 4 3
2463 Amir Hossein Abdi 3 28 10 8 3 3 2
2464 Shahin Zareie 3 28 6 5 4 3 3
2467 Nailiang Xiang 3 29 10 8 7 3 1
2470 Kiely McFarlane 3 27 10 5 3 3 3
2476 Cary Wu 4 27 9 7 5 4 1
2477 Pooya Khan Mohammad Beigi 2 27 22 3 1 1 0
2478 Michiko Namazu 3 27 7 7 4 3 3
2479 Ezequiel Smucler 3 27 16 4 4 1 1
2481 Alison McAfee 4 27 9 5 5 4 3
2482 Hannah Gustafson 2 27 15 8 2 1 1
2484 Armaan Malhotra 3 27 11 10 4 1 1
2491 Ryan Dwyer 4 26 6 5 5 4 4
2492 adheesh sathaye 4 26 7 5 4 4 3
2494 Seyed Reza Larimi 3 26 12 5 4 3 2
2495 Tara Patricia Cookson 3 26 10 9 7 0 0
2499 Margaret Reeves 3 26 7 6 6 3 2
2500 Aleksandra Stefanovic 4 26 10 5 4 4 2
2501 Gaoheng Zhang 3 25 9 5 3 3 2
2502 Oksana Tkachman 2 25 14 7 7 1 1
2507 Jared Baylis 2 25 13 9 2 1 0
2510 Jonas Beaudry 3 25 10 4 3 3 2
2518 Linwei Wang 4 24 6 4 4 4 3
2521 Johannes Reiner 3 24 9 6 4 3 1
2524 Erin M. Shellington 3 24 13 5 5 1 0
2533 Sihwei Chen 2 23 14 4 2 1 1
2535 Laura Teichert 3 23 10 8 3 1 1
2540 Serina Patterson 3 22 9 5 3 3 2
2541 Mostafa Abedinifard 2 22 9 5 2 2 2
2542 Matthew S. MacLennan 3 22 8 5 4 3 2
2548 Heather Palis 2 22 10 4 2 2 1
2551 Yi Luo 3 22 8 4 3 3 1
2558 Cody Lo 3 21 6 6 3 2 2
2559 Saurabh Patankar 2 21 13 5 2 1 0
2561 Michael Fry 3 21 8 5 5 1 1
2562 Santiago David 3 21 8 5 4 2 1
2569 Kaylee Byers 3 20 4 4 3 3 3
2572 Amin Engarnevis 3 20 8 4 4 2 2
2575 Yinjia Huo 3 20 9 4 3 2 2
2579 Jack Hickmott 2 19 12 4 1 1 1
2584 Mohit Sodhi 3 19 9 5 5 0 0
2588 Kedrick James 2 19 8 2 2 2 1
2591 Sajad Saraygord Afshari (Sajad Afshari) 2 18 9 7 1 1 0
2594 Hossein Yazdani-Ahmadabadi 3 18 5 3 3 2 2
2596 Yuxin Pan 2 18 9 2 2 2 1
2606 David Gaertner 3 17 5 4 3 1 1
2625 Quentin Puydt 2 16 7 7 1 1 0
2633 T'ai Smith 2 16 8 3 2 2 1
2638 Piyaruwan Perera 1 15 14 1 0 0 0
2650 S. Arash Sheikholeslam 3 15 5 4 4 1 1
2668 Sereana Naepi 2 13 7 3 2 1 0
2674 Andrew Round 2 13 4 3 2 1 1
2680 Amin Adibi 2 13 7 3 2 1 0
2684 Seokhwan Choi 2 13 7 5 1 0 0
2691 Andrew Scott Perrotta 1 12 10 1 1 0 0
2698 Kyle Frackman 2 11 2 2 2 2 1
2705 Dawood Al-Masslawi 2 11 3 3 2 1 1
2709 Hooman Esfandiari 2 11 7 2 1 1 0
2716 Mona Habibi 2 11 8 2 1 0 0
2721 Alamir Novin 2 10 5 2 2 1 0
2729 Hamid Moradi 2 10 3 2 2 2 1
2730 Emily Mistick 2 10 4 3 1 1 1
2732 Zahra Vali 2 9 4 2 2 1 0
2734 Philippe M. Belley 2 9 3 2 2 1 1
2737 Matteo Saletti 1 9 7 1 1 0 0
2741 Siddhartho (Sidd) Paul 2 9 5 3 1 0 0
2757 Ernesto Peña 2 8 3 3 1 1 0
2758 Katherine Ann Bowers 1 8 4 1 1 1 1
2763 Kohen W. Bauer 2 9 5 2 2 2 0
2773 Alireza Sadeghifar 2 7 5 2 0 0 0
2777 Pramod Kumar Sah 2 7 3 2 1 1 0
2784 Alejandra Echeverri 2 7 3 2 1 1 0
2791 Anna Mittelholz 2 7 4 2 1 0 0
2839 Francisco Peña Fernández 1 4 3 1 0 0 0
2841 Nurmunira Muhammad 2 5 2 2 1 0 0
2844 Judith Paltin 1 4 4 0 0 0 0
2846 C. Susannah Tysor 1 4 4 0 0 0 0
2869 Jesse M. Charlton 1 3 3 0 0 0 0
2873 Kees Lokman 1 3 2 1 0 0 0
2914 Alvin H. Ip 1 2 2 0 0 0 0
2939 Henry Lu 1 2 1 1 0 0 0
2944 Anna Grau Galofre 1 2 1 1 0 0 0
2945 Michel-Antoine Xhignesse 1 2 2 0 0 0 0
2954 Colleen Lane 1 1 1 0 0 0 0
