1 Lam Ching Wan 150 146767 17762 9339 8449 3670 2927
2 Pak Sham 121 85400 15180 4243 4207 2465 1935
3 Paul M Vanhoutte 141 85628 3413 2378 1804 1509 1164
4 Wu Cuncun 63 43278 10010 6454 778 656 616
5 Paul Yip 68 42457 8849 7741 2444 1274 1254
6 Juan CHEN, Catherine 74 38485 1335 1260 901 633 428
7 WW Lu 89 37848 1864 466 413 367 353
8 anita liu 64 35346 7968 3359 1753 430 394
9 David Dian Zhang 77 32329 782 491 464 380 372
10 Lau CP 78 31427 1767 1415 1208 1195 849
11 Minhong Wang 42 28546 8770 5825 4400 2349 1631
12 Man-Fung Yuen 85 26773 1067 1040 1010 743 679
13 Tse Hung fat 76 26675 1195 671 637 582 572
14 Li Zhang 60 26502 354 302 263 243 180
15 Shiu Kum Lam OBE, MD, MACG, FRCP, FRACP 80 24018 1496 761 679 572 555
16 David John Hill 69 23788 2364 1034 674 645 587
17 Aimin Xu 80 23819 1368 574 475 468 464
18 GUAN Xin-Yuan 75 23636 2517 1832 1138 687 507
19 Fiona F. Yang 63 23131 1774 1067 385 332 235
20 Y Lee 51 21381 6463 1460 410 309 305
21 Gabriel Leung 72 21342 898 861 481 448 442
22 Mei-Fu Zhou 81 21187 825 545 444 423 355
23 Nagendra P. Shah 71 18997 1116 692 656 469 446
24 BCY Wong 72 18622 1805 1496 387 360 340
25 Wai K Leung 70 18517 761 760 741 686 650
26 Harold Corke 66 18116 2364 1088 691 640 564
27 Eric Chieh Chang 68 18050 1828 858 727 674 439
28 Victor O.K. Li 59 17672 968 868 518 463 455
29 Kwok-Fai So 66 17060 869 796 443 417 296
30 Patrick Y.K. Chau 49 16928 2017 1513 1281 1184 1069
31 Yu Hang Leung (Ian) 56 16487 1560 1393 975 720 691
32 Cecilia Cheng 46 16406 404 224 184 182 161
33 Kenneth M C Cheung 68 16355 1176 479 449 384 351
34 Herbert H. P. Fang 67 16054 1036 917 706 521 491
35 David Dudgeon 52 16036 3311 2932 731 416 323
36 Wang Yao 46 16060 1992 1821 959 866 723
37 George Q. Huang 55 15441 507 409 397 261 244
38 S. Y. Ron Hui 65 15284 511 402 266 227 227
39 Xuanhua Li 55 15034 657 536 498 418 408
40 K.T. Chau 60 14895 897 666 509 379 298
41 David Tse 38 14497 3575 1474 837 698 680
42 Siu-Ming Yiu 49 14484 2661 1752 957 949 405
43 C.C.Chan (Ching Chuen Chan) 53 13983 1478 1099 897 666 506
44 Wutian Wu 54 13987 1264 417 401 312 286
45 Simon Law 60 13901 643 498 482 413 395
46 Kent-Man Chu 朱建民 56 13763 761 679 498 482 478
47 HO, Pak Leung 何栢良 59 13717 1325 554 504 330 319
48 Dr. You-Qiang Song 43 13549 4243 1281 1075 1022 996
49 Chuyang Tang 65 13112 752 485 403 402 392
50 Joseph T Wu 33 13011 448 279 267 235 219
51 Raymond Chuen-Chung Chang 48 13016 6457 296 260 230 215
52 Tong Zhang (HKU) 64 12903 572 521 399 395 322
53 Anthony G.O. Yeh 53 12852 1575 657 596 370 369
54 Daniel Fong 53 12804 1496 1010 529 469 443
55 yu wang 58 12377 1368 475 464 458 433
56 Dr. Mei Sun 49 11995 2364 1088 640 561 521
57 Ben Cowling 55 11997 448 392 358 337 317
58 Ji-Dong Gu 57 11786 532 454 440 232 206
59 David W. Cheung 47 11279 1752 1253 671 577 540
60 Roberto Bruzzone 51 11092 1470 863 653 423 353
61 Sun Kwok  54 10999 678 317 309 296 284
62 Mark  Bray 51 10711 901 415 405 388 349
63 Tak-Wah Lam 37 10519 2661 1752 949 407 405
64 Thomas Ng 45 10413 1848 850 724 535 480
65 Kevin Zheng Zhou 38 10147 1474 889 626 529 500
66 Yvonne Sadovy de Mitcheson 50 10029 916 902 805 528 332
67 Ivan FN Hung 45 10021 2132 1334 352 274 181
68 Yuan Lin 46 9973 649 199 174 171 163
69 K S Cheng 53 9904 1338 275 247 217 203
70 Amy B M Tsui 42 9909 1004 927 737 692 518
71 Wai Keung Li 39 9892 1191 605 337 298 292
72 See Ching CHAN 51 9699 642 256 217 189 183
73 Jiangang Shen 47 9485 1216 703 220 176 174
74 Sookja Kim Chung 48 9414 993 574 515 324 282
75 Parco M. Siu 32 9410 6466 281 211 157 127
76 Xiao-yan LI  (XY Li) 46 9156 994 764 532 431 302
77 Gerard Postiglione 29 8819 5874 416 191 136 95
78 Tatia M.C. Lee 52 8714 342 300 273 273 265
79 C.Y. Jim 50 8690 322 298 292 283 264
80 Yuguo Li 50 8635 518 478 375 276 218
81 J Huang 47 8582 1490 1266 392 271 232
82 Wallace C.H. Choy 42 8550 657 479 421 271 237
83 Mingfu Wang 51 8376 627 413 345 314 195
84 Michael Enright 29 8002 1031 714 635 585 491
85 Ruibang Luo 21 7813 1752 1033 882 879 417
86 Shun-Qing Shen 41 7607 968 426 361 344 323
87 Li-fang Zhang 45 7550 363 317 306 199 186
88 Khe Foon HEW, Timothy 37 7470 1804 732 428 342 244
89 Ed X. Wu 46 7207 417 311 226 223 214
90 Michael Irwin 45 7189 292 250 233 181 172
91 David Y. F. Ho 33 7158 1444 954 579 360 299
92 Francis Chin 41 7145 957 268 255 228 184
93 Simon Lam 35 7111 646 539 435 429 390
94 George C.S. Lin 42 7083 965 443 400 312 278
95 Z. D. Wang 45 7005 226 216 181 169 163
96 Reynold Cheng 37 7015 737 586 351 331 327
97 Chun HUI 36 6647 581 534 515 378 377
98 John P. Burns 38 6566 1391 601 375 213 175
99 Wai Lun Law 41 6559 510 435 393 357 301
100 Yizhou Yu 38 6528 685 639 538 260 255
101 Chris Webster 42 6481 604 456 328 301 273
102 Ben Kao 40 6471 577 505 390 351 297
103  W. Keung Leung 44 6465 626 417 280 257 216
104 Xiaodong Cui 23 6470 1796 1518 444 376 298
105 Prof. Paul Benjamin LOWRY 42 6419 471 388 345 310 281
106 Francis C. M. Lau 38 6285 351 302 185 177 165
107 Jasper Fuk-Woo Chan 42 6234 769 352 181 155 154
108 Hani El-Nezami 39 6221 815 422 410 306 229
109 David Carless 36 6142 797 605 376 332 282
110 Richard Fielding 44 6061 166 156 148 146 145
111 Jason R. Ali 41 5941 615 379 315 256 255
112 Godfrey Chan 40 5617 623 503 184 162 147
113 Kaibin Huang 32 5585 486 448 383 324 294
114 A. K. H. Kwan 37 5580 352 219 216 213 170
115 Matthew Evans 34 5572 759 564 453 293 272
116 Connie S.-H. Ho 36 5531 424 346 334 315 236
117 Lim Kwong Cheung 41 5476 282 251 220 144 140
118 SJ Xu 34 5441 615 444 330 272 234
119 Duncan Macfarlane 33 5413 756 642 469 417 199
120 Alice S T Wong 38 5416 1074 273 264 184 161
121 Michael Chau 37 5371 501 328 297 266 254
122 Kelvin Yeung 41 5328 384 329 131 112 104
123 Xiaoming Yuan 34 5237 527 328 285 262 239
124 Professor Mai Har Sham 34 5181 844 500 462 295 191
125 Dino Samartzis 40 5100 204 189 166 158 146
126 Zhongjun Zhou 32 5063 796 507 468 392 253
127 Stephanie Ma 31 5044 1138 687 459 383 325
128 Siew-Chong TAN 36 5018 413 261 243 218 199
129 Quan Hao 36 4987 657 358 197 180 157
130 Kenneth Mei Yee LEUNG 38 4934 348 260 230 131 130
131 T.H. Tse 39 4926 309 221 201 191 180
132 Chi Kin (Bennett) Yim 17 4870 1474 646 530 504 410
133 Antoinette Marie Lee 33 4852 529 469 302 178 157
134 Mok MY 38 4748 506 326 318 189 176
135 Terry Au 35 4671 501 365 324 257 246
136 Tommy Tsan-Yuk Lam 34 4670 949 338 204 199 193
137 Amy Lo 32 4638 506 454 383 305 197
138 Anderson Ho Cheung Shum, FRSC 34 4608 513 328 240 225 213
139 Chun-Ming Wong 33 4579 373 326 247 234 230
140 Graziano Chesi 34 4579 306 268 195 184 161
141 Steve Rowlinson 34 4512 266 240 228 202 183
142 Zhigang Tao 32 4483 513 310 301 250 241
143 Ngai PUN 26 4478 972 263 245 212 212
144 Edward K Y Chen 27 4455 750 329 297 296 275
145 Feng Yibin 30 4442 1757 390 257 166 123
146 Carol Chan 32 4421 400 235 187 166 146
147 Chul W. Park 13 4402 1055 812 590 493 466
148 Nancy Law 35 4388 573 299 252 146 141
149 K.Y.Sze 34 4346 325 253 157 146 134
150 W. Y. Szeto 38 4338 282 272 261 172 165
151 zhengyuan xia 39 4329 148 123 94 94 91
152 Kenneth Kak-yuen Wong 33 4298 577 563 216 155 152
153 Wai-Ki CHING 32 4272 399 331 240 148 125
154 William WL Choi 25 4235 570 373 337 311 311
155 Yick Pang Ching 38 4170 241 226 179 153 137
156 Linwei Tian 34 4157 239 186 172 167 152
157 Kenneth Kin-Yip Wong 34 4110 229 175 145 140 114
158 Thomas Yau 34 4101 393 279 267 200 193
159 Wai-Kay Seto 司徒偉基 36 4055 294 269 154 143 127
160 Stefano Cannicci 33 4034 880 296 184 122 114
161 Ui Soon Khoo 37 4040 247 150 145 122 121
162 Hing Ling Lau 31 4024 453 368 274 204 193
163 Brendan Stuart Hackett Weekes 31 4009 401 346 301 236 174
164 JIANGANG SHEN 38 3953 220 176 174 118 118
165 Francis T.K. Au 33 3943 185 151 137 136 129
166 Thach Thuan Quoc 23 3939 898 861 336 321 173
167 Merce Garcia-Barcelo 35 3921 563 172 142 136 118
168 Michael S.Y. Huen 25 3900 867 427 347 228 210
169 Ivan K. CHU 37 3899 204 156 131 124 115
170 K W Chau 34 3892 172 143 124 118 93
171 Wai Ting Siok 19 3876 481 393 383 376 369
172 Hailiang Yang 34 3860 272 147 131 120 103
173 yongqiang zong 34 3846 268 200 172 160 149
174 Yiu Kai Hang 35 3815 385 211 131 125 81
175 Ka Fai Chung 32 3772 516 232 137 133 120
176 Bayden D Russell 32 3754 276 262 247 237 209
177 Jiu Jimmy Jiao (焦赳赳) 36 3679 207 155 134 98 97
178 Johnny Yuen 21 3666 2132 212 194 155 103
179 BP Chan 28 3662 699 238 206 165 144
180 Wilfred Wong 33 3654 326 307 190 162 151
181 Brian Lang 梁熊顯 33 3607 262 217 119 118 117
182 Liu Zhonghui 28 3614 425 385 258 177 177
183 Chuan Wu 34 3597 203 170 142 122 119
184 Stephen Matthews 27 3493 1005 318 275 225 161
185 Leszek Karczmarski 27 3393 1044 198 194 158 141
186 W Yang 24 3386 335 326 226 203 202
187 Wing Suen 24 3355 1514 168 107 101 91
188 Yik-Chung WU 29 3358 424 206 165 128 124
189 Allan H.K. YUEN 28 3354 284 276 259 252 212
190 Kai-Fai Lee 34 3340 220 220 102 85 80
191 Dickson K W Chiu 30 3333 201 155 151 129 109
192 Zhu Huachen 33 3333 338 311 286 192 140
193 Boon L Lim 29 3334 348 190 183 174 174
194 Fengxian XIE 26 3323 657 237 205 197 173
195 Nirmala Rao 31 3318 205 180 171 150 145
196 Chi-kwan Lee 28 3312 511 309 197 185 172
197 Brian Moeran 30 3279 288 188 156 148 131
198 Liaquat Hossain 26 3279 263 254 214 155 145
199 Chok Siu Ho Kenneth 31 3256 179 179 150 143 117
200 Dr Wei Pan 31 3227 190 161 127 126 111
201 Dr. Ping Li 25 3207 310 268 185 165 131
202 Cho-Li Wang 27 3201 405 185 125 88 81
203 Jianbo Yue 20 3179 1741 261 202 126 84
204 Jinyao Tang 19 3117 635 487 388 343 262
205 Cheng Gang 32 3095 262 147 111 108 106
206 Kaimin Shih 29 3095 239 129 125 122 90
207 Guosheng Yin 30 3076 194 128 121 116 115
208 Sheng-Hua Li 32 3068 159 136 134 120 100
209 David Gardner 17 3033 1313 965 84 81 80
210 William Hayward 25 3027 351 300 209 196 172
211 Yiu EM 29 2956 382 217 161 138 112
212 Felix Cheung 11 2930 2288 242 131 73 36
213 Joseph SK Kwan 29 2905 365 253 240 211 211
214 Lu Wilson 30 2865 157 147 143 142 135
215 YILIANG LI 26 2797 278 267 195 181 157
216 Samson Tse 29 2792 281 119 90 86 82
217 Yang Jiayin 10 2789 865 828 425 276 158
218 Thomas Klee 24 2767 316 232 175 168 137
219 J Yang (Jun Yang) 30 2743 121 121 111 110 102
220 Kwok W. Chow 28 2732 129 99 90 68 59
221 Qizhou Lian 22 2712 351 341 285 227 195
222 William S W Cheung 27 2707 223 188 126 124 105
223 Hongyi Yu 18 2697 692 692 211 159 149
224 Albert Chan 28 2677 189 179 113 112 97
225 Agnes Tiwari 22 2658 519 195 195 174 150
226 Shenjing He 何深静 25 2633 277 255 216 165 122
227 Alan Chiang 27 2634 291 170 149 119 115
228 Roger Zwahlen 29 2615 134 130 127 93 89
229 T-H. Hubert Chan 19 2592 522 420 308 196 123
230 Xiaobin Zhao 23 2581 317 295 171 130 129
231 Bradley McPherson 28 2570 114 98 90 87 81
232 Jimmy de la Torre 23 2559 414 293 266 198 143
233 Professor John Bacon-Shone 25 2555 756 210 116 102 82
234 Vengatesen Thiyagarajan 30 2544 141 129 127 109 94
235 Chiu-On Ng (吳朝安) 25 2542 168 128 112 97 89
236 Joseph Michalski 27 2506 261 146 132 115 110
237 Eric Lau 23 2505 267 219 213 185 156
238 Wing-Yee Lui 26 2507 206 191 180 167 159
239 Ming Fai Pang 21 2494 401 307 245 222 177
240 Jinbao Li 27 2486 187 175 175 174 128
241 Wyss Yim 26 2464 399 136 133 106 99
242 Becky P.Y. Loo 29 2458 123 114 96 94 85
243 Louis Ngai Yuen Wong 23 2464 226 196 191 181 124
244 Rui Yang 24 2438 275 260 180 133 105
245 Pauline Chiu 30 2433 149 112 107 106 94
246 Peter Hills 25 2414 311 143 114 96 84
247 King-Shan Lui 27 2394 217 119 104 87 78
248 Sam Chu 24 2390 169 154 143 142 115
249 Lam, Shui-fong 25 2376 187 159 136 128 122
250 Joanna WY Ho 20 2371 466 272 216 157 129
251 Chan Y. F. Frankie 11 2349 1103 620 139 123 118
252 Philip CN Chiu 29 2342 220 220 213 99 80
253 Larry Qiu 24 2322 307 213 153 131 118
254 Hoi Wai Choi 27 2310 129 116 98 96 81
255 Ho Yin Lee 20 2308 1050 79 70 69 64
256 Jason W H Wong 27 2278 194 187 140 82 79
257 Ching-Lung Cheung 22 2251 1095 81 63 63 63
258 Frankie Ka Li Leung 25 2234 274 238 209 128 108
260 Ray Kai Leung Su 24 2221 105 82 73 72 71
261 Asif Javed 24 2209 372 216 145 138 126
262 Yunhe Hou 23 2203 144 124 100 100 90
263 Richard M. K. Saunders 28 2190 181 135 83 77 64
264 Kam Louie 19 2164 544 188 156 115 101
265 Minhong Wang 25 2146 135 135 116 111 110
266 karen joe laidler 24 2111 308 144 99 99 95
267 James Jixian WANG 22 2115 161 157 156 153 133
268 Bo-sin TANG 24 2094 438 174 121 113 106
269 Jetty Chung-Yung Lee 28 2065 185 148 120 104 91
270 Stephen C.-Y. Ng 26 2068 195 140 107 103 74
271 Xuechen Li 25 2044 130 112 103 95 94
272 KW Fu 22 2048 229 139 119 113 92
273 Siu-man Ng 27 2041 145 110 86 83 76
274 Daniel Churchill 23 2038 420 211 147 141 83
275 Chi-Wa Yuen 18 2029 908 200 135 102 91
276 Wen DENG 22 2018 507 137 124 96 93
277 Ning Wang 22 2007 390 257 166 85 79
278 Victor Yu-Leong Leung 22 1972 351 200 118 104 81
279 Rory M. Watt 26 1948 135 117 111 104 99
280 Li Jun Jiang 21 1944 131 79 74 65 51
281 VSF Chan 16 1919 695 375 281 107 91
282 Yue Cheng 25 1899 135 127 120 117 109
283 Haiyong Chen 22 1898 292 204 169 157 100
284 Albert Y.S. Lam 20 1878 324 158 137 134 116
285 Wing-Sum Cheung 25 1868 121 91 87 73 72
286 Akaysha C. Tang 24 1862 127 124 118 108 96
287 xiujuan geng 17 1846 393 227 150 138 129
288 chun lai 18 1843 615 278 139 106 68
289 Connie W Woo 21 1849 240 214 161 159 110
290 Edward S. Hui 18 1835 417 226 223 145 113
291 Dragon YongJun Tang 15 1826 315 252 243 187 128
292 Wendy Keung 20 1821 241 213 199 196 113
293 Zou Hong 20 1798 214 183 143 142 125
294 Jimmy Yu Wai Chan 25 1777 127 90 89 86 76
295 Po-Hsuan Hsu 19 1764 387 333 203 146 144
296 Jimmy Louie 24 1757 254 145 113 70 62
297 Harry F. Lee 18 1734 380 238 155 133 121
298 Julian A. Tanner 25 1731 111 104 99 86 84
299 Sandra Tsang 24 1733 208 94 93 76 58
300 Guangchuang Yu 14 1734 589 367 144 135 88
301 Kwan-Yee Kenneth Wong 22 1724 149 122 121 93 89
302 Terry Y. Lum 19 1705 437 351 77 67 60
303 T. QU 23 1710 230 100 88 73 71
304 Martin Cheung 10 1692 372 354 204 176 167
305 Gianni Panagiotou 22 1684 188 148 121 102 87
306 Chan, Roger C K 24 1664 123 88 88 78 77
307 Dr. Philip Wing-Lok Ho 23 1665 195 174 86 80 76
308 Wai Fung Lam 18 1652 512 279 277 277 98
309 Joseph Chan 17 1646 460 230 147 115 108
310 Christine Chan 7 1627 534 279 272 221 165
311 Lena L N Wong 23 1623 159 133 105 87 87
312 Yuelin Zhang 17 1630 351 341 227 83 66
313 Mantak Yuen 19 1624 206 124 96 77 75
314 Jun Yang 14 1624 785 137 117 115 100
315 Shien-Ping Feng 17 1610 613 81 74 63 46
316 Philip L. H. Yu 23 1591 168 115 96 69 64
317 Dr. Paul W.C. Wong 23 1587 229 109 92 88 57
318 Mao-Sheng Ran 20 1588 302 168 111 93 65
319 Bo Gao 16 1589 320 246 225 204 104
320 jianfeng yao 22 1584 157 118 78 66 65
321 Albert H Y Chen 18 1572 256 120 58 52 52
322 Jan van Aalst 20 1573 235 201 187 104 90
323 H Y K Lau 19 1543 138 92 82 45 39
324 Guanghua Yu 19 1537 88 74 74 57 51
325 Prasanna Neelakantan  BDS, MDS, PhD 20 1544 198 189 152 79 65
326 Patrick Ip 20 1518 180 117 109 70 55
327 Moriaki Yasuhara 24 1490 119 90 87 69 63
328 Wenlong Li 24 1474 143 138 79 76 71
329 Alex Y Lo 20 1459 118 95 86 85 76
330 Ngai Wong 19 1455 57 51 49 49 34
331 Tsang Paul Wai-Kei 17 1422 279 194 118 92 82
332 A. Alexander G. Webb 18 1420 155 133 108 104 97
333 Lydia Wai Ting Cheung 15 1419 279 279 185 184 114
334 M.X. Huang 22 1407 175 113 69 59 52
335 Joanna Ho 13 1387 272 216 157 129 99
336 Isabelle Y. S. Chan 22 1387 160 96 83 69 68
337 Ronald TK Pang 20 1352 220 220 83 79 58
338 Philip W. T. Pong 17 1336 170 103 78 63 57
339 Shirley Xin Li 23 1336 114 113 78 78 74
340 Hugo Horta 19 1332 186 143 84 80 59
341 Irene Wong 18 1333 173 148 133 118 75
342 Lai Vincent 18 1317 378 131 60 56 55
343 Clara S Tang 18 1325 228 162 136 109 91
344 Ming-De Li 18 1303 174 65 62 56 56
345 Chi Wing Kong 17 1303 228 132 131 95 90
346 Douglas W. Arner 18 1296 122 111 85 71 70
347 Christopher Hutton 16 1290 260 153 114 110 66
348 Ji Chen 19 1274 185 133 94 89 54
349 Daniel Wai Hung Ho 13 1265 479 241 99 57 55
350 Xingjian Liu 19 1257 99 83 67 66 61
351 Carlos KH Wong 19 1249 61 54 47 45 44
352 Li Li 18 1241 127 120 116 73 47
353 Raymond K Tsang 20 1243 99 90 74 65 63
354 Baofu Ding （丁宝福） 14 1231 657 92 35 33 33
355 Zheng Wang 16 1217 323 142 139 91 67
356 CS Wong 19 1221 182 68 58 58 55
357 HKF Mak 19 1223 232 131 67 60 52
358 Benoit Guénard 20 1215 176 118 57 56 51
359 Jenny Ka Wing Lam 16 1164 194 127 114 98 91
360 Yigui Han 20 1168 165 122 76 66 64
361 Guochang Zhang 15 1149 223 170 120 114 108
362 Yufeng Wang 13 1150 607 85 78 72 70
363 Chuang Yu 18 1147 276 143 81 68 60
364 Kwok-Ping Chan 16 1145 181 110 90 86 65
365 Zhansheng Chen 17 1144 197 158 67 58 46
366 Hong Zhang(张鸿） 18 1148 150 132 128 90 82
367 Elaine Lee Yuen Phin 17 1137 191 110 75 56 50
368 Estella Ma Pui-man 16 1134 382 138 55 54 42
369 Guy Freeman 16 1075 392 104 62 58 49
370 Janet H. Hsiao 17 1126 279 87 75 57 47
371 Jiangping Zhou 18 1119 94 91 66 46 46
372 Ping-Ping LIU 17 1116 236 174 166 68 62
373 Wing Chung Chang 17 1114 88 54 49 49 49
374 David A. Palmer 12 1109 434 328 67 39 33
375 Sam Po Law 19 1097 87 63 48 39 39
376 Aixin Yan 15 1105 244 205 86 75 65
377 Li Liu 19 1103 160 91 89 86 55
378 Yiwen Zhang 12 1103 298 167 141 124 62
379 Wai Chi Chan 17 1101 177 127 107 56 50
380 Chau Pui Hing 19 1102 103 60 48 48 46
381 Petula Sik Ying Ho 18 1094 170 87 57 52 47
382 Wen-Di Li 17 1071 181 176 92 60 54
383 Timothy D. Hau 13 1058 214 161 142 122 69
384 Law Yik Wa, Frances 18 1051 113 109 92 88 59
385 Ball KP LAI 19 1047 100 78 72 68 55
386 Cecilia Ka Yuk Chan 19 1042 112 88 78 68 45
387 Shirley S.M. Fong 15 1027 124 69 65 59 51
388 Chi-Ming Wong 16 1014 183 151 114 86 79
389 Guang-Jie Zhou 19 1016 231 77 71 66 66
390 Manwa L. Ng 17 1007 157 64 62 43 38
391 Cheng-han Yu 14 1002 212 137 73 70 68
392 Tao Liu 15 1003 212 112 99 77 62
393 Olivier Habimana 16 1001 145 124 119 71 70
394 lifeng shang 14 1000 306 110 108 56 56
395 Wei-Ning Lee 17 994 113 97 89 79 58
396 Law CK 15 994 237 149 90 74 32
397 Desmond Yat Hin Yap 17 992 95 91 72 65 61
398 Daniel C.W. Ho 18 977 118 75 62 53 50
399 Wang J. W. 14 974 292 120 77 64 58
400 Karen Wing Yee Yuen 10 971 346 130 127 105 96
401 Sing-Hang Cheung 14 962 148 142 137 125 51
402 Hoi Man Wong 13 963 384 101 59 46 45
403 Travis Kong 13 960 202 169 133 85 55
404 Huiluo Cao 17 958 104 92 79 76 68
405 chi kim cheung 14 950 171 155 85 63 61
406 Angela Ki Che Leung梁其姿 15 947 193 75 68 42 39
407 Xingang Ren(任信钢) 15 946 197 159 98 63 42
408 Pei-Hui Wang (王培会), PhD 17 946 134 86 77 77 73
409 Wai-Pong To 16 950 135 97 95 76 69
410 Gloria Wong 18 937 88 66 54 49 49
411 Dr. Gary Kui Kai Lau 18 939 81 78 70 69 65
412 Hui Li 16 931 126 77 70 59 45
413 HM WONG 17 929 87 62 49 49 44
414 Hayden Kwok-Hay So 15 916 219 71 62 62 50
415 Chun-Fai Law 8 900 437 204 137 40 20
416 sit wai hung 20 899 60 59 53 44 44
417 Hannah XY Hui 13 901 224 112 92 85 77
418 Xiang David Li 15 888 159 114 95 79 77
419 Pak Hei Chan 18 888 78 73 70 63 51
420 Derwin King-Chung Chan 17 880 98 73 59 57 52
421 Xiaoyan Hui 13 886 224 112 92 85 77
422 Victor Fung Shuen Sit, Victor Sit, Victor F. S. Sit 13 867 208 138 86 82 69
423 Lee Wei LIM 18 862 58 58 55 49 43
424 Bruno C. d. S. Oliveira 17 860 95 94 82 60 39
425 Guodong Li 12 857 301 221 41 30 30
426 FT Chan 11 855 202 201 136 50 39
427 Ian Y Wong 17 852 60 53 52 44 35
428 Kwan Yeung WONG 14 845 142 113 96 71 58
429 Paddy Chan 15 843 139 55 51 43 38
430 Joan Fan 14 841 127 102 100 87 53
431 Roine Leiringer 14 843 142 93 71 67 44
432 Han Liu 14 841 103 103 89 85 74
433 Susan Bridges 16 833 84 49 37 36 34
434 Timothy C. Bonebrake 15 835 169 151 77 50 46
436 Fengjuan Lv 10 803 351 188 47 41 38
437 Liyuan Zhang 15 797 111 87 63 58 52
439 Yanqi Yang 15 786 144 70 55 34 31
440 Christian S. Chan 13 784 138 103 96 72 67
441 ML Mei 17 786 67 65 63 56 53
442 Mike Brownnutt 12 766 134 113 100 90 58
443 Shiu-Cheung Lung 11 752 240 87 83 77 73
444 Jennifer YM Tang 16 747 88 66 63 54 49
445 Ronald D Hill 13 750 139 50 47 36 33
446 Ka-Wai Kwok 16 741 56 51 49 40 40
447 Yuki Chan 8 736 285 273 131 95 73
448 Yongcan Huang 13 738 118 88 78 77 77
449 Gao Xiaoli 17 730 92 62 59 46 46
450 Colman Fung Siu Cheung 17 724 77 46 45 42 37
451 Xiaoqing Hu 15 719 77 75 72 52 52
452 Kyung-min Nam 12 711 222 79 75 63 60
453 Harry Yi-Jui Wu 9 694 369 111 45 22 20
454 Tan Hor-Yue 13 701 257 56 43 41 39
456 Amy Y. M. Chow 14 687 78 71 52 37 33
457 Sinan Li 13 682 156 72 68 64 46
458 Jinfeng Xu 13 688 118 79 61 44 41
459 Xiaoran Zhang 16 680 69 64 57 48 37
460 Junxi Qian 15 667 57 52 51 39 26
461 Chui, Ernest W.T. 13 667 54 51 45 33 26
462 Dirk Noël 14 663 158 49 43 38 38
463 Ka Chun Cheung 16 654 83 58 48 39 32
464 Law Yik Wa, Frances 11 662 113 110 82 75 57
465 Hin Chu 14 655 93 52 47 46 40
466 Isabelle Y. S. CHAN 13 655 96 69 68 62 57
467 Miklos Sukosd 13 634 92 74 61 58 53
468 Man Ping Wang 15 629 68 54 44 29 28
469 KwokSing Ng 10 628 206 88 83 71 49
470 Xiao Zhang 15 626 75 57 51 38 30
471 Yan Xu 7 627 387 112 45 37 20
472 Yi Wang 9 625 358 95 49 34 21
473 Clifton Emery 13 625 98 93 61 47 46
474 Lucy Jordan 10 621 172 130 82 54 34
475 Chinmoy Sarkar 11 606 276 58 43 42 40
476 Yanfeng Zheng 10 610 126 120 103 94 68
477 Lennon Choy 13 602 105 48 48 45 44
478 Yu Zheng 8 604 146 138 89 39 38
479 Cheung, Yee Tak Derek 13 597 60 58 47 46 39
481 Zhiyi Huang 14 593 63 56 49 44 42
482 Alain Chiaradia 15 593 59 40 39 39 34
483 Chi-Un Lei 14 591 68 34 28 24 24
484 Weifeng Li 13 584 117 67 60 53 45
485 F F Ng 13 579 79 59 56 48 45
486 Pan Liao 14 574 123 60 48 42 42
487 Psl Beh 12 566 109 51 51 40 35
488 Jane C.Y. WONG 4 566 287 251 11 5 4
489 Liping Ma (HKU) 13 567 166 55 54 40 38
490 Su-Chin Chang 11 560 135 60 27 24 21
491 Qu Zheng 11 557 92 78 58 51 46
492 YIP Chi Lap 14 554 65 50 46 46 34
493 Waruna Lakmal Dissanayaka 11 550 75 71 69 69 56
494 Tse-Chun Lin 10 549 165 65 53 46 40
495 Yiu Yan Mike Leung 10 543 126 121 70 57 50
496 Lishan Ran 14 538 61 55 52 38 30
497 Jinlong YAO 9 538 173 86 64 63 36
498 David, X.Y. Kou 11 537 185 185 185 56 45
499 Sérgio D.N. Lourenço 12 531 99 65 45 37 33
500 James Kit Hon Tsoi 13 527 95 51 36 32 31
501 David M. Baker 14 523 52 52 41 34 33
502 Qian Liu (刘潜) 13 525 64 64 48 37 34
503 guoqi xu 5 517 269 116 90 11 8
504 Yuk-Kam Lau 13 516 35 35 32 31 26
505 Cheng Jiaqi 成佳淇 12 509 150 108 49 41 29
506 LAM, King Hang 11 505 140 45 39 38 31
507 Tuen Wai Ng 12 501 60 56 45 28 25
508 Kenny Kung 10 502 197 77 33 26 21
509 Jian MAO 11 504 150 128 49 41 35
510 Jizhuang Wang 10 498 145 74 69 49 42
511 Heming Cui 10 495 112 82 64 62 46
512 Chi-Ching Tsang 9 493 305 47 22 15 15
513 Tong King Lee 6 494 444 8 7 6 6
514 Changsheng You 7 502 193 108 70 69 25
515 Le Chen 12 488 54 51 50 42 40
516 Y. Jiang 10 485 74 67 66 52 52
517 Jackie Ying Wai Cheng 8 486 171 78 76 72 35
518 Fiona Kwok 12 485 49 43 38 29 26
519 Fei TANG 13 480 68 49 43 39 35
520 Kin On Lam 5 476 384 34 20 18 12
521 Vince Varut Vardhanabhuti 9 473 98 68 58 57 57
522 Tuen Wai Ng 11 471 60 56 45 28 25
523 Hugh Lu ZHU(朱璐) 13 468 128 50 31 31 29
524 Stanislav Markov 12 466 110 43 26 25 19
525 Janet Wong Yuen-Ha 12 464 44 38 24 19 16
526 James Jian Qiao Yu 10 461 134 86 85 33 23
527 Alexandra Cook 11 457 207 61 21 19 18
529 Stefan Auer 10 455 92 69 50 38 23
530 Caroline Dingle 8 452 149 71 68 57 57
531 Danwei Zhang 12 451 51 49 43 43 35
532 Thomas Schmid 11 444 121 61 58 56 36
533 Choi, Anna W. M. 6 443 337 25 14 13 9
534 Bo Wang 11 437 119 39 33 23 22
535 Ho-Chun Wu 9 435 142 124 45 29 18
536 Au Yeung Ryan 10 432 104 51 33 31 28
537 Michelle Rene Lowry 5 427 312 49 33 33 23
538 Dr. Fraide A. Ganotice, Jr. 13 425 41 32 32 29 29
539 Chris Fraser 13 422 51 27 26 26 21
540 Chad Lykins 6 418 277 54 41 19 7
541 Wenchao Wang 8 416 86 79 63 56 42
542 Yulei Luo 10 412 127 44 38 32 28
543 greg chan 13 412 73 57 41 34 30
544 Maximiliano Rodriguez 10 522 109 59 57 37 26
545 Ted C. T. Fong 11 408 83 43 30 28 23
546 Ben Law 10 406 138 41 31 21 19
547 yin tong 6 402 267 36 33 33 13
548 Can Li 10 395 58 37 29 25 18
549 Duangporn Duangthip 11 396 59 56 49 46 37
550 Kenneth KC Man 12 394 77 53 52 34 26
551 qingjun tong 11 393 77 72 59 28 28
552 Hailong Ye 13 391 72 45 31 28 22
553 Zhi Xu 12 390 98 33 31 31 29
554 Ting Fong May CHUI 11 393 59 39 30 28 28
555 Dorita H. F. Chang 9 385 89 87 62 36 34
556 Jisun Jung 9 379 96 36 33 29 26
557 Ailie K.Y.Tang, Assistant Professor 6 376 158 106 43 39 15
558 Ping He 11 376 83 54 45 26 25
559 Christine M.L. Kwan 6 373 102 98 64 51 23
560 Stephanie Y.L. Ng 8 373 228 57 22 19 12
561 Luke K.  Fryer 10 371 101 40 29 27 25
562 Yixiang Fang 7 369 225 30 30 19 15
563 Mark E. King 9 369 95 78 26 23 21
564 Liz Jackson 9 365 79 35 21 16 13
565 Ji Tae Kim 11 359 100 57 28 25 22
566 XiaoLei Sun 9 358 124 54 30 20 17
567 Hokuto Iwatani 9 369 85 67 40 34 24
568 Jingjin Liu 9 356 113 55 37 25 24
569 Quan Chen 11 356 24 23 21 18 17
570 Kun Wen 9 353 89 59 45 39 36
571 Elizabeth Ka Yee Loh 10 351 49 49 37 30 26
572 Bobo Hi Po Lau 9 350 182 26 22 16 14
573 HH Cheung 9 351 100 55 38 32 22
575 Hao Luo 8 347 159 59 31 19 11
576 WaiChi Cheng 8 347 64 59 56 56 55
577 Shing Fung CHOW, Aviva 9 348 127 91 23 23 20
578 Huang Nan 6 347 134 93 57 25 21
580 Geng Song 6 344 151 49 40 35 27
582 Chan M.K. Karen 9 342 98 56 35 32 22
583 Beibei Ru 9 340 79 76 48 44 27
584 Ling LUO 8 341 84 82 43 36 15
585 Nicole Judith Tavares 8 345 186 24 23 20 19
587 Xuanjia Qiu 8 337 142 59 43 25 22
588 Patcy Pui-sze Yeung 9 326 84 40 33 31 30
589 Gaowei Chen 10 326 126 29 28 15 13
590 Alex Wing Hong Chin 6 326 145 78 43 27 16
591 Yun Wen Chen 9 326 63 63 53 36 32
592 Andrea Yunyan JIA 8 319 137 55 25 20 17
593 Eric KY Lee 9 317 100 45 40 26 23
594 Hiu Tin Leung 6 315 150 86 23 20 13
595 Gavin Porter 7 315 180 55 33 16 14
596 Chin-Hsi Lin 8 315 97 36 34 18 17
597 David Clarke 10 308 53 30 27 27 20
598 Xiaochun Li 10 307 51 48 32 31 22
599 Ruibin Zhang 9 306 64 44 43 25 23
600 Benoit Thibodeau 9 303 83 35 33 28 27
601 Xinna Wang 11 301 40 34 30 27 22
602 Murphy Lam-Yim Wan 9 299 93 39 37 29 19
603 Yong-Fei Wang 9 298 63 62 41 33 29
604 Amy Sim 9 295 66 56 51 22 16
606 Jiangnan Zhu 9 295 67 42 40 29 21
607 Yanhui Fan 8 295 81 46 45 33 23
608 Chong Gao 5 292 122 61 59 27 14
609 Sarah Aiston 11 291 65 33 28 28 21
610 Yuen Yi Lo 9 291 50 50 49 26 22
611 Feng Xu 9 292 128 27 25 22 14
612 David McCarthy 9 290 66 31 28 26 23
613 Yong Feng, 冯勇 9 291 90 58 18 15 15
614 Ronald H.Y. Chung 10 289 59 59 29 25 25
615 Guang Ouyang 9 288 55 54 34 34 32
616 Daran Zheng 10 288 30 27 17 15 14
617 Dan Li 6 286 154 51 23 17 15
618 Frank Zhu 8 289 80 46 38 35 31
619 PING LI 11 287 37 31 28 21 20
620 Michael C. Y. Chan 9 283 69 41 30 28 21
621 Zhenyang Guo 9 281 46 41 40 38 33
622 Naomi Geeraert 7 280 110 107 20 11 8
623 Ho Ting Wong 10 280 29 28 28 27 21
624 Robert C Roberts 9 280 56 51 32 17 12
625 Gilad Feldman 7 279 141 48 26 20 12
627 Jingjiang Xu 9 277 45 36 33 27 22
628 Wong Hei Kiu 10 278 36 34 31 31 29
629 Kirin Q.L. Liu 7 270 129 45 39 20 15
630 Jianzhao Qin （覃剑钊） 8 269 93 32 27 20 17
631 Tianfan Cheng 8 267 45 40 39 39 29
632 Sheena Mirpuri 4 267 178 56 16 6 4
633 Kirsten Li Li 8 265 67 53 26 17 16
634 Chunqi Wang 8 264 69 61 36 20 17
635 Cissy Soong 6 262 63 61 39 35 34
636 Kathy Leung 5 259 189 21 19 18 5
637 Li Xianhui 10 257 32 25 23 22 19
638 Tom McDonald 5 257 178 24 13 9 6
639 Cheris Shun-ching Chan 6 254 61 51 50 44 10
640 Simon NM Young 9 251 40 33 31 23 15
641 Peng Wang 9 253 44 39 31 29 26
642 Manish Kumar Jaiswal 10 251 41 31 22 18 15
643 injoo sohn 6 251 79 49 42 41 17
644 Ze Xiong 8 252 74 50 32 17 12
645 Edmond P. H. Choi 8 244 39 25 20 14 12
646 Dominic, Chi-chung FOO 9 242 37 29 21 20 14
648 Fan Xue 8 236 39 34 25 24 24
649 Lin Lin 6 235 126 35 21 19 8
650 Guangxu ZHU 6 235 92 49 38 36 6
651 Jiafeng Hu 6 232 121 30 19 18 13
652 Jinhyun Choo 9 231 33 30 28 22 19
653 Wong Ka Yan 9 230 34 34 23 22 21
654 Brian W. King 8 232 61 43 28 21 18
655 YIK-HEI SUNG 8 234 86 30 17 14 14
656 Kwai Fung Hui 8 233 50 45 42 25 23
657 Benny C Ng 7 231 66 37 33 24 24
658 Siqiang Luo 8 230 79 79 33 30 22
659 Tsang Hilda 7 235 62 56 33 27 19
660 Bin Jiang 5 229 89 66 40 14 10
661 Jiatao Gu 6 229 169 13 13 12 10
662 Paul Joosse 7 228 85 37 29 25 15
663 Richard Weixing Hu 9 228 45 38 26 20 15
664 Anna CK Tse 9 227 40 35 33 33 14
665 Olya Zayts 9 226 29 25 19 18 15
666 Su Xiu XU 8 226 42 28 26 26 23
667 Kai Wang 8 225 47 39 33 28 19
669 Evans Wong Yi Chun 8 221 48 35 34 22 19
670 Michael Pittman 9 223 44 33 23 20 19
671 Zhijun Qin（覃智君） 8 219 27 21 21 15 14
672 Junling GAO 7 217 68 37 32 28 17
673 Jeevanie Epasinghe 8 220 62 36 31 23 17
674 Gillian Lee 6 216 73 67 43 10 7
677 Jennifer Nado 8 212 62 39 26 22 16
678 Vitus S.W. Lam 9 212 31 25 19 17 16
679 Xiaolong ZHU 6 208 64 57 25 23 13
680 Yu Deng (HKU) 6 210 90 58 23 14 9
681 Ackley Lane 6 206 45 44 41 30 30
682 Chan, Chee Hon 8 206 54 43 27 21 15
683 Fanzhen Meng 8 208 42 24 23 18 10
684 Christelle Not 7 205 66 38 27 25 21
685 Siqian Li 7 205 110 32 19 12 10
688 Jeffrey Wen Wei Chang 9 200 41 36 27 20 17
689 Puisan Wong 6 199 107 32 22 15 8
690 Yongshun Wang 7 198 55 37 24 24 21
692 I-Fan Su 9 196 38 30 19 19 17
693 Pengpeng Xu 7 195 59 40 20 19 17
694 Kim Batselier 8 191 32 14 14 10 9
695 yuzhen zhang 7 190 46 33 31 25 11
696 Ping Yu 7 188 44 30 23 13 13
697 James P Vere 7 188 55 31 27 24 18
698 Cathryn Donohue 6 186 64 33 21 16 15
699 Jun Wang 9 186 40 21 21 13 11
700 Hsiao-Hui Lee 7 186 68 35 22 19 9
701 Peter Sidorko 8 184 46 18 18 17 15
702 Xiang Liu 8 183 33 28 26 17 17
703 David Pomfret 8 183 27 20 20 17 16
705 Tianhe Song 8 182 34 30 24 20 20
706 Tyrone Kwok 6 180 68 40 18 15 12
707 Zhuolong Zhou 7 178 52 37 18 12 9
708 Daniel F. Vukovich  胡德 5 174 125 14 10 10 6
709 Yong-Hong Kuo 6 177 35 27 24 18 10
711 Till Röthig 7 174 72 27 15 14 13
712 Xue Li 7 171 52 31 22 18 14
713 Aneesha Acharya 7 171 41 37 28 21 11
714 Wu Kao 6 172 87 13 12 9 9
715 Fung Kam Wing 7 170 56 43 19 11 9
716 Perry Johansson 7 169 49 36 33 20 10
717 Xingxing Kuang 8 168 31 21 18 14 13
718 Zamzami Zainuddin 5 171 78 38 19 19 5
719 Karen HL Kwan 5 167 104 26 15 15 5
720 M.H. Lai 9 167 33 23 21 16 15
721 zhanghui kuang 5 166 79 24 20 19 7
722 Evan John Pickett 7 166 50 28 14 11 11
723 Hansen CHEN 6 164 59 36 23 15 12
724 Juan Carlos Astudillo 5 161 75 37 22 12 11
725 cheng liu 6 161 55 26 26 14 12
726 Winsy Wong 8 158 33 32 29 12 11
727 Md. Uzzal Hossain 7 158 34 29 22 14 13
728 Helen K. Liu 7 158 34 33 21 11 10
729 Ying Gao 8 158 23 22 21 19 17
730 Ziyu Lu 5 155 87 12 10 9 7
732 Cheng Yong Tan 6 154 48 33 23 9 7
733 Yang Yang 7 156 53 31 12 9 9
734 Eric C. Ip 7 153 21 12 11 11 9
735 Match Wai Lun KO 6 153 37 33 24 9 7
736 Pingan ZHU (朱平安) 6 154 85 18 12 7 7
737 闫硕 6 152 56 42 12 11 10
738 Ryan C.P. Wong 7 152 32 27 21 15 14
739 Kofi Yakpo 7 150 36 15 10 9 9
741 Pui Kwan Cheung 7 149 61 24 20 13 10
742 Weixia Gu 7 148 34 29 8 8 8
743 Kwan-Tat Barry Mok 8 145 21 18 17 16 14
744 Sisi Tan 7 146 25 22 17 17 13
745 Hui-Yuan Tan 6 144 50 32 29 12 6
746 Tomasz Cecot 6 144 84 15 10 8 8
747 Suqin Tang 7 143 50 16 13 12 9
748 Roderick Dirkzwager 7 143 32 27 25 13 10
749 Leon C. Ho 8 143 31 24 19 12 11
750 Xi Chen 7 146 35 30 25 13 11
751 Yingtian LI 7 144 53 31 12 9 9
752 Guibo SUN 孙贵博, PhD 7 139 49 19 18 11 8
753 Meanne Chan 5 139 46 39 30 11 8
754 Jana Patricia Valdez 6 139 46 27 16 16 8
755 Kevin K. Y. Ho 7 136 38 29 16 12 11
756 King Tin Lam 7 136 34 28 21 10 9
757 Yong Chen 陈勇 5 135 60 32 15 11 5
758 Wenlong Qi 4 134 56 38 15 8 4
759 Tom Verebes 4 133 53 34 13 5 3
760 Ewan Wright 6 132 29 23 19 13 10
761 Xin Lan 6 132 50 18 15 13 10
762 Chunxiao Dong 7 131 33 29 12 12 11
763 Yang Zhe 7 135 35 31 25 10 9
764 Jacqueline CK Lam 6 130 29 28 18 18 13
765 Shahla Ali 6 128 32 11 10 8 7
766 Zhenbo Ren 7 128 23 12 11 9 9
767 Xinming YANG 6 131 50 22 19 18 10
768 Divesh Sardana 6 129 42 17 17 14 8
769 Julia Shu-Huah Wang 6 127 35 30 19 11 9
770 Kendall Johnson 7 125 35 23 16 11 9
771 Jayson Shi Jia 6 126 41 41 15 9 9
772 Lu Qian Wang 6 125 53 24 16 10 10
774 Tom J. Barry 7 125 28 24 16 12 11
775 Yuxiang Yang 7 123 31 15 12 12 12
776 Ruonan Wu 4 123 56 36 9 9 4
777 Ke Chen 5 122 60 20 11 9 6
778 houshun zhu 5 123 33 29 23 21 5
780 Shuang Lu 5 120 49 17 15 15 12
781 Bowen Li 6 119 45 9 8 8 8
782 Bert Becker 6 118 32 15 12 10 7
783 Khun Eng Kuah-Pearce 6 116 40 24 17 10 8
784 Dirk Schnieders 5 114 39 25 20 14 9
785 Yan Xiaojun 5 113 43 27 19 7 6
786 Prasanna Karhade 3 113 85 7 4 3 3
787 Kendrick Co Shih 7 113 35 16 14 12 9
788 Corine SM Wong 5 112 32 28 18 16 8
789 Shelby E. McIlroy 5 113 37 26 26 10 5
791 Nutsa (M) Kobakhidze. PhD. 6 111 31 19 17 13 10
793 Asanga Guang Xing 5 109 54 18 11 9 7
795 perry gao 6 110 47 26 10 7 6
798 Wang Ivy Wong 5 107 30 22 18 17 15
800 xiting zhang 7 107 24 12 11 10 10
801 Anita Chi-Kwan Lee 3 105 94 4 3 2 1
802 Alex, Bai-Liang He 何柏亮 6 105 24 24 17 16 10
803 Kit Hang Lee (Brian) 4 104 60 7 7 5 4
804 Xuhui Jia 6 105 34 18 16 13 8
805 Wei Zhang 6 105 33 16 16 10 8
806 Yau Kei Chan 5 104 41 21 8 6 6
807 Ting Kin NG 6 106 14 14 13 11 8
808 Xu Li 7 103 18 12 12 9 8
809 Shuai Wang 6 102 25 17 12 9 9
810 Andy Wai Kan Yeung 7 102 16 14 13 12 8
811 Denise Tang 4 99 50 17 6 5 4
812 Xiaoxi Zhang 5 98 44 19 14 7 6
814 Gray Kochhar-Lindgren 5 97 24 22 11 9 6
815 Ming WK 5 98 25 17 17 15 8
816 Junhao Lin 4 97 55 20 5 5 4
818 Jing-Xin Cui 4 95 64 12 8 7 2
820 Xinran Zhang 5 95 24 23 14 10 7
821 Cheryl H. Chui 4 94 46 12 12 7 4
822 Shuhong Dai 5 93 42 16 9 9 6
823 Yi-Cai Zhang 5 93 24 21 19 11 7
824 Lewis A. Fraser 5 93 48 13 10 8 6
825 Thompson Philip 5 92 30 24 19 10 5
826 Hulei YU 6 92 47 11 11 7 6
827 Walter Y H  Lam 5 91 29 19 16 14 6
828 Chien Tat Low 6 91 23 16 15 10 8
829 Feng Gu (谷丰） 6 91 32 16 13 10 7
830 Zi Shuai Wang (王子帅) 5 89 40 23 12 6 6
831 Xiaobo Liu 5 88 32 17 9 8 8
832 Xue Yu 5 87 43 16 10 10 8
834 Xiaoyan Y. Z. Xiong 5 87 20 11 11 10 7
835 Shitong Qiao 5 86 16 15 11 9 6
837 Weihua Qing (卿伟华) 4 84 32 17 15 6 4
838 Xie Ailei, 谢爱磊 5 84 26 12 8 6 5
839 Di WU (吳迪) 5 85 22 13 13 9 5
840 Yiying Zhang 5 84 14 12 9 8 6
841 Yelin Fu 5 83 42 6 6 6 5
842 Jingxuan Tian 5 83 21 20 18 8 8
845 Colin Yu Lin 4 82 21 17 13 5 4
847 Cecilia Chu 6 81 20 14 12 11 8
848 Akanksha Gandhi 6 81 19 16 9 9 7
849 Mana M. N. Yung 5 81 27 20 12 7 6
851 Mathew Y.H. Wong 5 80 31 14 8 5 5
853 Jeremy Yip 5 79 37 17 9 6 5
854 Heeju Hwang 5 79 21 19 10 10 9
855 Yiang Fan 4 79 37 15 14 8 2
856 Kai Sing Sun 5 79 16 15 9 9 6
857 May L-Y Wong 5 78 34 11 9 6 5
859 Kaifeng Han 4 78 42 18 8 5 3
860 Lei WANG 5 77 20 19 18 12 5
861 Revathi Sekar 5 78 22 12 12 9 8
862 Jian Chen 6 78 20 13 9 9 8
863 Xiaofei Wu 5 76 19 13 9 6 5
864 Jianxiang Huang 黄健翔 3 76 32 22 19 2 1
865 Seung-Woo Ko 4 76 20 16 6 5 4
866 Chung Kwan LO 4 80 46 12 10 4 3
867 Mukesh kumar | B. Pharm. | M.S.(Pharm.) Pharmacology & Toxicology | Ph.D. Fellow 5 78 25 15 11 9 5
868 Shunbo LEI 4 77 25 22 12 8 3
869 giorgio biancorosso 6 76 15 12 11 11 7
870 Galmar Bruno 4 75 49 5 4 4 3
871 Sujuan Zhang 4 75 23 20 18 13 1
872 Qin S. Liu 5 74 20 11 10 6 5
874 Winnie Wai Lan Chan 5 74 23 11 10 8 6
875 Zhichao Luo 5 73 33 14 10 6 6
876 Hao GUO (郭浩) 5 74 22 14 10 8 7
877 Joseph C.K. Cheng 5 71 18 18 14 10 7
878 Chengdi Lai 4 71 27 13 10 6 4
879 Yue Song 4 70 18 9 6 6 4
880 Chuhang YU 6 71 13 12 12 8 8
882 Mairin Hennebry 5 70 22 12 7 7 7
885 Zhipeng Huang 4 68 33 13 10 7 3
886 Abhishek Kathuria 5 68 17 8 7 6 5
888 Hon-Ki Chan 4 65 19 18 14 8 4
889 Alex D. Schwartz 4 65 21 10 8 5 4
890 Shuyao Qi 5 64 16 13 12 9 6
891 Khaled E. Ahmed 4 64 32 13 9 9 4
893 Albert A. Voskanyan 4 63 22 17 14 5 4
894 Kai Quek 5 62 22 13 7 6 6
895 Y. WANG 3 61 49 5 4 2 1
896 Andreas Leutzsch 4 60 15 14 10 7 4
897 Danny Gittings (賈廷思) 4 60 18 14 7 4 4
898 Cheng Chen 5 59 19 10 9 8 6
899 Yulin Wang (王玉琳） 3 59 22 16 12 3 3
900 Robert Porsch 4 58 23 20 7 4 3
902 Mohammad MOMENIAN 5 56 16 12 8 8 5
903 Chongshan Liao (廖崇珊) 3 56 20 18 4 3 3
905 Tiantian Shen 4 55 13 10 9 5 4
906 Minghao Wang 5 55 17 12 7 7 6
907 Junqi Deng 5 54 18 10 9 7 7
908 Ziyan Guo 3 54 19 19 5 3 2
909 Fei Lin 4 53 16 13 9 5 4
911 Shufeng Zhu 5 51 16 8 7 6 6
913 J.J. Zhang 4 51 18 14 6 5 3
915 Nancy H. L. Leung 3 50 27 13 9 1 0
916 Chaoqiang Jiang 5 50 14 9 8 6 5
917 Ryan Whalen 5 51 11 9 5 5 5
920 Wei Han(韩伟) 5 49 9 8 8 6 6
921 Ye Tian 4 49 18 13 6 6 3
925 Xu-Chen Yang 3 48 35 6 4 2 1
928 Lu Jing 3 49 20 13 9 2 2
929 Terry van Gevelt 5 46 12 7 7 5 5
930 Yun Yang 4 46 18 6 6 4 3
933 Aaron Han Joon Magnan-Park 3 45 22 9 9 1 1
935 Meng Ye 3 46 16 14 11 2 1
936 Xingmin Cui 3 45 19 15 3 2 2
938 Ricci P.H. Yue 4 45 14 9 7 6 4
939 Man Fung Tsoi 2 46 30 10 2 1 1
940 Scott Jennings Melbourne 2 44 42 2 0 0 0
941 Divya Gopinath 3 44 21 7 4 3 2
943 HONGWEI YANG 4 45 13 10 9 7 3
944 Andersen Ang (A.M.S. Ang) 3 43 18 12 7 2 2
947 Deevesh Ashley Hemraj 3 43 16 9 5 3 3
954 Zigan Wang 3 41 23 11 4 3 0
956 Shenglan Xiao 4 41 17 6 5 4 4
957 Chris KW CHAN 3 40 19 5 5 3 3
958 Ken Lau 4 38 7 7 5 4 4
959 Zifeng Chen 4 38 14 6 4 4 3
960 Yat-Kiu Ho 3 38 15 10 6 3 2
962 Wangnan Cao 6 55 10 9 6 6 6
965 Dr. S.Q. Xie 3 36 17 10 5 2 1
967 Cole Roskam 3 34 20 4 3 2 1
974 Melissa Chunjiao LIU 3 34 9 5 4 3 3
977 Changfei Zhou 3 33 7 5 3 3 3
980 Gizem Arat 3 31 8 5 3 3 3
981 Ye YANG 4 31 9 8 4 4 3
987 Lucy Norman, Ph.D. 2 29 21 6 1 1 0
989 Alex T. L. Leong 3 29 11 9 9 0 0
993 Hailiang Wang 4 28 8 8 5 4 2
995 C.S. Shui 3 28 16 6 4 2 0
999 Chaofan Zhang 3 26 8 5 5 2 2
1003 Yu-Te Huang 3 25 8 7 4 3 2
1007 Luna Jing Cai 2 26 18 4 2 2 0
1023 Michelle R. Raquel 2 22 12 6 2 1 1
1024 Sdenka Z. Salas-Pilco 2 22 19 2 1 0 0
1025 Lucia Liu, L. 3 22 5 4 3 3 3
1027 Zhongqiang (Tak) Huang 3 22 11 6 4 1 0
1029 Daniel, Ting Wee Looi 3 22 4 4 4 2 2
1031 Ben Richards 3 23 7 7 3 2 2
1035 Xing Sun (孙星) 3 21 8 4 3 2 2
1036 hinhung Sik 3 21 11 3 3 2 2
1042 Michael H.K. Ng 3 19 6 4 3 2 1
1048 Loretta E Kim 2 18 8 4 2 1 1
1051 C. Zheng 3 18 5 5 3 2 1
1052 Yee Chi-Chung 3 18 6 5 5 2 0
1055 Quanyong Yi, 易全勇 2 17 5 3 2 2 2
1058 David Woo 3 17 7 3 3 2 1
1059 Long Chen 2 16 7 5 2 1 1
1063 Tang Siufu 2 15 5 3 2 2 1
1066 Tui Zeng 2 15 5 4 2 2 1
1069 Pan 3 15 7 5 3 0 0
1071 Ivan Valin 1 14 14 0 0 0 0
1073 Aditi Dubey-Jhaveri 2 14 5 2 2 2 1
1076 Wenpin Hou 2 15 4 3 2 2 2
1079 Xiangzhong Xiang 2 14 10 2 1 1 0
1081 Yat Hung Tam 2 13 5 5 1 1 1
1087 Lisa Cheung 2 13 5 4 1 1 1
1102 Suki Yiu 2 11 5 2 2 1 1
1113 Boris P. Chan 2 10 3 2 2 1 1
1114 Christine Yi Lai Luk 2 10 5 5 0 0 0
1115 Christine Luk 2 10 5 5 0 0 0
1121 khoo kay yong 2 9 3 3 2 1 0
1122 Guanzhong Ma 马冠中 2 9 5 2 1 1 0
1126 Benjamin Luke Moorhouse 1 9 5 1 1 1 1
1127 Meijun Liu 2 9 4 3 1 1 0
1129 Masato Kajimoto 2 9 6 2 1 0 0
1133 Ting Guo (T Guo) 郭婷 2 8 5 2 1 0 0
1146 H. Koon Wee 1 6 3 3 1 1 1
1154 Zeng Jinyan 曾金燕 1 5 3 1 1 0 0
1157 Mengjiao FAN(范梦娇) 1 4 3 1 0 0 0
1160 Ling Wai Hang, Henry 1 4 2 1 1 0 0
