1 William H. Press 76 154545 121817 120218 116426 116340 116282
3 Thomas JR Hughes 142 98551 10725 5569 5128 3492 3301
4 Alan Bovik 102 75762 18841 4576 2302 2145 2053
5 Sheridan Titman 80 71561 10001 6925 5827 2623 2602
6 James W  Pennebaker 110 66689 3463 3399 2364 2248 2070
7 DM Buss 105 62784 4554 4259 4148 2784 2759
8 David M. Hillis 77 62309 28385 3643 3055 2703 2443
9 Rohin Narayan 97 60688 16923 3692 3348 3130 3065
10 A.H. MacDonald 117 59981 1842 1671 1294 874 824
11 Vishy Iyer 48 50222 17498 5615 5457 4551 2370
12 Robert Heath 108 48313 1802 1802 1286 1111 914
13 S. Claiborne Johnston 94 46080 2914 2859 2773 1915 1718
14 Arumugam Manthiram 110 45819 1246 1032 741 719 694
15 Yu-yen Huang 102 45831 2290 2055 1132 977 911
16 Jeffrey Andrews 91 44977 3359 3289 2364 1885 1305
17 Martin Poenie 31 42545 22423 13630 729 611 603
18 Yin Zhang (章寅) 88 41596 2045 909 728 660 589
19 Andrew Ellington 90 40644 7472 1430 1325 1225 1158
20 Harry Swinney 87 40326 8823 4365 1116 867 857
21 Sharon Vaughn 107 38533 1944 1798 1312 1054 864
22 Brent Waters 71 38065 4048 3544 3335 2019 1574
23 Dana Ballard 62 37667 7702 5403 2324 2072 1521
24 camille parmesan 42 36338 7899 7894 5978 3493 1947
25 Andrew Whinston 92 36104 2047 1932 1485 1330 1052
26 Keith P. Johnston 101 35758 1858 706 517 423 404
27 Nancy A. Moran 103 35267 1504 983 874 849 758
28 Samuel D Gosling 61 35171 6440 4701 2910 1305 1220
29 Jiang-Hao  Yu 69 34906 7759 2495 2463 2094 1448
30 John Kormendy 72 34497 3718 3609 2514 2509 1405
32 r adron harris 96 30994 1266 977 531 399 387
33 Raymond Mooney 80 29939 1555 1555 1368 1044 963
34 Dodabalapur, Ananth 89 29845 1969 1335 1204 1173 1058
35 Chen Yen-Ting 71 29676 550 474 471 430 396
36 Devarajan Thirumalai 94 29286 1228 912 723 541 456
37 Edward F. Coyle 80 29175 2009 1720 1193 873 841
38 J K  Aggarwal 83 28886 2221 1712 1281 1019 777
39 Graeme Henkelman 50 28760 7055 4062 3660 2446 1489
40 Howard Ochman 75 28551 3241 2110 1553 1239 1075
41 Vijay Mahajan 82 28472 2817 1987 1289 848 798
42 Benny Dean Freeman 82 28396 1614 950 921 888 614
43 Edward Marcotte 72 27243 1985 1873 1655 1516 1090
44 Inderjit S. Dhillon 73 26575 1831 1666 1645 1428 1343
45 Luis Caffarelli 84 26317 1316 1306 1120 935 908
46 Daniel Johnston 84 26084 1230 1215 934 903 570
47 George Georgiou 88 25142 1057 692 633 516 446
48 Joydeep Ghosh 63 24935 3896 3454 1343 1246 847
49 David A. Harrison 53 24924 2882 2067 2067 1444 1149
50 William M. Tierney, MD, MACP, FACMI, FIAHSI, FRCP 80 24440 823 671 659 599 499
51 James R. Chelikowsky 81 24350 2312 1097 806 557 499
52 Robert Jansen 76 24064 3345 2290 1540 580 574
53 J Bull 66 24052 3643 1638 983 883 867
54 William Cochran 76 22660 1589 877 820 704 673
55 Chandra Bhat 79 22344 896 883 571 522 521
56 Bryan D. Jones 52 21967 7341 1775 1144 967 765
58 Tim Schallert 76 21204 1086 729 552 550 502
59 Peter Stone 71 21112 1339 806 712 541 482
60 Daniel Hamermesh 68 20788 2789 1598 841 747 611
61 John Mirowsky 66 20556 1932 1189 1062 982 761
62 Peter Thomas 74 20478 1217 756 681 479 428
63 Debra Umberson 43 20244 7028 1904 1205 1201 902
64 Vladimir Lifschitz 55 20171 4330 2430 671 634 528
65 Peter Mueller 55 20067 5397 1689 672 660 497
66 Li Shi 55 19696 3276 2176 1605 1329 818
67 J Stuart Wolf Jr. 72 19653 1146 1138 774 614 441
68 Donald A. Levin 68 19382 1173 868 787 761 601
69 Jon Huibregtse 53 19283 4100 2333 1083 896 835
70 Jonathan Bard 64 19217 4233 1333 551 535 492
71 Wayne D. Hoyer 54 19173 1869 1867 1867 1291 1253
72 John Gerring 36 18663 5327 2987 1724 1425 560
73 Maria José Afanador-Llach 52 18604 4086 1415 831 544 212
74 Laura Starks 48 18282 1911 1580 1399 1156 862
75 Alan Lambowitz 77 18086 776 672 512 445 294
76 Robin R. Gutell 64 17919 1610 1474 825 785 768
77 Mark Kirkpatrick 65 17799 1258 1111 1035 699 654
78 Byron Tapley 65 17799 1674 1457 816 688 452
79 Mukul Sharma 67 17627 446 433 373 357 293
81 Kristen Harris 59 17471 938 933 889 845 751
82 Zong-Liang Yang (杨宗良) 58 17333 1522 1132 1129 969 755
83 Stephen Martin 67 16617 1302 557 463 448 307
84 Yongjin  Lee 57 16570 1261 779 321 308 294
85 chen, ray t. 49 16524 254 233 162 141 141
86 Mark O'Reilly 63 16265 556 392 248 220 202
87 Emanuel Tutuc 48 16255 8713 927 630 308 288
89 Kenneth A Johnson 68 16213 603 603 589 575 549
90 elaine k. horwitz 24 16160 4745 1519 1287 1209 929
91 Karl Butzer 62 15744 1256 868 861 695 461
92 Ahmed   Tewfik 59 15627 1445 822 679 576 511
93 Bertram Gawronski 58 15471 2059 1517 1222 597 504
94 Kristen Grauman 63 15326 1643 728 685 671 532
95 Dr. Alex Q. Huang, Dula D. Cockrell Chair in Engineering 61 15331 759 646 450 419 377
96 Jacob Abraham 59 15270 1214 478 478 426 294
97 Gary A. Pope 63 15115 475 475 423 375 345
98 Don Batory 60 15103 1241 1102 805 393 388
99 Shanthi Murali 25 14941 5758 3741 975 771 738
100 Kristin Neff 36 14792 2600 2037 1062 803 795
101 Robert Crosnoe 58 14756 1887 808 716 714 535
102 Janet M. Dukerich 25 14490 5399 3639 1886 955 294
103 R. Orbach 55 14442 2221 908 797 523 488
104 Frederick W Taylor 50 14227 4353 1214 805 802 580
105 Sandra E. Black 32 14136 1758 1608 1143 1074 1009
106 R J Steel 65 13806 870 851 417 309 265
107 Susan E. Cameron Devitt 13 13767 12863 212 164 84 82
108 Stephen D. Reese 38 13393 4896 1202 839 599 484
109 Wilson S  Geisler 53 13318 1951 777 679 664 469
110 Tracy Wang 42 13133 771 457 251 181 146
111 Larry Lake 58 13018 3160 475 414 285 259
112 Daniel Leahy 50 12932 1358 954 951 709 695
114 S.V. Sreenivasan 59 12728 881 477 393 376 321
115 Simon Lam 52 12709 1409 1005 667 515 467
116 Aloysius Mok 47 12556 1263 881 720 688 664
117 jstrother moore 43 12425 3397 2482 960 330 254
118 M Dahlin 50 12315 1546 754 658 461 460
119 Gregory L. Fenves 46 12304 1979 1386 1173 1082 412
120 Bridget Scanlon 57 12221 1329 613 563 443 416
121 John A. Daly 57 12052 945 733 469 422 342
122 Ron Elber 56 12038 1289 745 584 435 433
123 Sriram Vishwanath 39 11947 2448 1706 896 612 446
124 Dewayne E Perry 43 12043 2663 947 746 585 479
126 Mikhail V  Matz 47 11708 2077 905 528 461 438
127 Delia J. Milliron 50 11565 1419 1178 488 444 359
128 Z. Jeffrey Chen 52 11532 765 672 502 446 445
129 Dr. Kara Kockelman, P.E. 48 11514 2768 560 490 457 295
130 Jonghwan Kim 22 11501 4503 1785 1200 678 616
131 Anthony Di Fiore 42 11452 1100 840 699 578 575
132 Charles Buddie Mullins 61 11423 421 379 231 221 197
133 Adnan Aziz 45 11348 887 471 396 379 245
134 Lili Qiu 49 11314 2057 1048 384 360 351
135 Mary Hayhoe 43 11151 1281 957 761 734 476
136 Brian L. Evans 45 10961 1225 777 542 532 414
137 Richard Ketcham 48 11036 1175 809 730 508 445
138 Robert Messing 58 10926 1243 890 456 314 305
139 Kenneth R Young 51 10927 1010 486 362 306 224
140 Rick Neptune 56 10916 819 576 399 322 320
141 Galen Strawson 34 10883 3736 874 833 706 612
142 Pamela Paxton 43 10864 2011 1239 790 449 425
143 Andrew Dunn 47 10853 1117 714 601 572 366
144 W. Todd Maddox 54 10655 907 385 373 372 273
145 Isaac Sanchez 53 10591 1556 1246 321 275 245
147 MPA Jackson 50 10488 908 698 584 424 404
148 Stephen T. Russell 49 10411 948 684 666 420 389
149 Timothy Keith 51 10344 1347 633 514 485 387
150 Tom Brenna 52 10240 652 504 471 440 310
151 Leszek Demkowicz 52 10205 781 503 473 397 284
152 Ulrich Mueller 52 10149 1142 804 688 385 374
154 David Cannatella 49 9947 1289 549 490 487 333
155 Lawrence E. Gilbert 51 9939 634 563 509 435 420
156 James W McClelland 44 9645 1247 1172 559 498 373
157 kamy Sepehrnoori 48 9632 475 423 375 240 175
158 Max Snodderly 50 9618 908 535 479 451 449
159 Austin Cooney 42 9597 1906 917 555 508 437
160 Theresa Jones 49 9581 1293 696 552 397 375
161 john wallingford 45 9571 719 565 467 348 344
162 Surya Santoso 31 9568 4066 1031 436 431 429
163 Michael C. Downer 50 9499 535 373 361 359 313
164 Hao Ling 53 9478 927 793 426 254 226
165 Lawrence A. Lawver 49 9433 653 632 564 527 480
167 Jennifer Beer 33 9395 2245 818 638 596 596
168 Claus Wilke 47 9270 725 613 568 365 359
169 Timothy H. Keitt 38 9221 1064 972 774 668 555
170 Keshav Pingali 53 9146 665 415 341 291 272
171 F  Gonzalez-Lima 53 9118 862 635 245 232 175
172 Donald Blankenship 46 9095 808 808 589 385 354
173 Andrew Dillon 41 9079 894 824 671 528 464
174 Shikhar  Singh 36 9041 185 172 148 91 84
175 Andreas Matouschek 44 9006 911 751 507 437 432
176 Knud Lambrecht 26 8998 5277 501 420 354 230
177 Gary P. Freeman 43 8854 1324 589 494 447 405
178 Michael Boylan-Kolchin 45 8783 833 822 755 671 509
179 Bersuker I. B. 37 8745 1668 1005 582 470 350
180 Diane Schallert 36 8698 1122 1023 722 578 383
181 Jeffrey E. Barrick 39 8692 918 685 488 435 419
182 Gustavo de Veciana 44 8637 916 582 501 345 294
183 Philip J Morrison 47 8636 724 476 278 269 262
184 Sergey Fomel 51 8642 509 479 323 273 217
185 Jasper Smits 46 8627 1177 619 607 235 233
186 Rayala Naveen Kumar 34 8589 851 438 215 212 134
187 Robert van de Geijn 51 8573 572 436 310 300 300
188 Mark B. Powers, Ph.D. 44 8574 836 642 619 541 532
189 Christopher Wlezien 43 8557 855 556 472 419 389
190 Sahotra Sarkar 48 8529 491 395 386 366 266
191 Matthew  S. Eastin 31 8409 1128 825 679 643 540
192 Alan M  Lloyd 38 8398 625 621 586 574 551
193 Lee A. Fuiman 42 8385 2259 351 316 295 198
194 Stephen Grand 45 8343 1023 684 560 474 341
195 Clint Dawson 49 8335 359 306 299 297 271
196 Mrinal K Sen 45 8257 903 470 454 248 200
197 Mark Hayward 48 8210 689 541 442 349 323
198 frank cross 45 8190 747 465 379 371 275
199 Jemison 19 8188 2630 1783 1516 296 295
200 Matthew Vaughn 33 8127 2683 1079 688 390 324
201 Timothy Rowe 47 8146 1014 487 471 369 259
202 Rui Huang （黄锐） 49 8091 1329 334 301 272 215
203 Nur Touba 48 7997 423 407 355 355 326
204 Ronald Angel 42 7994 885 478 468 373 367
205 Kurt Weyland 41 7971 745 561 527 487 422
206 David R. Kincaid 25 7898 2174 2136 2015 1568 225
207 Deepayan Chakrabarti 30 7874 937 726 651 610 589
208 loucks rg 39 7858 1613 988 600 452 393
209 Diane E. Bailey 18 7851 4428 968 896 452 260
211 Robert O  Williams III 50 7830 486 308 258 214 208
212 Anitesh Barua 37 7824 1673 770 455 403 336
214 William Carlson 41 7771 1175 730 730 508 457
215 Shelly Sakiyama-Elbert 47 7747 557 427 386 347 342
216 Lizy Kurian John 46 7684 393 284 274 256 245
217 Michael Domjan 46 7648 1105 339 287 272 259
218 David Z. Pan 47 7570 230 176 172 170 165
219 Pengyu Ren 34 7576 1165 783 725 538 454
220 Chun Huh 40 7549 1323 470 414 339 240
221 Daniel S. Freed 40 7526 954 757 478 464 373
222 Omar Ghattas 47 7403 338 327 284 249 211
223 Hal Alper 42 7395 750 689 440 434 379
224 Luis L. Martins 22 7320 3362 1356 525 402 284
225 Björn Manuel Hegelich 42 7285 797 559 509 450 319
226 Zoltan Nadasdy 22 7243 1384 1351 1305 875 678
227 Daniel Stockli 50 7119 231 224 167 166 164
228 Mark Regnerus 35 7034 1341 415 391 372 323
229 deji akinwande 41 7010 662 601 565 294 286
231 Lauren Ancel Meyers 41 6927 580 571 462 410 293
232 Milos Milosavljevic 39 6907 1179 1161 546 254 253
234 Roger Bonnecaze 40 6828 1123 433 351 351 241
235 John Tassoulas 27 6701 4168 186 108 105 90
236 John M. Griffin 22 6691 924 755 614 549 514
237 Michael Marder 39 6641 919 426 412 343 312
238 William R. Cook 33 6593 1110 616 496 492 287
239 Deborah Jacobvitz 32 6585 1133 893 486 359 289
240 Alexander A.  Demkov 44 6563 412 276 260 203 176
241 Sen  Xin 39 6549 1070 852 411 368 246
242 Jessica Church Lang 19 6501 1359 1019 988 976 867
243 Donald Elbert 33 6447 683 591 584 516 418
245 K Ravi-Chandar 41 6440 511 433 353 297 267
246 Ari Kahn 11 6433 3874 1605 304 284 139
247 Cliff Frohlich 44 6424 426 270 254 200 185
248 Junmin Wang 42 6408 221 211 174 159 156
249 Keith Brown 25 6389 1957 1399 526 482 229
250 Enamul Huq 33 6322 798 618 444 365 337
251 Linda Reichl 26 6302 2735 1112 165 123 95
252 David Zuckerman 37 6269 673 640 466 447 395
253 David Mohrig 46 6191 360 312 257 249 246
254 Jay Banner 37 6184 842 784 301 251 232
255 Zachary Elkins 25 6173 1550 850 671 514 329
256 Vijay Janapa Reddi 22 6140 3625 367 255 233 142
257 Jun-Hwan Choi 32 6133 1262 683 563 472 296
258 David Bogard 40 6124 536 434 358 355 310
259 Daniel T Jaffe 45 6127 284 281 200 188 180
260 John Markert 37 6110 677 528 334 285 227
261 Xingwen Yu 32 6103 736 617 391 199 162
262 Lawrence K. Cormack 35 5988 1214 775 551 205 197
263 Jon E. Olson 38 5975 469 271 261 247 238
264 Sheldon Landsberger 33 5952 1175 540 319 224 155
265 Christopher Beevers 42 5945 648 315 275 212 178
266 Tal Yarkoni 32 5939 1101 528 402 372 354
267 Jamie Cannone 28 5912 1610 1474 342 238 236
268 Carole K. Holahan 35 5905 673 352 350 326 318
269 Dmitrii Makarov 41 5899 581 423 412 303 254
270 Peter B. Flemings 38 5860 506 315 268 250 191
271 Kishore Mohanty 42 5827 215 204 167 157 153
272 Emmett Witchel 32 5814 691 505 466 401 347
273 Navid B Saleh 27 5802 793 746 469 416 410
274 Daene McKinney 36 5802 517 375 365 277 264
275 David Birdsong 24 5799 844 707 686 562 422
276 Robert Luskin 28 5797 982 883 685 583 242
277 Mary Velasquez 26 5790 2599 656 346 238 233
278 Thorsten W. Becker 40 5784 467 414 215 201 155
279 Anita Vangelisti 40 5783 849 360 261 244 213
280 Cameron Craddock 31 5762 748 670 598 312 302
281 Chandra Muller 40 5753 349 302 258 256 253
282 Peter M Ward 39 5753 424 316 307 303 276
283 Hans A.  Hofmann 37 5732 731 382 374 258 235
285 Brian K. Horton 38 5646 549 247 229 198 196
286 C. Randal Linder 37 5638 454 439 424 360 305
287 Darla Castelli 29 5646 986 735 546 373 279
288 Patrick Heimbach 39 5611 367 279 275 234 210
289 Vijaya Ramachandran 36 5601 1407 310 159 145 144
290 Brett J. Baker 33 5584 870 650 388 367 252
291 Constantine Caramanis 32 5566 1312 756 441 220 143
292 Vijay K. Garg 38 5545 450 220 218 197 195
293 Lisa M. Gahagan 25 5508 977 601 527 480 380
294 Adam L. Kraus 42 5512 460 311 265 217 217
295 Jay Hartzell 20 5460 1911 710 603 502 259
296 Cynthia Beath 28 5455 1523 522 340 293 265
297 Todd Arbogast 35 5438 579 393 276 240 228
298 Qinshan Yang 28 5447 573 487 324 185 171
299 Jianli Chen 40 5426 431 338 314 282 251
300 Jung-Fu Lin 42 5409 311 231 227 189 176
301 Tracy Villareal 46 5394 478 187 166 156 146
302 Stephen E. Laubach 38 5355 469 251 247 233 216
303 Kerry H. Cook  41 5349 482 342 302 247 203
304 Rong Fu 41 5349 324 221 216 206 195
305 Venkat Ganesan 36 5332 681 641 198 148 135
306 Ari Arapostathis 33 5319 528 471 264 249 244
307 Raj Raghunathan 18 5283 1099 848 680 514 439
308 Robert M. Reed 21 5267 1613 988 824 521 137
310 Richard Fitzpatrick 36 5185 574 467 280 270 245
311 Thomas Yankeelov 39 5157 315 297 284 280 165
312 Steven L. Finkelstein 28 5151 1072 1037 240 229 219
313 xiaoqin li 31 5148 942 739 294 237 237
314 lillian f mills 31 5139 544 512 454 408 218
315 David Beaver 33 5131 731 567 489 486 317
316 Karen Fingerman 41 5114 315 279 249 244 230
317 Stephen G Donald 27 5107 1048 860 565 393 245
318 David M  Schnyer 39 5103 319 309 277 250 203
319 Stephen Wechsler 23 5097 2573 295 252 202 189
321 Mikhail Belkin 37 5015 505 268 239 239 234
322 Marie Monfils 28 4956 934 679 266 261 210
323 David A. Vanden Bout 36 4865 597 325 257 154 143
325 Joseph Straubhaar 34 4858 927 545 288 278 218
326 Terrence Quinn 42 4837 404 370 180 170 158
328 Zheng Wang 27 4822 911 618 388 343 270
329 Chad M. Landis 34 4810 473 389 334 250 226
330 Miyong  T. Kim 39 4787 302 245 191 142 132
331 Michael E. Webber 37 4751 249 204 193 158 153
332 Adela Ben-Yakar 29 4684 901 519 455 213 208
333 Desmond Lawler 32 4671 1614 1614 278 219 109
334 Nathan Bangs 35 4661 310 291 253 210 198
335 Nathan Jensen 27 4658 973 700 514 373 364
336 Yu-Sheng Su 15 4648 1246 1032 741 374 249
337 David S. Yeager 26 4626 782 782 428 303 280
338 James A. Austin Jr. 37 4585 551 205 186 167 113
339 James Howison 29 4581 591 388 366 297 226
340 Edward Buskey 44 4565 190 168 164 160 122
341 Pedro G. R. Teixeira, MD 37 4489 324 289 212 210 188
342 Matthew S. McGlone 27 4469 1087 336 249 239 228
343 Cynthia Franklin 35 4460 156 152 150 146 141
344 Min Liu 34 4460 370 346 332 159 151
345 Noel T  Clemens 34 4450 302 220 183 140 139
346 Eric Knuth 32 4421 420 389 298 272 248
347 Harold Zakon 39 4379 253 129 114 109 99
348 J* Woolley 29 4372 1111 782 318 257 183
349 Kyle M. Miller 27 4356 795 429 394 319 267
350 Chung-Yon Lin 19 4345 2211 408 394 358 169
351 Kenneth Liechti 35 4338 326 324 283 191 182
352 Michael Orshansky 28 4319 640 396 243 235 196
353 Philipp Krähenbühl 18 4302 1055 999 455 268 263
354 Su Yeong Kim 41 4289 253 208 184 153 138
355 Haris Vikalo 30 4288 1230 338 235 214 170
356 Edward C. Theriot 37 4273 296 252 218 174 145
357 Youngchun Kim 21 4233 1257 798 625 137 112
358 John Holt 30 4229 808 226 216 160 158
359 W. L. Fisher 25 4226 870 526 389 298 190
360 Mojdeh delshad 32 4225 423 375 182 152 139
361 John A. Goff 35 4218 473 160 156 128 119
362 Bruce Porter 32 4220 462 443 396 252 151
363 Mary A. Steinhardt, EdD, LPC 29 4165 511 390 315 237 229
364 Rueben Gonzales 34 4144 349 267 198 196 145
365 Andreana P Haley 28 4131 1258 471 324 250 175
366 Dix T 23 4127 1168 365 332 319 252
367 Lele  Peng 29 4100 587 530 450 215 203
368 Julie Irwin 24 4092 617 518 393 333 289
369 Randall Marrett 27 4070 686 469 315 251 200
370 Duncan Young 26 4050 848 808 380 216 160
371 Ellen M. Rathje 31 4027 335 212 184 183 182
372 Mia K. Markey 33 4025 333 324 243 220 148
373 Richard A. Morrisett 35 4022 399 342 234 220 198
374 Sibum Sung 22 4013 741 558 381 320 283
375 James Mauseth 33 4009 765 552 162 96 93
376 Jay M. Bernhardt 35 4003 252 230 204 193 158
377 William L. Rowan 35 3994 206 199 181 141 138
378 Jorge G. Zornberg 32 3965 254 170 137 119 108
379 Charles Werth 38 3954 175 156 133 127 126
380 Yuebing Zheng 32 3952 363 359 305 276 212
382 Stephen Gilbert 25 3926 847 670 309 210 188
383 Thomas E. Juenger 41 3927 169 146 140 134 109
385 Christine Hawkes 30 3870 386 386 234 207 197
386 Blanca León 28 3866 377 306 285 234 204
387 Diane Bryant 29 3868 250 240 226 199 196
388 William Spelman 22 3858 696 517 284 265 237
390 Gabriel C Wu 11 3829 1654 820 457 303 164
391 Maura Borrego 30 3797 638 280 148 147 145
392 James E Gardner 33 3782 351 210 206 187 142
393 Charles Kerans 30 3706 365 254 163 146 126
394 Sheng-Heng  Chung 22 3707 1246 482 194 185 171
396 Sean Gulick 33 3696 725 197 156 123 118
397 Richard P Meier 28 3694 666 324 276 245 194
398 Julia Clarke 30 3686 273 261 237 212 188
399 Michael Drew 18 3685 863 840 439 170 137
400 Nicholas Priebe 23 3676 565 399 257 228 215
401 K. Paige Harden 32 3669 236 204 180 157 137
402 Andreas Gerstlauer 28 3668 770 272 209 174 168
403 Carlos H. Caldas, Ph.D., P.E. 31 3672 281 199 188 168 144
404 Dean A. Hendrickson 24 3666 668 662 303 282 147
405 Todd Humphreys 35 3670 392 166 143 127 99
406 Daniel Wasserman 28 3660 680 678 181 173 121
407 Mattan Erez 30 3646 567 394 202 200 167
408 Alex Huk 21 3625 528 483 416 379 299
409 Eric Hirst 17 3626 738 402 299 280 275
410 Stephen Trejo 26 3609 586 330 281 272 170
411 Zenzi M. Griffin 20 3605 763 673 318 314 246
412 Michael Benedikt 15 3579 1455 923 472 129 101
413 Wenhong Chen 陈文泓 25 3564 805 423 304 223 156
414 Greg Roberts 29 3556 328 271 253 226 165
415 Hugo A. Andrade 34 3548 328 196 184 181 145
416 Subhashini Venugopalan 14 3541 1720 471 363 345 200
417 Farzam Javadpour 27 3525 859 765 240 132 119
418 Wendy Hunter 26 3523 373 366 348 311 253
419 Joseph E. Potter 36 3516 357 161 129 127 110
421 Clay Spinuzzi 27 3499 609 538 300 181 171
422 Daniel H. Robinson 32 3494 327 207 175 146 144
423 François Waelbroeck 30 3490 488 192 168 155 148
424 Livia S. Eberlin 34 3490 255 184 174 167 143
425 Joan E. Hughes 21 3420 1405 599 301 121 95
426 Yuanyue Liu 28 3419 630 256 226 200 200
427 Andrew Neitzke 27 3400 565 360 282 261 164
428 Bum Kyu Lee 18 3381 1580 398 299 262 95
429 Linda Mullenix 34 3369 250 209 188 156 148
430 Gail Christeson 28 3361 725 268 179 135 125
431 Richard Corsi 32 3353 147 138 126 123 122
432 Keji Lai 28 3350 675 261 248 234 219
433 Clemens Sialm 20 3325 893 553 310 285 187
434 Thomas Gaussiran 19 3322 654 648 519 221 211
435 Gerald Speitel 33 3308 215 188 121 116 105
436 Emily L. Que 15 3296 1480 1480 846 832 199
437 Tongwei Zhang 25 3279 554 439 249 148 136
438 Jennifer A Miller 18 3275 1716 259 254 195 154
439 David A. DiCarlo 30 3271 234 205 160 130 124
440 Luc Lavier 27 3240 356 269 232 216 185
441 Yuri Jang 32 3235 260 175 154 113 108
442 laura suggs 33 3221 197 184 152 140 140
443 Caroline A. Bartel 18 3216 726 586 369 311 196
444 Nancy Hazen-Swann 27 3204 679 190 187 183 167
446 Andrew C. Potter 27 3198 319 271 253 233 200
447 Qixing Huang 31 3197 351 318 239 203 172
448 Eric van Oort 27 3194 353 280 209 200 115
449 Matt Lease 29 3194 691 159 154 132 126
450 Carolyn Conner Seepersad 34 3191 223 142 126 101 97
451 John Kappelman 32 3192 268 176 174 137 123
452 Paul T. von Hippel 19 3179 800 768 223 204 171
453 R. Kelly Raley 23 3177 426 396 292 290 223
454 John Lassiter 24 3179 732 340 253 245 199
455 Arlene Rosen 33 3174 270 212 199 174 112
456 Katrin Erk 30 3136 317 190 167 143 125
457 Marci E J Gleason 18 3126 1765 253 248 162 116
459 Leigh L. Linden 18 3111 1078 490 341 163 112
460 Anthony J. Petrosino 19 3111 1401 272 128 123 116
461 Elliot M. Tucker-Drob 29 3090 182 180 157 156 145
462 James Tunnell 31 3089 567 199 198 151 104
463 Kishore Gawande 26 3088 625 303 198 174 140
464 Alexandra Loukas 28 3082 252 243 205 178 173
465 Victor Sampson 25 3071 451 283 260 221 188
466 Xiaodong  Chi 23 3033 672 521 270 181 160
467 Thomas L. Pangle 24 2996 337 306 246 223 177
468 Yen-Hsi Richard Tsai 27 2971 422 200 180 176 151
469 Ethan Burris 14 2967 1179 422 335 284 137
470 Ami Pedahzur 28 2962 367 328 171 168 166
471 Aprile Benner 23 2957 311 295 200 187 155
472 Tim Yeh (Hsin-Chih Yeh) 22 2955 913 406 224 198 153
473 James G. Scott 21 2944 426 369 307 293 206
474 Feng Zhang 21 2920 520 303 250 204 174
475 Daron Shaw 24 2912 357 311 283 247 229
476 Bharath  Chandrasekaran 27 2910 679 286 177 140 136
477 Jason W. Upton 21 2906 620 389 293 292 195
478 Harry Chou 21 2904 630 219 218 208 184
479 Kevin J. Folliard 27 2894 302 267 214 132 98
480 Michael F. Becker 27 2881 390 217 164 107 86
481 Edgardo M. Latrubesse 28 2847 292 242 208 156 133
482 Timothy Shanahan 22 2844 468 387 352 269 152
483 Irene M. Gamba 28 2836 271 160 139 133 132
484 Elizabeth Cosgriff-Hernandez 26 2827 354 205 170 154 146
485 Herbert Tobias 25 2825 378 347 310 166 146
486 Mohammad-Ali Miri 23 2822 851 437 144 118 105
487 Maria Juenger 26 2818 628 136 130 124 124
488 Ginny Catania 27 2798 808 133 130 102 100
489 Philip L Varghese 27 2782 333 233 117 108 99
490 Gregory C. Ippolito 26 2773 338 299 282 209 154
492 Don C  Wukasch 27 2752 388 174 129 112 97
493 Prabhat Bhattarai 28 2746 324 314 203 151 120
494 Huacheng Zhang (张华承) 28 2737 199 158 156 156 140
495 Christopher R  Frei 29 2733 195 133 103 101 97
496 Elizabeth Catlos 20 2730 363 286 274 181 181
497 Jorge Canizares-Esguerra 20 2732 667 301 286 220 161
498 Peter Eichhubl 26 2720 247 245 159 153 151
499 Lea Hildebrandt Ruiz 20 2718 648 508 449 265 183
500 Cristine H. Legare 29 2715 224 162 151 142 129
501 Kirk McIntosh 28 2711 612 156 146 129 120
502 Eugenio Y Arima 27 2693 239 193 154 146 136
504 John Bartholomew 25 2690 695 280 136 128 116
505 David Soloveichik 17 2686 1010 430 251 239 160
506 Hugh Smyth 28 2686 149 144 143 97 84
507 Jean-Philippe JP Nicot 25 2684 357 183 122 115 113
508 Salavat R Aglyamov 30 2691 239 219 163 111 75
509 Na Sai 27 2682 437 233 192 142 136
510 Sheila Olmstead 23 2678 420 302 261 145 144
511 Paul C. Adams 22 2671 242 220 214 186 182
514 Quoc P. Nguyen 29 2662 157 157 157 121 95
515 Almeida Jacqueline Toribio 27 2662 381 275 163 146 137
516 Olivier Coibion 22 2645 351 300 249 230 220
517 Deborah Bolnick 23 2647 256 234 228 219 189
518 Maya L. Henry 23 2628 363 281 247 216 186
519 Dimitrios Sounas 26 2609 326 178 149 147 138
520 Ofodike Ezekoye 26 2589 107 105 103 77 74
521 Hongjoo Joanne Lee 21 2589 465 322 271 200 185
522 Juan Dominguez 27 2579 331 233 138 127 125
523 Michael Young 28 2572 179 140 112 95 87
524 Philip R. Stanforth 26 2570 493 215 169 133 108
525 v bhaskar 28 2560 325 241 124 123 114
526 Molly Cummings 28 2527 174 145 141 137 123
527 Bryan Black 29 2530 191 182 157 153 97
528 Jayant Sirohi 23 2515 556 392 144 115 102
529 Michael Hudec 25 2516 404 144 135 121 105
530 Ian Norton 23 2512 721 289 189 99 96
531 Amir Hosseini 28 2506 214 184 127 108 101
532 Ge Wang 20 2489 180 154 147 134 116
533 Keryn Pasch 28 2458 170 159 127 122 113
534 Agham Posadas 29 2456 195 156 136 128 106
535 Sarah R. Powell 21 2457 479 183 180 174 161
536 Jennifer Jellison Holme 22 2447 455 439 214 177 130
538 Kerry Kinney 28 2441 192 166 131 121 118
539 William Beckner 17 2439 983 462 152 123 103
540 Hans Boas 25 2421 442 170 141 136 114
541 Cindy K. Chung 20 2418 570 445 298 132 128
542 Hitoshi Morikawa 29 2415 208 149 149 137 112
544 Warren A. Hunt, Jr 27 2399 346 196 181 131 109
545 Yuko Okumura 22 2399 361 229 203 194 155
546 Maytal Saar-Tsechansky 14 2395 1331 255 213 81 81
547 Regina Mangieri 12 2391 655 567 257 209 185
548 John H. Davis 25 2382 215 185 170 83 82
549 Jaydeep Kulkarni 17 2380 1059 359 104 85 80
551 Deborah Parra-Medina 26 2371 265 213 191 186 120
552 Marc A. Hesse 24 2352 548 245 202 155 111
553 David W. Taylor 14 2349 682 490 211 140 140
554 Jeffrey Tulis 14 2325 1368 269 104 98 66
555 William J. O'Brien 23 2325 188 166 149 141 123
556 Linda Beltran 27 2322 298 189 164 146 91
557 Brandon Slaughter 6 2317 1593 574 97 32 13
558 Julia F W Gale 18 2316 824 247 206 195 87
559 Nigel S. Atkinson 24 2301 709 122 101 94 81
560 Nathaniel Lynd 27 2299 268 204 181 128 100
561 Rebecca Callahan 20 2292 549 541 177 117 102
562 EUNJEONG CHO 17 2292 599 324 179 178 175
563 Jose L.  Panero 24 2263 323 267 203 134 113
564 Bo Xie 26 2260 210 172 135 113 109
566 Daniel M. Brinks 18 2230 505 352 292 205 119
567 Victoria Huang 10 2231 1135 398 163 147 108
568 Douglas Morrice 25 2224 225 209 187 115 68
569 Jennifer A. Maynard 22 2206 365 309 183 169 167
570 Daniel R Boutz 18 2206 457 433 179 173 129
571 Michael G. Findley 25 2170 334 169 147 146 132
572 Douglas J. Foster 19 2156 446 367 303 116 78
573 Nora England 19 2152 604 328 134 124 87
574 Adam Klivans 25 2131 237 182 181 159 149
575 Jody Jensen 25 2131 301 147 121 121 105
576 Uma Giri 20 2132 420 199 163 154 146
577 David L. Leal 22 2113 295 219 144 142 102
578 Andrew J. Blumberg 25 2111 131 126 119 114 107
579 Manuela Angelucci 22 2099 439 232 161 103 101
580 Vernita Gordon 23 2096 255 195 160 130 127
581 Iris Chyi 22 2084 354 159 157 157 149
582 John William Hatfield 22 2059 627 151 131 111 92
583 Shannon Cavanagh 17 2076 303 265 180 160 155
584 Sean M. Theriault 15 2070 712 582 153 79 76
585 Borui Liu 14 2067 530 352 243 213 195
586 Dhiraj Murthy 14 2053 706 356 241 210 98
587 Johann K. Eberhart 21 2051 267 240 163 140 138
588 MICHAEL J PYRCZ 16 2038 1165 177 98 68 53
589 Marlone Henderson 19 2028 549 253 218 177 168
590 Tim Dooley 21 2017 263 156 153 150 117
592 Benjamin K. Keitz 22 2003 246 152 143 130 128
594 Craig Fulthorpe 28 1982 152 129 103 87 85
595 Steve Phelps 28 1964 121 118 98 95 90
596 Jacob A Covault 25 1961 177 157 115 101 94
599 Amy Brock 12 1890 466 355 294 293 167
600 Francesco Maggi 21 1878 256 209 206 97 80
601 Hua Zhong 21 1861 243 180 106 81 71
602 Ben Carrington 21 1853 310 218 188 113 93
603 John Hartigan 17 1854 485 290 228 106 88
604 Raymond Chitwood 13 1853 903 317 133 88 74
605 Robert G Moser 21 1851 316 220 183 123 90
606 Lance Manuel 23 1837 121 92 90 75 66
607 Ursula Hammes 15 1830 988 208 87 87 68
608 Kenneth R. Fleischmann 24 1822 224 204 101 85 77
609 Vaibhav Bahadur 19 1810 570 170 120 120 113
610 Shixuan Yang 14 1810 523 319 294 218 93
611 John Beavers 19 1804 352 189 168 132 103
612 Masa Prodanovic 23 1798 159 142 126 119 82
613 Ben R. Hodges 20 1782 416 179 132 121 78
614 Edward George Anderson Jr. 22 1781 193 187 151 146 115
615 Lisa Neff 16 1775 289 272 264 133 116
616 Jonathan Pierce-Shimomura 18 1772 407 309 179 157 92
617 Chong Xie 16 1769 260 180 172 126 104
618 Laura Fonken 20 1761 408 163 121 119 97
619 CHRISTOPHER J. ROSSBACH 16 1755 260 205 154 149 125
621 Youngjin Kim 10 1750 469 449 287 194 189
622 Jeffrey Abramson 12 1748 783 783 423 423 138
623 Aaron Baker 26 1742 160 139 114 107 88
624 Kimberly L Ray 11 1740 576 546 169 125 88
625 Henghui  Xu 19 1741 542 202 151 94 79
626 Bryan William Davies 17 1735 701 187 126 89 80
627 Patricia A  Wilson 14 1727 338 336 325 163 108
628 Elizabeth Swanson 20 1728 185 165 145 134 116
629 Jesse N. Weber 10 1718 955 284 133 118 59
630 Matthew Hausknecht 13 1709 717 286 196 96 68
631 Raul Madrid 18 1707 214 202 202 172 120
632 Mounira M. Charrad 19 1703 662 133 123 84 66
633 Joshua Barbour 11 1703 1035 248 80 42 42
634 Ryan L. Boyd 12 1700 1307 97 36 35 22
635 Shalene Jha 16 1698 408 228 132 121 100
636 Aaron Bernstein 20 1697 373 250 78 75 58
637 Jonathan R McDaniel 19 1694 421 156 145 123 90
638 Tan Bui-Thanh 20 1675 255 249 165 124 114
639 edward m mills 22 1661 156 148 134 117 114
640 Ila Fiete 15 1657 312 191 158 148 120
641 Ryan P. Russell 23 1644 92 75 75 69 61
642 Kenneth F Greene 16 1641 674 173 138 69 65
643 Eugenio J. Miravete 19 1640 280 197 178 144 136
644 Harm Van Avendonk 22 1635 89 87 82 80 77
645 Jeff Perry 12 1630 664 403 102 102 91
646 Leigang Xue 22 1629 147 146 98 92 88
647 Zhanfei  Liu 25 1626 145 97 79 77 75
648 Keri Stephens or K. K. Stephens or KK Stephens 19 1621 195 181 150 101 87
649 Thomas M. Bohman, Ph.D. 21 1615 232 160 149 81 73
650 Jane Dimmitt Champion 20 1615 355 80 70 68 59
651 Michael Baldea 23 1608 86 61 58 57 55
652 David Paydarfar 22 1607 158 125 106 86 69
653 Jorge A Prozzi 20 1593 90 83 73 63 59
654 Lee Ann "LeeAnn" Kahlor 20 1592 174 167 136 128 107
655 Raghavendran Mahalingam, Raghav Mahalingam 22 1592 130 117 110 104 88
656 Mingyuan Zhou 18 1577 281 221 161 102 85
657 Andrew Esbaugh 22 1577 190 124 104 101 84
658 Cynthia Osborne 16 1573 448 214 172 128 112
659 Jeanne C. Stachowiak 15 1570 248 199 134 130 117
660 Marie-Anne Suizzo 21 1566 148 127 126 120 110
661 Keating, Xiaofen 18 1558 542 542 118 82 82
663 Samuel M. Wilson 15 1545 707 139 134 134 112
664 Ricardo Ramirez 3 1532 1500 23 5 2 1
665 James P. Carson 21 1531 199 93 80 74 73
666 Isil Dillig 20 1531 210 116 110 97 86
667 William D. Young 20 1527 196 182 119 97 84
668 Eric Price 18 1525 245 212 191 146 86
669 Md. Shamsuzzoha Bayzid 13 1520 697 318 106 102 83
670 K. E. Gray 20 1514 326 98 83 45 45
671 Michele Saad 13 1510 729 286 124 93 38
673 Rebecca Maria Torres 15 1503 272 226 196 195 162
674 Belinda Bustos Flores 18 1500 203 111 93 86 83
676 Stephen Vladeck 23 1490 187 109 72 69 68
677 Kelley A Crews Meyer 18 1485 293 174 117 95 81
678 Preston S. Wilson 17 1478 433 62 56 49 47
679 Michael Mackert 21 1474 84 79 75 66 59
680 Ning Jiang 15 1474 348 310 194 95 94
681 Kevin Drew 15 1471 577 169 129 119 84
683 Dale Koike 16 1460 264 238 234 107 90
684 Gregory Rodin 18 1458 223 195 184 75 51
685 Christine Duvauchelle 22 1454 126 119 78 75 72
686 Muhammad Shaikh 11 1446 313 304 264 131 122
687 Louis Harrison Jr. 20 1446 149 122 121 121 89
688 Chen  Zhao 14 1436 405 258 160 107 78
689 Patrick P Spicer 17 1434 257 187 127 124 120
690 Stefano Larentis 16 1433 308 250 109 91 89
691 Robert H. Tatham 16 1429 299 212 100 92 57
692 Xiaohan Wang (王笑寒) 13 1428 630 236 184 100 69
693 Terri E. Givens 13 1423 302 248 183 172 163
694 Michael J Rose 19 1415 215 148 110 108 105
695 F. Douglas  Martin 19 1408 259 134 103 57 55
696 Joshua Busby 17 1403 215 156 127 115 112
697 Sina Haeri, MD, MHSA 19 1400 224 108 88 66 64
698 Tse-min Lin 14 1396 271 253 194 150 127
699 Kate G. Blackburn 5 1394 1307 30 24 12 8
700 Linda Dalrymple Henderson 16 1390 605 168 77 76 38
702 Sanjay Srinivasan 18 1372 122 117 63 61 57
703 Jaime Barnes 20 1375 122 117 107 99 87
704 Robert Chesney 17 1366 227 154 153 104 102
705 Qingxin Song 15 1365 446 228 226 87 56
706 Luis Urrieta, Jr. 18 1360 210 167 147 90 80
707 Ya  You 19 1362 297 101 99 86 83
709 Mbemba Jabbi 10 1355 557 295 172 136 73
710 Samuel Barrett 15 1354 739 71 51 46 40
711 Liberty S Hamilton 19 1348 202 139 131 109 74
712 John Snedden 18 1346 192 144 106 85 59
713 Andrei Dolocan 17 1345 411 173 66 56 46
714 Alexander Huth 11 1343 428 275 168 156 121
715 Kayla Jordan 3 1329 1307 10 6 3 2
716 Jiarui He 22 1323 87 67 64 62 60
717 Joel PL Johnson 14 1321 578 114 102 93 93
718 Qiang Liu 20 1320 213 125 92 92 70
719 Yolanda C. Padilla 18 1321 250 102 94 84 71
720 John McInnis 12 1313 342 176 171 163 98
721 Eric James 19 1308 238 140 100 86 63
722 Sushant Sonde 16 1302 218 184 107 93 83
723 Joey Dunsmoor, PhD 20 1302 129 125 116 110 95
724 Loukas F. Kallivokas 18 1299 327 105 70 48 45
725 Hao Ju 10 1294 247 195 193 188 103
726 Gregory Knapp 15 1292 222 217 138 70 69
727 Gerald Christopher Shank 21 1289 168 164 117 86 84
728 Charles Ramirez-Berg 12 1283 521 158 149 94 73
729 Hsiang-Fu Yu 15 1283 192 182 154 153 113
730 Beth Maloch 18 1282 275 134 116 82 70
732 Yan Zhang 20 1279 178 102 84 81 71
733 Brad Erisman 20 1277 160 127 87 73 68
734 Robin Moore 13 1277 614 221 109 53 43
735 Yanzhen Wang 22 1275 70 67 64 64 60
736 Pratixa Joshi 12 1269 372 275 142 132 83
737 Xiaochuan Xu 21 1265 127 108 49 47 45
738 Jeffrey Treem 12 1260 778 778 93 86 57
739 Erin C Lentz 13 1262 749 67 54 45 41
740 Thomas  J. Garza 6 1257 792 371 40 11 8
742 Amine Mezghani 20 1252 109 103 65 62 53
743 Todd G. Caldwell 20 1243 109 100 98 95 93
744 David Ben-Zvi 15 1240 560 169 56 48 41
745 Anthony L. Brown 20 1239 155 108 104 90 75
746 Pedro DiNezio 18 1239 204 126 87 86 77
748 Ali Yilmaz 16 1235 160 87 82 66 61
749 Mike Parent 15 1234 203 177 151 107 78
750 Jessica Anderson  Maisano 19 1236 236 115 73 65 61
751 Andrew D. Gershoff 15 1230 200 199 167 135 119
752 Yong-Mao Lin 12 1228 221 192 135 126 115
753 John W  Traphagan 17 1227 162 151 90 71 53
754 Chi-Hao Chang 15 1225 294 133 90 87 84
755 Neal Hall 18 1209 107 98 76 68 55
756 Cesare Fracassi 7 1207 470 422 215 30 24
757 Matthew Balhoff 19 1205 86 68 65 63 62
758 Karin Wilkins 18 1206 102 97 94 87 83
759 Joseph Reisinger 16 1200 269 159 150 128 72
760 Alexandros Savvaidis 18 1193 279 52 47 40 37
762 Stefano Tiziani 19 1189 201 124 101 93 71
763 Cheulhee Jung 18 1188 133 112 103 83 68
764 Nihal Arju 7 1184 584 198 170 131 49
765 Benito R. Fernandez 15 1180 202 163 134 61 50
766 Ming Zhang 14 1175 280 158 111 106 74
767 Wonsuck Kim 17 1174 153 133 90 77 76
768 Sarah Salviander 14 1168 314 176 176 140 126
769 R. Todd Evans 12 1167 412 320 99 61 60
770 Andrew Lenharth 13 1164 291 224 210 148 55
771 Kui Ren 18 1161 139 120 113 70 66
772 Barbara E. Bullock 16 1162 275 146 92 78 48
773 Michael R. Haberman 18 1156 326 65 62 56 55
774 Liza Shapiro 18 1151 191 106 84 79 69
775 Lisa Griffin 19 1151 213 141 95 73 73
776 Jonathan Y. Chen 19 1149 107 81 72 58 57
778 Cornel Olariu 16 1146 355 90 82 56 55
779 Siyuan Dai 12 1145 328 192 150 134 81
780 K.  Jarvis 14 1145 301 256 92 85 61
781 Mohit Tiwari 18 1145 153 145 86 68 64
782 Julie Maslowsky 15 1141 181 150 108 94 94
783 Galina V Aglyamova 12 1142 461 168 116 92 58
784 Hui Xie 18 1135 190 125 86 77 71
785 William Liechty 9 1128 574 198 126 79 41
786 J. Ruben Parra-Cardona 18 1127 155 125 97 94 69
788 Zhao Zhang 18 1119 163 149 110 106 63
789 Jason S Goltz 13 1110 231 130 109 99 96
790 Michelle Davis 16 1112 235 133 80 79 67
791 In Hong  Hwang 19 1106 143 136 95 78 63
792 Filippo Mangolini 15 1104 521 111 44 43 39
793 Kumar Kothapalli 20 1094 119 79 64 55 52
794 Germine Awad 14 1092 204 180 149 108 64
795 Zhen Xia 15 1092 318 266 74 56 44
796 Richard C. Hatch 18 1091 317 134 82 82 62
797 Rajka Smiljanic 17 1086 193 167 75 75 64
798 Stathis Tompaidis 16 1086 322 151 90 73 63
800 Charles E. Tinney 18 1074 120 86 60 59 43
802 Charles Jackson 17 1063 170 108 95 84 83
803 Paul Ferrari 14 1058 197 173 166 122 64
804 William D Chemelewski 14 1057 273 231 73 63 60
805 Matyas A Sustik 10 1056 266 184 171 156 113
806 Field G. Van Zee 15 1052 150 110 104 100 96
807 Sumit Guha 16 1052 216 216 87 87 77
808 Varun Rai 20 1048 99 85 75 67 60
809 Kam Hon Hoi 10 1047 385 218 106 85 62
810 Hilary Olson 16 1045 156 119 98 69 64
812 Dayanand Manoli 10 1040 395 218 136 78 74
813 John Blazeck 12 1039 220 159 154 139 97
815 Justin Leung 19 1028 87 84 73 69 64
816 Jerry Brand 17 1029 102 88 88 81 72
817 Cecilia Borghese 20 1030 171 74 66 66 62
818 Somshuvra Mukhopadhyay 20 1028 87 77 77 73 70
819 H. W. Perry, Jr. 6 1027 868 58 47 31 7
820 Nicholas W. Hayman 18 1026 174 99 72 70 70
821 Dawna I. Ballard 16 1025 142 124 77 72 69
822 Gina Masullo Chen 13 1024 636 84 45 43 34
823 Massoud Masir 17 1022 197 86 82 70 68
824 Ling Zhu 12 1020 237 172 144 97 77
825 Dan Breecker 14 1015 236 147 143 105 65
826 Thomas Chen 18 1005 84 76 58 57 55
827 Diane Whitmer 9 1001 374 276 131 111 38
828 Stuart M. Cohen 16 988 135 75 66 57 56
829 Anna Mallam 13 988 113 94 91 91 85
830 Alex Cole Birdsill 13 987 216 128 104 80 72
832 Zeynep Somer-Topcu 11 980 213 182 178 92 63
833 William Anthony Ambrose 16 980 124 76 61 37 34
834 J. Eric Bickel 19 974 142 92 74 47 42
835 Yu-Chuan  Su 9 971 771 39 26 21 20
836 David Hatch 20 969 88 60 59 49 45
837 Daniel P Shepard 12 971 166 143 90 90 88
838 Michael E  Ramon 19 962 118 90 83 78 78
839 Edward G. LeBrun 18 958 145 92 81 72 70
841 Christian Claudel 15 956 126 100 95 82 56
842 Anthony Dudo 15 951 134 121 95 85 77
843 Evdokia Nikolova 17 947 126 110 75 73 73
844 Judson Partin 14 946 272 146 95 91 53
845 Kyle C. Klavetter 15 946 192 128 92 74 68
846 George  Sylvie 15 947 149 123 96 83 79
847 Everett Stone, Ph.D. 17 940 124 114 83 62 52
848 Xuan  Zhao 17 936 271 109 75 45 40
849 Matthew S. Paoletti 12 935 185 138 120 72 71
850 chao wang 16 935 151 64 57 55 39
851 Ali Jalali 11 925 286 126 118 81 71
852 Jason  Cons 11 924 589 44 40 34 33
853 Karma R. Chávez 18 921 147 74 66 56 44
854 YOUNG NAM KIM 16 915 135 77 74 56 55
855 Jon Bass 17 913 93 85 77 64 61
856 Columbia Mishra 5 913 527 280 65 28 10
857 Zoltan Nagy 14 913 315 57 44 38 31
858 David L. Chen 9 911 271 261 131 89 60
859 Lauren Yeager 11 911 518 59 46 41 40
860 James E. Pustejovsky 14 910 141 116 88 85 72
861 Casey W. Wright 11 908 399 138 72 42 42
862 Rajinder Koul 18 904 96 58 53 51 50
863 Alessia Lodi 17 904 124 101 93 84 51
865 T A Meckel 16 893 98 89 79 78 71
866 Wei-Cheng Lai 14 892 130 113 93 88 67
867 Mary Angela Bock 10 887 592 50 34 32 32
868 Milos Gligoric 16 885 132 91 60 54 51
869 Daniel Bonevac 17 882 74 58 56 52 51
870 Fernanda Leite 14 882 151 102 99 37 34
871 Asha Gupta 14 881 132 127 126 115 67
872 Rebecca L. Young 16 878 122 84 79 74 67
873 David Kwong 17 877 127 108 49 49 47
874 Cem C. Tutum 17 874 68 65 57 51 47
875 Rodney P. Kincaid 12 872 239 183 97 74 66
876 Yessenia Castro 17 870 159 158 85 42 39
877 Lan Luan 12 869 268 144 87 86 75
878 Omid Zandi 13 859 154 106 98 83 80
879 Christopher P  Brown 17 859 132 56 53 46 44
880 Longjun Li 15 861 95 92 68 64 63
881 Younes Ra'di 14 856 167 86 76 74 67
882 James Sulzer 13 848 234 82 76 74 58
883 Shutao Qiao 7 839 523 127 62 54 35
884 Dean Driebe 11 837 300 78 74 69 59
886 volker laux 12 834 240 156 95 75 51
887 Elma I. Lorenzo-Blanco 18 832 106 98 56 51 47
888 Andrew D Gaudet 13 823 398 66 45 38 38
889 Carlos R. Baiz 18 819 82 77 61 52 46
890 Rowan C Martindale 10 818 564 77 30 18 14
891 Ingmar Kanitscheider 9 817 164 164 156 132 86
892 rudresh ghosh 16 815 109 91 62 61 58
893 Eun-Deok  Kim 7 808 445 139 110 42 31
894 Dana Moshkovitz 11 805 258 140 74 60 54
895 Natalie Steinel 10 805 153 143 134 118 99
896 Xiaoming Wang 14 804 373 48 48 44 31
897 Erin M  Rodriguez 11 803 307 131 81 60 53
898 Katharine Tillman 5 802 414 286 61 18 7
899 Kyounghwan Kim 14 801 91 86 84 69 58
900 keffrelyn Brown 15 796 155 90 72 64 60
901 Faegheh Shirazi 12 798 204 106 80 60 47
902 B Alan Rampy 10 795 203 157 141 97 39
903 Achinto Saha 15 788 139 96 63 61 58
904 Xu  Li 10 789 163 133 99 98 80
906 Andrew M Riggsby 12 782 175 130 130 120 70
907 Xiao Li (李晓) 16 781 156 86 68 60 60
909 Joshua Eisenman 11 780 210 199 119 48 43
910 Shinuo Weng (翁诗诺) 9 779 253 150 127 78 66
911 Dhivya Arasappan 8 779 543 74 48 41 22
912 Janet Zoldan 12 773 185 111 110 103 70
913 Terry S. Falcomata 18 772 91 46 45 41 39
914 Christian  Doabler 10 772 203 199 66 52 43
915 H Scott Hamlin 13 771 208 126 63 54 53
916 Bethany Albertson 11 771 291 97 63 62 51
917 Moriah Sandy 10 762 289 194 76 39 38
918 Weiguang  Chi 8 760 357 91 90 86 49
919 Katherine Romanak 13 757 96 91 79 60 49
920 Paola Passalacqua 14 754 127 98 93 65 46
921 Zoltan Sylvester 13 752 190 89 60 57 40
922 Yi-Chao Chen 13 750 165 86 85 61 60
923 Gordon Novak 15 748 149 101 60 51 45
924 Ken-Hou Lin 10 747 278 215 85 47 26
925 Varun Pattani 6 740 567 92 31 23 19
927 Hema C. P. Movva 13 735 90 84 69 58 53
928 Ashley DaSilva 10 734 200 124 108 85 48
929 Rion Dooley 10 735 313 104 68 59 34
930 Mengmeng  Niu 13 727 108 101 101 90 85
931 Monique Payne Pikus 7 726 341 183 79 56 19
932 Sandro Sessarego 11 724 430 430 430 430 31
934 Myong-Chul  Koag 9 717 334 154 44 22 21
935 Caleb Alexander 7 718 160 157 154 102 102
936 Mykhailo Tymchenko 13 713 268 79 57 47 35
937 Lina Sela Perelman 15 710 94 64 61 61 39
938 Efstathios Bakolas 16 706 105 51 48 39 39
939 Gregor Matvos 12 705 140 89 83 80 60
940 Dain C. Donelson 12 702 138 98 94 63 47
941 Sungeun  Kim 10 700 179 123 94 69 60
943 Jeffrey B. Titus 12 698 153 132 83 70 50
944 Gordan Zitkovic 15 694 153 65 48 47 39
945 Lei Li 15 692 144 112 72 45 44
946 Hugh Daigle 16 691 56 46 31 30 26
947 Gwendolyn M. Stovall 6 692 362 207 81 23 11
948 Anna G Sorace 14 689 95 85 58 54 53
949 Yuan Ren 12 688 162 126 106 79 44
950 Todd A. Helwig 16 686 70 42 35 33 32
951 Anna-Maria Fall 14 684 226 98 32 32 28
952 Seyyed Abolfazl Hosseini 15 682 76 65 57 45 40
953 R. Alan Covey 12 682 99 89 77 68 68
954 John T. Foster 13 679 137 70 67 45 44
956 Christy Murray 10 668 188 131 107 62 40
957 Jeffrey Luci 10 667 284 97 68 65 44
958 Stephanie Cantu 8 661 227 181 63 63 62
959 Kwang-Im Oh 12 657 136 94 84 75 59
960 Jerome F  Bump 11 657 326 47 22 21 19
961 Beth Lindquist 13 655 211 106 71 42 28
962 Ashish Deshpande 15 654 103 45 37 31 29
963 Fabrizio Bisetti 16 651 138 60 38 38 29
964 András Fall 10 649 247 102 66 65 36
965 Brad Love 13 647 172 62 62 39 35
966 Jack Virostko 13 646 108 100 68 54 49
967 Dennis Wylie 12 645 157 113 82 51 41
968 Guni Sharon 12 645 139 119 45 44 43
970 Giorgio Gorini 13 641 166 82 66 54 36
971 Jhih-Rong Gao 17 635 68 63 51 45 42
972 Leticia Marteleto 14 634 90 64 41 35 29
973 Benjamin J Koestler 13 628 106 93 66 59 54
974 Alex Karner 10 628 309 59 51 44 30
975 Joseph D. Dekker 11 623 211 70 54 39 34
976 Aleksandar Dimitriev 3 627 596 26 5 0 0
977 Alisa Perren 12 618 145 79 73 56 50
978 Che-Chun Su 10 618 205 189 45 31 27
979 Chao Chen 13 616 80 51 44 39 27
980 Devin Matthews 9 611 144 136 59 57 38
981 Weinan  Zhu 8 610 219 218 69 50 12
982 Chia-Yun Chou 11 605 132 115 77 76 37
983 Anthony Dylla 9 603 243 72 57 56 40
984 Myoungkyu (M.K.) Lee 7 601 273 171 61 38 16
985 Alex Weinreb 12 600 82 73 72 64 41
986 carlos ramos scharron 13 602 108 90 70 63 61
987 Doug Yeager 7 599 226 104 97 81 32
988 Manuel Rausch 15 596 64 60 55 52 49
989 Nicola Tisato 13 594 70 69 52 41 39
990 Keaton J. Bell 12 592 195 194 67 62 43
992 Tanya E. Clement 10 589 157 70 63 61 34
993 Michael W. Lee 9 593 177 123 90 68 34
994 Yi Zhou 10 587 98 95 93 76 47
995 Lark Kwon Choi 11 585 188 94 44 27 22
996 Terrence L. Chapman 9 584 181 107 84 78 43
997 James Martin 7 584 195 114 71 67 59
998 Kevin D. Thomas, PhD. 14 583 74 62 42 38 36
999 Megasthenis  Asteris 7 581 451 31 29 13 11
1000 Stacia E  Rodenbusch 8 581 218 128 105 41 38
1001 Zhaodong Chu 13 580 128 95 56 55 54
1002 Yue Shi 10 581 266 62 58 44 39
1003 Baowang Li 10 579 255 67 50 44 36
1004 Greg Durrett 12 578 113 107 63 58 39
1005 Michael Uebel 11 579 116 105 64 54 29
1006 David C Sing 13 578 110 52 46 45 31
1007 Xianyong Feng 13 577 139 84 38 31 30
1008 S. M. Shams Kazmi 14 577 66 64 53 45 43
1009 Parrish Brady 10 573 316 61 38 33 24
1010 Lars Hinrichs 11 571 161 144 73 36 25
1011 Ryosuke Okuno 13 571 52 44 44 40 38
1012 Robert Lewis 10 570 123 102 62 57 27
1013 Brian Kelleher Richter 9 568 300 124 26 25 23
1014 Zhiyao Duan 12 570 116 88 83 53 34
1015 Michelle A  Mikesh 12 568 118 83 63 50 44
1016 RONG JIAO 9 566 204 186 36 36 25
1017 Evan M. Erickson 11 566 112 60 58 56 54
1018 Nathan Clemens 10 565 252 73 49 27 21
1019 xavier janson 12 565 77 68 66 42 35
1020 Amritesh Rai 12 566 83 69 61 58 50
1021 Svetlana Ikonnikova 15 565 67 57 45 35 33
1022 Toti Larson 13 564 59 52 49 48 40
1023 Stuart  Rose 10 565 293 66 45 29 23
1024 Josephine Hofstetter (Cunningham) 8 563 182 141 96 47 36
1025 Juan P Maestre 11 562 118 114 75 54 41
1026 Linhan Lin 14 560 80 45 43 37 36
1027 Alexandra J Mably 12 559 189 80 69 49 43
1028 Justin Hart 9 558 170 151 106 52 15
1029 Adrianne Rosales 10 556 92 92 67 66 56
1030 Scott Niekum 9 555 101 94 68 67 51
1031 Kyle Spikes 12 555 79 64 58 25 20
1032 Jens Dammann 12 554 115 84 45 40 35
1033 Kavita Radhakrishnan 9 553 232 73 67 32 24
1034 Ryan J Pirkl 10 540 115 79 55 48 45
1035 Anna Capasso 11 549 90 85 72 60 50
1037 Masaaki Kuwajima 13 544 99 78 53 48 46
1039 Xi  Zhang 8 543 373 44 33 24 24
1040 J D  Gavenda 14 540 54 44 44 37 36
1041 Muhammad Amber Hassaan 5 541 291 109 71 53 7
1042 Sophie Lalande 13 536 93 65 56 43 24
1043 xiuming zhu 12 533 138 50 43 39 37
1044 Inyup Paik 7 533 327 56 46 44 37
1045 Lucy Atkinson 10 533 134 60 55 48 39
1046 Jennifer Duthie 13 530 53 47 43 40 36
1047 Jialing  Zhang 12 530 97 70 58 49 42
1048 Robert A. Dull 12 527 109 86 53 49 41
1049 Junfeng Jiao 9 527 107 104 78 68 44
1050 Karun Vijayraghavan 12 526 135 93 60 42 41
1051 Scott Wolford 11 525 127 107 72 43 28
1052 Hamed  Khatam 10 525 184 70 47 37 35
1053 William J. Allen 10 522 144 123 113 24 19
1054 Patrick J. McDonald 9 521 158 152 65 44 32
1055 Rajiv Garg 7 519 147 132 101 99 20
1056 Farbod Shafiei 7 516 218 134 68 35 24
1057 Tobin Isaac 9 515 195 93 54 36 31
1059 Kan Yao 13 512 85 69 47 46 36
1060 Amin Shali 10 513 187 138 47 29 26
1061 David A. Klingbeil 11 508 125 85 68 48 30
1062 Jennifer Proft 12 506 68 56 49 47 44
1063 Sheng Peng 11 504 88 76 53 45 45
1064 Joshua D Rhodes 10 503 120 81 55 40 36
1065 Michael Speriosu 6 502 256 119 70 35 12
1066 Stephen A  Jessee 8 501 245 98 67 26 15
1067 Thomas M  Cable 10 501 164 141 20 19 15
1068 Krista M. Soderlund 11 500 84 68 53 43 43
1069 Enrique Rodriguez-Alegria 12 498 83 65 53 52 38
1071 Sungryong Hong 9 495 290 46 31 21 18
1072 Manuel Garcia 5 493 141 131 127 72 18
1073 Marge Benham-Hutchins 8 492 144 105 99 43 34
1074 Sinead Williamson 11 490 143 58 52 47 42
1075 Lisa M. Richards 9 491 79 71 69 64 56
1076 Robert W Heckman 5 490 257 120 88 7 6
1077 Vijay Chidambaram 9 488 107 95 95 68 25
1079 Kyle Kaplan 10 489 78 70 53 45 40
1080 Lei Yin 9 485 156 142 82 29 22
1081 Neil Fazel 4 486 435 24 14 4 4
1082 Timothy A. Goudge 11 482 151 42 41 35 28
1083 Takashi Tanaka 11 482 146 34 33 26 22
1084 Charles D. Amos 3 482 280 176 24 2 0
1085 Melissa F Wasserman 11 480 85 63 54 48 39
1086 Liliana M. Garces 11 478 93 57 55 53 35
1087 David C Dillen 9 477 91 86 73 73 58
1088 Zihao Zhou 11 476 147 81 45 43 37
1089 Arnold D. Estrada 8 474 198 47 43 41 40
1090 Terry Dossey 11 472 57 38 28 24 20
1092 Brandon A. Jones 13 471 65 64 36 36 34
1093 Michelle E. Dose 10 469 146 99 73 41 28
1094 Edison Thomaz 10 469 100 74 55 52 37
1095 Yang Zhang 10 467 127 49 45 35 27
1096 Swapna Immani 14 465 68 54 53 28 28
1097 Nicholas Paine 10 465 158 87 72 20 18
1098 Annie Weathers 12 465 131 76 32 28 28
1099 Zoya Heidari 13 464 44 33 30 26 18
1100 Jessica Duncan Cance 12 464 100 68 36 31 29
1101 David Arctur 7 463 252 72 30 23 15
1102 Jason Jaacks 6 463 253 67 47 41 37
1103 Rob Plowes 11 461 151 48 44 32 29
1104 Robbe L T Goris 8 462 210 54 35 34 29
1105 Jonathan Arambula 12 460 153 91 33 25 24
1107 Lisa Moore 9 457 123 98 64 39 29
1108 Flavio S Azevedo 9 458 115 70 68 50 32
1109 Dohyung Park 10 456 81 74 59 46 40
1110 Zhanar Abil 9 454 150 87 60 43 40
1111 Laura Engelhardt 9 453 183 67 41 38 36
1112 Jing Lin 9 452 160 150 35 27 18
1113 Jongwha Chang 11 452 63 60 47 45 28
1114 Jemel Aguilar 8 452 136 85 68 46 37
1115 Yang Wang 10 450 137 73 62 44 34
1116 Ligang Zhou 11 449 90 89 38 37 37
1117 Jarid Goodman 11 449 69 68 64 41 36
1118 Elizabeth  Mueller 11 449 102 72 34 28 28
1119 Jerome Sicard 5 448 392 24 11 8 5
1120 Jennifer Raff 9 445 170 75 34 28 24
1121 David Medellin 3 445 393 44 8 0 0
1122 Eric McDaniel 7 444 99 84 77 74 36
1123 Xiaohui Lin 12 444 88 52 40 40 28
1124 Liu Wang 6 444 337 26 24 19 15
1125 Dipesh Das 13 442 53 49 34 33 24
1127 Hwihyun Kim 10 441 106 106 70 57 51
1128 Hamid R. Lashgari 10 439 117 84 76 17 16
1129 Jessica Momb 8 438 85 84 74 70 46
1130 Long Cheng 11 437 140 54 36 31 31
1131 Alan B. Watts 11 437 84 72 71 35 26
1132 Adam Papendieck 8 436 117 112 78 42 23
1133 Eui Soung Jang 11 434 80 54 42 40 33
1134 Chang-Han Lee 10 434 95 94 62 34 32
1135 Jamin S. Greenbaum 10 434 102 54 50 31 29
1136 Abigail R.A. Aiken 12 433 52 49 37 29 28
1137 Haiyu Huang 10 433 156 40 36 36 27
1139 Zhaoyu Jin 11 431 74 46 43 41 36
1140 Penghao Chen 8 431 156 78 65 41 25
1141 Debarati Kundu 11 430 106 44 36 32 25
1142 Kai-Yang Chiang 8 429 95 79 78 75 38
1143 Hamed Darabi 7 426 240 108 17 13 12
1144 Li Ji 10 425 156 68 33 32 17
1147 Ciaran Trace 11 424 109 56 44 43 21
1148 Tushar Sharma, PhD 9 424 145 112 39 34 24
1149 Peng Chen 13 422 50 50 44 39 31
1150 Derek Haas 8 422 138 37 25 24 21
1151 Mohammad Z  Rahman 11 422 146 49 43 37 32
1152 Sander Mann 12 420 78 58 55 55 28
1153 Ying-Chen  Chen 10 421 93 68 54 47 27
1154 Laura M Ricles 8 418 116 79 48 43 39
1155 Anupam Roy 10 418 58 49 43 19 18
1156 Fatima  Varner 11 419 65 59 41 37 36
1157 Raghunath Singh Rao 6 415 232 59 44 27 25
1158 Jason R. Cook 8 415 113 72 71 47 37
1159 Cyril Grima 13 415 69 57 48 25 22
1160 Maggie L Weber 9 414 77 77 63 51 46
1161 Konda SHIVA 9 415 132 84 52 42 20
1164 Jacqueline M Crissey 10 407 87 51 47 45 40
1165 R Patrick Bixler 11 404 96 48 43 33 29
1166 Elinor Lichtenberg 7 403 266 33 27 18 14
1168 David DeMatthews 9 402 100 39 33 29 20
1169 Mark Hollenbeck 5 402 148 132 90 15 9
1172 Tianyi Wang 8 400 181 49 33 18 14
1173 Ku He 9 400 99 77 61 32 30
1175 Liang-Hai  Lee 10 398 96 69 54 38 30
1176 Patrick MacAlpine 12 395 51 40 39 38 30
1178 Delida Sanchez 8 393 179 84 21 20 16
1179 Pathma Jith Liyanage 8 392 79 77 57 47 40
1180 Christopher Moriates 11 392 48 42 29 24 20
1181 Timothy Werner 9 391 65 45 44 44 41
1182 Xi Chen 12 390 59 42 40 40 32
1183 Andre D  Smit 11 389 40 37 33 24 19
1184 Huriya Jabbar 12 388 65 53 37 33 31
1185 Himanshu Save 8 388 146 50 46 31 27
1186 Ian Wehrman 9 387 73 66 65 48 44
1187 Thomas Wiseman 11 387 63 49 40 37 31
1188 Aiting Jiang 10 385 135 60 34 34 32
1189 Chang  Liu 12 383 46 28 27 20 18
1190 Eric Danielson 7 383 309 21 14 11 8
1191 Yoel Stuart 8 381 112 92 56 31 23
1193 Renato Zanetti 11 381 88 26 24 21 20
1194 Owen Gilbert 6 379 180 123 25 23 18
1195 Mustafa Jamil 5 378 267 48 18 16 10
1196 William B. March 9 378 113 58 56 26 26
1197 Beth Widen 8 378 182 42 33 27 26
1198 Caleb F. Sieck 6 377 326 12 9 9 6
1199 Suzanne  Scott 10 378 89 44 42 38 34
1200 Ian Proops 11 375 69 37 34 33 29
1201 Jian He 12 375 54 53 48 31 29
1203 Zheng Xue 12 373 51 51 35 30 25
1204 Jawon Song 7 374 126 62 57 49 31
1205 Hao Li 12 373 55 48 29 24 23
1206 Monica Farkash 8 368 121 71 64 41 17
1207 Ryan M. Nottingham 8 367 98 85 55 42 24
1208 Yun-Lu Sun 10 367 78 73 44 32 30
1209 Zhaohe  Dai 11 367 94 46 37 23 23
1210 Hector E. Lomeli 12 365 54 42 35 28 22
1211 Michael Geruso 10 365 52 43 43 42 41
1212 William L. Barth 12 363 47 30 29 28 26
1213 Frank Male 8 363 195 26 24 24 24
1214 Wei Dong 7 361 198 65 40 14 14
1215 SEOHEE KIM 7 358 219 38 20 19 16
1216 Seungyong Jung 11 357 60 41 39 32 24
1217 Rajani Maiya 11 357 56 43 40 30 30
1218 Lance A  Labun 10 353 64 33 30 29 22
1219 Daniel  Urieli 11 353 55 51 40 38 34
1221 Maria A. Nikolinakou 10 350 85 85 45 39 38
1222 Natalie  Brown-Devlin 11 350 73 32 32 29 28
1223 En-Shao Liu 10 349 70 63 58 29 29
1224 Ross Gillette 7 349 228 43 29 17 9
1225 Mark Helper 9 348 98 41 16 15 14
1226 Ankit  Agrawal 9 348 75 53 39 37 34
1227 Kwan Suk Kim 11 346 49 32 24 24 19
1228 Daechan Park 9 346 84 62 48 38 33
1229 Brent A. Elliott 7 345 101 88 43 42 26
1230 Rajiv Khanna 9 343 112 78 33 25 24
1231 Michael Cullinan 9 343 94 37 29 24 22
1232 Igor Bespamyatnov 11 343 86 38 32 20 19
1233 Amit Kumar 8 344 125 71 45 41 20
1234 Dallas B Dunlap 11 343 71 48 46 45 24
1236 Jeeyun Oh 11 343 56 53 44 39 24
1237 Milena Batanova 10 342 72 58 31 30 27
1239 Roopsha Samanta 9 339 91 46 34 30 23
1240 Yaguo Wang 11 338 48 47 39 37 29
1241 Saroj Bhattarai 11 337 56 55 30 26 26
1242 Eric H. Hill 11 337 61 51 42 39 19
1244 Brian La Cour 10 335 47 26 24 22 20
1246 Reza Avaz 11 334 57 36 33 29 23
1247 Dustin D Holden 8 334 175 37 24 23 13
1248 Rod Russell 8 334 138 40 38 18 17
1249 Celia Hubert 8 334 117 52 37 26 23
1250 Igor V. Karpov 9 332 60 59 51 37 27
1251 Carolyn Yaschur 5 332 179 71 42 24 10
1253 Chadi El Mohtar 11 330 35 23 22 22 19
1254 Matthew J Davis 12 329 41 33 30 28 25
1255 Caroline Farrior 9 328 112 49 40 28 25
1256 Nikhil A. Patil 7 327 177 43 35 26 20
1257 Xiaobo Lu 7 323 97 75 49 36 18
1259 Dmitry Efimkin 11 323 43 41 26 26 25
1260 Jun Zheng 8 322 115 75 36 33 20
1261 Chenglin Gong 9 322 80 64 56 23 23
1263 HyoungDo Nam 7 321 188 54 17 11 10
1264 Juhoon Lee 10 321 56 49 33 31 28
1265 Weile Chen 9 320 84 70 40 30 25
1267 Huaiyin Li 李怀印 10 315 53 53 46 38 26
1268 Richard Lowery 7 314 88 61 55 43 26
1269 Peter B Zamora 9 314 108 41 31 26 23
1270 Robert J. Stover 9 314 80 67 54 33 17
1271 Yifan Jiang (Ph.D.) 7 314 135 60 41 32 13
1272 Watheq J. Al-Mudhafar 10 313 35 14 14 14 12
1273 Fikile Nxumalo 11 313 52 32 28 20 19
1274 Stephen C. Phillips 7 313 122 46 29 26 23
1275 Rodrigo Fernandez 8 313 109 52 40 28 28
1276 Eunha Kim 6 312 99 86 46 44 17
1277 Erik M Quandt 7 311 130 53 45 26 25
1278 Richard Murphy 8 312 81 81 68 68 34
1279 Arun Manickam 6 307 154 64 31 15 14
1280 Benjamin Ganis 9 307 58 54 29 26 20
1281 Samuel I. Ward 10 307 24 23 20 19 17
1282 Rachel Wellhausen 10 305 48 44 41 38 34
1283 David J Rusin 8 305 99 72 38 23 22
1284 Mir Mohammad Sadeghi 5 304 108 87 69 23 8
1285 Harpreet Singh 9 300 108 54 41 16 12
1286 Atanu Das 10 300 91 43 35 27 26
1288 Benjamin Liebeskind 9 296 109 37 37 26 23
1289 Yu Feng 6 296 213 27 14 13 9
1290 Shefali V. Patil 7 295 86 76 67 26 14
1291 Elizabeth Scala 8 293 79 45 28 25 20
1292 Wangda Li 9 293 92 44 28 25 24
1293 Gregory J Zynda 3 291 208 49 25 3 2
1294 Ehsan Saadatpoor 8 289 175 31 26 12 11
1296 Kai  Hao 5 289 136 71 30 26 18
1297 Gregory M Mullen 9 287 96 35 27 26 22
1299 Venkata Koppula 9 285 84 31 27 22 18
1300 Vutha  Va 8 286 99 54 32 25 24
1301 Swarnendu Biswas 7 284 101 42 35 32 30
1302 Chao-Yuan Wu 5 284 163 70 22 12 5
1303 Suratna Budalakoti 7 283 114 63 24 21 17
1305 Andrew Glover 5 283 155 77 23 19 8
1306 Liuyang Sun 9 282 71 40 39 31 23
1307 Ayaz Mehmani 7 281 119 52 28 24 20
1309 Matt Stevans 5 279 102 66 63 29 14
1310 Robert Porritt 9 279 58 51 46 34 20
1311 Mohammad O. Eshkalak 10 277 39 35 33 30 27
1312 Aoshu Zhong 9 277 65 63 37 23 18
1313 Wayne Wagner 6 276 159 35 34 18 13
1314 Qilong Fu 12 276 24 24 24 22 22
1315 Lauren Gulbas 9 275 74 53 25 18 17
1316 Chris Zahm 7 275 61 57 32 25 25
1318 Bongjun Kim 8 274 90 43 35 27 20
1321 Richard K Harrison 5 271 171 42 19 10 9
1322 Kha Tran 5 271 136 57 30 26 18
1323 Douglas C. Wu 6 270 81 58 43 35 24
1324 Cong Liu 7 269 82 50 34 28 16
1325 Travis Johnson 6 269 167 37 25 15 10
1326 Lucas Beem 7 268 124 35 31 26 23
1327 Cara Touretzky 9 268 61 39 32 25 23
1329 Omid Kokabee 7 266 95 46 31 26 22
1330 Chao  Liu 10 266 55 47 28 23 19
1331 Gilwon Lee 9 265 52 41 28 27 27
1332 Ashley Irene  Teufel 6 265 120 45 36 23 9
1333 zhaohui xu 9 264 42 32 25 20 18
1334 Adam E. Cohen 9 263 51 36 35 24 24
1335 Amey Puranik 4 263 114 88 48 9 4
1336 Sk  Fahad Chowdhury 8 262 53 49 46 35 24
1337 Feng Chen 6 262 140 39 27 11 10
1338 Paul Toprac 7 262 121 44 28 21 11
1339 Ilyas Iyoob 9 260 84 53 24 23 18
1340 Kiran Venugopal 8 260 51 45 39 31 21
1341 Grani A. Hanasusanto 9 260 56 46 35 27 20
1343 Karen M. Wickett 10 259 51 23 20 19 15
1344 Anil Kottam 9 258 70 39 37 21 17
1345 Stephanie D  Rivale 5 258 99 73 45 12 5
1348 Binyan  Yan 10 258 35 30 29 27 24
1349 Han Lin 8 257 77 57 34 21 20
1351 Gail Muldoon 2 256 170 83 2 1 0
1352 Xiaoling WEI (Jerry) 9 255 45 32 30 24 15
1353 Seonpil Jang 8 253 90 35 27 19 13
1354 Ripudaman Manchanda 10 251 41 38 25 24 22
1355 Jai Hyun Koh 9 251 50 41 39 26 25
1356 Jared Ellefson 9 251 70 36 30 29 21
1357 Brendan Kline 8 251 67 48 34 32 15
1358 Pradeep Adhikari 7 250 79 61 33 23 19
1360 Bingqing Wang 8 248 77 30 28 26 25
1361 Zeyu Pan 9 248 28 23 22 18 18
1362 Eric J. Titus 9 248 51 45 30 28 24
1363 Mingsong Wang 9 248 29 28 26 22 21
1364 Amir Reza Rahmani 7 247 60 56 51 26 16
1365 Viktoriya Rybalko 6 247 124 57 19 16 13
1366 Philip M Yangyuoru 9 247 53 31 28 24 22
1367 Fan  Tu 6 247 129 58 23 18 6
1370 Kai Yang 9 245 30 28 25 19 16
1371 Gian-Claudia Sciara 9 245 50 38 25 18 17
1372 Xinming Wu 9 249 60 30 27 19 17
1374 Ruiyang Yu 6 243 101 28 20 19 18
1376 Ramakrishna Edupuganti 9 241 39 31 21 21 20
1377 Ali  Goudarzi 9 241 41 39 27 19 18
1378 Liesl Nydegger 9 241 58 51 25 23 23
1380 Shijiao  Han（韩世蛟） 9 241 67 45 23 19 14
1381 Chun-Hsien "Frank" Wu 7 240 67 48 33 22 21
1382 Carcamo-Huechante 8 239 82 27 17 12 12
1383 Evan Fleming 7 239 79 43 41 37 14
1384 Chris Lowery 7 239 70 52 39 35 10
1385 Kihyun Shin 8 238 61 42 32 25 24
1386 TARIK AKYOL 9 238 50 32 31 23 21
1387 Jesse Thomason 5 236 105 38 25 20 19
1392 Glen Kelp 5 234 198 12 8 7 6
1393 Hao Zheng 8 234 58 52 35 29 17
1394 Thoralf Meyer 7 234 121 47 22 11 10
1395 Amanda Jones 8 234 43 39 38 30 23
1397 Xiaochuan Tian 7 243 88 73 18 10 10
1399 Devin Stauffer 7 230 53 48 34 33 24
1400 John West 6 231 63 63 32 23 20
1401 Donald D  Nolting 5 230 84 54 48 21 17
1402 Jeffrey Danciger 11 230 32 28 21 20 20
1403 Daniel Puperi 8 229 49 46 36 29 18
1404 matthew c carlson 6 229 70 67 44 17 15
1406 Gurpreet Singh 8 228 52 29 26 20 20
1407 Mark Pond 7 226 59 41 33 29 28
1409 Hossein Roshani 7 226 64 45 33 32 26
1411 Ashley Tucker 6 225 76 55 29 19 12
1412 Bharath Bangalore Rajeeva 8 225 43 38 32 25 15
1413 Okjoo Park 7 224 105 56 22 14 8
1414 Charles C Traverse 8 224 82 56 19 17 15
1415 Christina Bain 7 224 74 34 28 23 22
1416 Kevin Somerville Olsson 6 223 89 63 30 13 12
1417 Dr. Karthik Ganesan 8 222 49 31 27 26 21
1418 Aboulghasem Kazemi Nia Korrani 10 222 35 32 20 18 17
1419 Mohamadreza Ahmadi 8 221 46 25 22 20 19
1420 Hongwei Pei 7 220 75 32 23 22 9
1421 Hannah Williamson 8 219 47 36 31 27 25
1423 Zilong Wu 8 219 38 29 27 19 15
1424 James Fredrick  Reuther 9 218 38 32 30 29 20
1425 Juan Diego Palacio-Mejía 8 217 41 27 26 22 11
1426 Mahdi Kefayati 8 216 57 33 27 27 16
1427 Nathaniel S Pope 7 216 46 41 28 23 21
1428 Jonathan A. Bollinger 8 216 53 47 23 18 14
1429 Beth Bukoski 6 216 89 73 14 11 11
1430 Natalia Ruiz 8 215 64 64 31 31 31
1433 Audrey J. Stone 9 213 42 20 20 16 15
1434 Megan S. Ballard 6 212 48 38 18 13 10
1436 Nicole  Osier 8 212 46 37 35 19 19
1438 Doran Chakraborty 8 211 32 31 27 22 20
1439 Craig Michoski 7 212 62 23 22 16 13
1440 Jason Zhi Liang 6 211 85 69 18 16 13
1441 Kathryn Bonnen 3 211 128 74 6 2 1
1442 Anna J Simon 8 211 42 31 28 24 23
1443 Amir Shahmoradi 7 210 64 30 22 21 20
1444 Arash Motamed 7 209 50 36 28 15 13
1445 Nan Jiang 7 209 56 40 36 20 16
1446 Bo Xiong 6 210 60 44 29 20 18
1447 Krishna Panthi 8 209 42 29 23 22 20
1448 Gang Fan 8 210 42 39 39 22 21
1449 Mendy Black 10 209 39 31 30 24 22
1450 Dixie  Stanforth 7 209 42 37 31 23 18
1451 Amber Hardison 7 209 39 38 37 25 21
1452 Vaishno Dasika 9 208 55 27 18 16 14
1454 Daniella Rempe 5 208 80 60 21 6 6
1455 Amy C. Lodge 5 207 50 48 47 38 12
1456 Schonna R. Manning, Ph.D. 5 207 71 64 35 13 9
1457 Jinze Qiu 7 206 77 38 18 14 13
1458 Elise N  Marino 8 207 62 30 27 21 21
1459 Monica  Gonzalez-Magaldi 7 206 61 49 23 16 16
1460 Christopher J. Brennan 4 205 93 73 25 9 2
1462 Umberto Villa 8 204 28 27 22 19 18
1464 Chad C Smith 6 203 55 53 27 25 19
1465 Yuexin (Kelsey) Jiang 6 202 150 14 12 7 7
1467 Wei-Cheng LU 6 202 71 60 26 17 13
1469 Emmanuel U. Onyegam, Ph.D. 6 201 48 40 35 29 17
1470 Jonathan Samir Matthis 7 200 48 34 30 23 17
1472 Mohammad Lotfollahi 8 199 55 23 23 16 16
1473 Seung Heon Shin 6 199 61 35 19 15 7
1474 Arman Fathizadeh 6 198 85 45 24 13 9
1475 Andrew Dell'Antonio 7 198 96 34 9 9 9
1476 Saungeun Park 7 197 53 50 19 18 11
1477 Alex J Heltzel 8 197 38 28 27 22 19
1480 Matthew T Bowers 8 195 60 22 21 15 13
1481 Lauren Schudde 4 195 91 48 45 4 3
1482 Atresh Sanne 5 195 61 50 40 29 7
1483 Pooja Mandke 7 195 65 31 29 25 16
1485 ALI REZA ILKHANI 9 194 33 23 23 13 12
1486 Rik  Dey 6 194 58 49 43 14 13
1487 Qing  He 6 194 56 29 25 25 15
1489 Muhammad Zubair Malik 7 193 71 43 23 16 10
1490 Craig W. Cone 6 192 109 23 22 15 14
1491 Naoto Hori 6 192 76 50 22 18 10
1492 James Spindler 7 192 50 29 24 23 21
1493 Ashley Matheny 9 192 35 30 26 22 18
1495 Athma R. Bhandari, Ph.D. 7 191 60 35 30 23 16
1496 Justin S. LaFountaine 8 191 39 28 28 19 15
1497 Boyang Zhang 7 191 72 29 21 17 13
1498 Morgan Gustison 7 190 63 60 19 19 9
1501 Nathan Clement 5 189 82 77 10 10 5
1502 Ivan Volchkov 7 189 47 33 32 24 17
1504 Samuel Factor 3 188 152 19 14 3 0
1505 Xiaosa Xu 6 188 56 46 37 21 7
1507 Yoori Kim 6 187 122 15 12 10 9
1509 Katherina A  Payne 3 187 173 6 4 3 1
1510 Aditya Rawal 7 186 85 32 14 12 10
1511 Alireza Sanaei 8 185 39 35 25 20 11
1512 Xian-Sheng Ke 9 185 33 30 24 17 13
1513 Matthew Halpern 6 184 51 51 26 21 15
1514 Dilin Wang 5 184 92 42 23 9 5
1515 Andres Donangelo 6 183 103 30 13 11 8
1516 Veronica Yan 7 184 45 39 21 20 16
1518 Kai Zhong 8 183 48 33 18 13 12
1519 Groves Dixon 5 182 116 23 17 14 7
1520 Yibo Lin 6 182 63 23 23 15 15
1521 Elaine Schaertl Short 5 182 106 46 7 5 5
1522 Ram Ranganathan 4 181 104 35 35 5 1
1523 Benjamin Zinszer 7 182 49 35 19 15 11
1525 Long  Chen 9 180 36 28 24 17 15
1526 Sunghyun Jang 8 180 26 23 17 14 14
1527 Valerie Danesh 5 180 94 25 23 20 5
1529 Lin Yuan 8 179 28 25 24 21 17
1530 Jeremy Jarrett 8 178 38 23 19 19 13
1531 Tyler Michael Smith 5 178 61 52 30 10 5
1532 Fardin Khabaz 6 178 75 37 23 13 9
1533 Rahel Pearson 6 178 115 25 7 6 6
1534 Danny Law 8 179 28 27 26 17 15
1535 Laura Lindzey 4 177 142 12 11 7 3
1537 Armaghan Abed-Elmdoust 8 177 33 25 21 19 17
1538 HYO YOUNG JEONG 3 177 87 66 5 3 3
1539 Chanhyun  Park 5 177 96 34 15 15 8
1540 Claudia Cervantes-Soon 6 176 54 41 36 14 12
1541 Robin Singh 6 176 48 38 31 28 15
1542 Abhishek Bhowmick 7 176 45 25 23 19 14
1543 Barbara A. Jansen, Ph.D. 6 176 80 27 20 8 8
1544 Wenlong Guo 7 176 36 34 28 24 18
1546 Razieh Nokhbeh Zaeem 9 174 40 33 22 16 15
1547 Amy H. Liu 7 174 30 30 24 24 14
1548 Will Zhang 9 174 24 24 21 18 16
1549 Sogo Shiozawa 6 174 47 38 38 17 16
1550 Sogo  Shiozawa 6 174 47 38 38 17 16
1551 Pratik Donde 7 173 50 43 22 15 11
1552 Sungyeon Heo 7 173 44 44 22 18 12
1554 Hasan Poonawala 7 173 45 36 18 16 16
1556 Youngmok Yun 8 172 45 28 18 16 11
1558 Liang Zhu 7 171 34 29 26 23 22
1559 Yu Jin Jang 7 171 63 23 22 20 16
1560 Shoupu Wan 5 170 63 44 30 13 12
1561 Alex Hannah 4 170 104 29 22 7 4
1562 Ashay Rane 8 171 53 21 20 14 14
1564 Robert C. Ferrier, Jr. 7 168 39 39 27 19 12
1565 Leena Kumari Prasad 7 167 56 28 24 15 12
1566 Yi Zhang 4 168 67 66 13 11 4
1567 Frank T Willmore 5 167 68 44 23 18 10
1569 Jimmy D  Gollihar 6 167 39 30 26 24 19
1571 Tyler McDonnell 4 168 136 17 7 5 2
1573 Likai wang 7 166 34 26 22 17 15
1574 Lionel Ribeiro 8 165 44 28 23 19 14
1576 Natalie M. Gosnell 6 164 37 37 21 21 18
1578 Youngjin Kwon 6 164 43 40 30 19 17
1579 David Trossman 7 164 68 23 11 11 10
1580 Matt Giani 5 168 87 42 9 6 6
1581 Amir Kianinejad 8 163 25 24 20 17 15
1582 Carrie Lou Garberoglio 7 163 35 34 20 12 10
1583 Osareni Ogiesoba 7 163 53 21 17 9 9
1585 Liqi Zhang 8 163 31 19 18 16 14
1587 Hannah O'Mary 5 163 90 32 24 8 8
1589 Sara Adibi 6 162 50 34 21 21 20
1590 SUNG YEON  HEO 6 162 44 44 22 18 12
1591 Tanmoy  Pramanik 6 162 49 43 15 14 13
1593 Víctor García-Perdomo 6 161 70 40 12 12 10
1595 Michelle L  Harrison 8 161 39 26 17 16 12
1596 Jon Litland 5 161 61 34 32 9 7
1598 Gray C. Thomas 5 160 58 48 16 8 6
1599 James M  Wagner 6 160 52 24 23 21 13
1600 Zhifeng Jing 6 163 76 31 12 11 9
1602 Xu Liu 5 158 91 23 14 12 8
1603 Debayan Chakraborty 6 158 53 31 26 9 9
1604 haiqing xu 8 158 43 19 19 14 14
1608 Romy Hanna 6 157 52 26 20 16 13
1610 Jessica N Lancaster 6 156 71 28 18 7 6
1611 Ryan B. Jadrich 9 156 18 16 16 15 15
1615 Nitish Mittal 4 154 51 40 30 17 4
1616 Yujin Cho 3 154 131 16 5 1 1
1617 Arvin Ebrahimkhanlou 8 153 27 23 19 13 9
1618 Md Mustafizur Rahman 8 155 32 23 14 14 13
1621 Nishant Verma 5 152 94 18 13 6 6
1622 Jiwoong Bae 8 153 20 20 19 17 15
1623 Kristine Uhlman, PG 7 152 29 20 17 14 12
1624 Peila Chen 7 152 41 41 16 14 14
1625 R Calen Walshe 5 150 94 18 9 8 8
1626 Agoston Petz 8 150 31 18 18 13 11
1627 Sebastian Souyris 5 150 64 26 25 18 6
1628 Xianhui Kong 7 150 40 24 19 17 11
1630 Javad Behseresht 5 149 42 42 31 13 13
1632 Weigu Li 6 149 61 33 17 15 10
1633 Pei-Chi Huang 7 148 50 18 10 9 9
1634 Sekou Bermiss 6 147 69 34 18 10 6
1635 The Fishes of Texas Project 6 147 36 34 21 19 6
1636 Dariya Sydykova 4 147 80 30 18 11 4
1637 Suzanne van der Feest 6 147 58 21 15 12 11
1639 Wesley Tansey 7 146 45 20 15 13 13
1640 Aileen Dinin 5 144 82 22 19 19 9
1641 Leah Velleman 6 147 58 29 25 15 10
1642 Benjamin B  Hansen 4 145 62 32 32 4 3
1643 Luis V. Montiel 6 145 31 23 20 19 10
1644 Donghyi Koh 6 146 35 33 24 15 10
1648 Intae Jung 6 144 56 20 20 18 16
1649 Mingzhou Jin 3 144 114 23 7 0 0
1650 Marina Peterson 6 143 45 19 17 15 9
1651 Murat Kocaoglu 7 143 30 24 16 15 14
1652 Josh T. Beckham 4 143 50 34 29 28 1
1654 Jake Wegmann 6 144 35 27 14 12 11
1655 Dacia Leon 6 143 58 27 25 15 10
1656 Tameem Almani 5 143 86 20 9 8 6
1657 Jiwon Lee 5 144 62 25 23 19 8
1658 Pedro Metola 6 143 48 37 16 15 11
1660 Jared Murray 6 142 69 29 13 8 7
1661 Oliver B. Duffy 6 142 29 27 22 19 14
1662 Lichun Wang 6 142 36 34 32 11 8
1665 Anum Ali 9 141 18 17 15 14 12
1667 David Walling 7 141 55 22 13 11 9
1668 Jihoon Jeong 7 140 36 27 21 17 11
1669 Ruichen Zhao 6 140 56 19 15 11 8
1671 Xiaolei Peng 7 140 43 28 15 14 10
1673 Neda  Naseri 6 139 43 32 22 18 12
1674 Jason D. Ferrell 5 138 76 20 12 9 7
1675 Matthew B. Weller 6 137 37 27 25 8 7
1676 Brandon E  Campitelli 6 137 36 35 16 15 13
1678 Josiah P  Hanna 7 138 52 16 14 13 9
1680 Kulasekaran Sivakumar 7 136 46 24 24 15 10
1681 Kaya de Barbaro 7 135 26 20 14 12 12
1683 mohsen rezaveisi 7 134 23 21 21 20 19
1686 Zhao Chen 5 134 40 32 30 9 7
1687 Mohammed Ali Morovat 6 133 29 22 12 12 12
1688 Johann Rudi 3 133 57 54 19 3 0
1690 Sudip Mondal 5 133 51 26 21 16 9
1691 Seogoo  Lee 8 132 24 16 15 14 10
1692 Adrian Ambrus 7 132 37 14 13 12 10
1693 Nishant Nookala 4 132 57 28 27 12 4
1694 Rajeshwary Tayade 6 132 46 34 24 9 7
1695 Damon McDougall 4 131 107 7 6 5 3
1696 Adrien Arnulf 7 131 30 24 19 18 13
1700 Carol J  Spaulding 5 129 60 36 8 7 5
1701 Eric David  Kelly 6 128 51 20 15 12 7
1702 Trevor Hrynyk 5 129 36 31 21 11 7
1703 Xin Li 7 127 30 17 15 11 11
1706 Kunhee Cho 6 127 34 29 18 10 8
1707 Feras Habbal 3 127 92 27 5 3 0
1711 Yiwei Wang 6 125 38 26 20 12 10
1713 Thaddeus B Czuba 5 125 35 31 24 19 9
1715 Sudipta Bhattacharyya 7 125 29 22 14 13 9
1717 Pei-Hsin  Kuo 5 125 34 29 20 18 6
1718 Karl Pichotta 5 124 45 41 15 12 5
1720 Michael K. Hole 5 124 35 33 21 12 8
1722 Himanshu Sharma 6 123 29 26 23 8 8
1723 Vivek Vittaldev 7 122 20 18 17 15 10
1724 Jackson W. Massey 6 122 24 14 12 12 10
1725 Ahmad AlAmmouri 8 122 26 17 15 12 12
1728 Hyun Woo Cho 5 122 47 23 14 11 8
1729 Donghwan Kim 7 121 24 17 13 11 7
1731 Ernesto Augutso Bueno da  Fonseca Lima 5 121 27 25 21 16 15
1732 Wei  Li 6 121 43 23 16 13 9
1733 Daniel S. Brown 6 120 21 20 20 12 9
1734 Julie Zuniga 6 120 32 21 14 9 9
1736 John Morán González 6 119 29 27 19 15 9
1737 Sebastian Astroza 7 119 20 19 17 12 11
1738 Yi Fang 6 119 20 20 19 12 8
1739 Juan Murcia-Delso 6 119 33 19 16 11 10
1740 Timothy Klatt 4 119 45 40 10 7 4
1743 Cheng Chih  Hsieh 5 118 40 18 18 14 12
1744 David A. Hormuth, II 5 118 61 16 16 9 6
1745 Amelia Harrison 5 117 35 14 13 11 9
1746 Lucy Tingwei Ko 6 117 36 21 17 11 9
1749 KiJung Yoon 2 116 104 11 1 0 0
1750 Zhaoqi Li 7 116 22 21 19 9 8
1751 Harish Ganapathy 6 116 22 22 19 7 7
1752 Natacha Crooks 5 116 45 28 15 13 5
1753 Quan Leng 5 116 63 18 13 9 5
1754 Yifei Xu 4 116 34 32 19 16 4
1756 Jordan Steckloff 6 115 23 21 20 12 10
1757 Simone Ponticelli 5 115 61 17 15 11 6
1758 Juan C. Gonzalez-Rivera 4 116 52 31 20 6 3
1759 Kathrynn Pounders 5 115 41 27 13 13 8
1760 Julia Eulalia  Vela Ramirez 7 115 21 20 15 13 13
1761 Reena Panda 6 115 20 16 13 11 9
1762 Adam Williamson 8 114 16 15 14 13 11
1764 Saban M. Hus 6 114 29 23 19 14 11
1765 Alan H Gee 4 114 35 34 33 5 3
1766 Joshua D Moon 6 114 34 34 14 10 9
1767 Hyunwoo  Yoon 7 114 29 16 16 12 11
1768 Ajay Gopinath 6 113 36 24 14 11 10
1769 Ronghuo Zheng 6 113 25 17 16 14 13
1772 Baole Wen 6 113 27 22 15 11 7
1773 saeedeh mohebbinia 5 112 41 22 15 12 10
1774 Neal W Morton 6 112 39 21 14 12 8
1775 Salma Ayoub 4 112 49 27 16 10 4
1777 Danna Gurari 5 111 27 16 16 10 8
1778 Abdulaziz M  Aldayel 3 111 59 40 8 3 1
1779 Eden Morris Davis 6 110 30 29 16 13 8
1780 Erin Darling 4 110 56 27 14 7 4
1781 Meng Li 5 110 31 21 13 9 7
1782 Christos  Karamitros 6 110 41 18 15 14 9
1785 Priyamvada Jadaun 6 109 48 13 11 10 10
1787 Gregory E. Allen 5 109 37 27 18 9 5
1788 Amelia Acker 6 109 19 16 14 9 7
1790 Zhoufeng Ying 5 110 22 22 15 15 14
1791 Sandra Vanegas 5 109 59 24 7 5 5
1794 Shuoshuo Han 4 108 45 17 16 11 3
1796 Tessa K Solomon-Lane 5 108 27 26 16 9 9
1797 Karl Kreder 6 108 33 29 14 13 7
1798 Kyongmo An 7 107 30 14 13 13 12
1799 Igor Holas 4 108 55 17 16 12 2
1801 George Miloshevich 6 107 29 24 14 11 9
1802 Bing Ai 5 107 26 22 19 16 8
1803 Ahmed Helal 4 106 67 17 9 7 2
1807 Saikishan Suryanarayanan 6 105 21 19 15 12 7
1808 Carma Gorman 5 105 55 16 9 7 6
1811 Mahdi Haddad 7 105 40 14 10 9 8
1813 Ryan T. Pekarek 5 105 31 27 17 16 14
1814 Joshua  Frank 5 104 50 18 14 10 9
1816 Amithraj  Valsaraj 4 104 58 14 11 10 2
1818 Randall P. Williams 5 104 28 24 22 7 6
1819 Chang Da 5 104 42 21 20 12 5
1823 Yongkee Kwon 6 103 20 16 10 7 7
1824 Carl Forsberg 6 103 27 19 15 11 10
1825 M. Umut Caglar 3 102 72 16 4 3 2
1828 Jessica Trelogan 5 102 40 14 13 9 7
1829 Shayan Tavassoli, PhD 6 101 20 19 19 17 11
1830 Chenhan D. Yu 6 101 35 16 13 10 8
1832 Ethan R. Elenberg 5 101 24 21 16 13 13
1833 Marc Bizer 6 100 22 20 12 10 10
1834 Fares Fraij 6 100 14 14 12 10 9
1838 María González-Howard 5 100 31 18 18 15 7
1840 Nicole R. Cunningham 5 99 28 26 24 8 7
1841 Décio Tadeu Corrêa 7 99 31 17 12 11 9
1843 Hsin-Che Lu 5 99 36 20 18 11 9
1844 Jongkwon Choi 4 99 41 21 16 9 4
1845 Jaemin  Lee 6 99 31 14 12 12 9
1846 Qi Lei 6 99 32 27 13 8 6
1848 Lauren Castro 5 98 48 13 12 10 5
1849 Man Yi Yim 6 98 27 19 17 11 10
1850 Sheng-Cheng Huang 6 98 30 20 11 6 6
1852 Paromita Pain 4 97 63 13 11 4 2
1853 Andrew Kurzawski 4 97 60 18 5 5 4
1856 Dongjie Jiang 6 97 36 13 10 10 10
1859 Brian Bremen 4 96 73 7 5 5 3
1860 Michael P. Howard 6 96 17 14 10 10 9
1863 shashvat doorwar 6 95 28 11 11 10 10
1865 Anum Syed 6 95 30 18 15 8 8
1867 Kyle M. McNicholas 5 95 50 14 11 8 6
1868 Charuksha Walgama 7 94 19 12 12 12 12
1869 Sung Yul Shin 6 94 28 21 12 9 8
1871 Rachel M. Wright 3 93 55 29 8 1 0
1873 Xiongyu Chen 5 92 24 20 11 9 8
1874 Siyun Wang 5 92 38 12 11 10 6
1877 Robert V. Reichle 6 91 24 17 10 8 8
1879 Wanyi Wang 5 91 33 19 16 9 7
1882 Sukjin Han 6 90 29 19 17 8 7
1884 Pavel Nagornykh 4 90 51 16 5 5 3
1885 Todd Triplett 4 90 32 30 17 7 1
1887 Onur N Demirer 4 89 47 20 11 7 2
1888 Brad Wolaver 6 89 19 17 16 13 12
1889 Youngchun Kim 5 89 21 17 14 8 5
1890 Norayr Matevosyan 5 88 24 17 17 10 8
1892 Scarlett O'hara  Baird 5 88 33 17 14 8 6
1893 Yeonam Yoon 6 89 22 17 13 10 10
1895 Junpeng He 5 87 32 25 11 10 8
1896 Javier Alejandro Chávez Domínguez 4 86 30 26 7 6 4
1897 Heather Houser 4 86 44 15 10 8 3
1898 Casey Boyle 5 87 20 15 14 13 6
1899 Sa Liu 6 86 18 15 13 8 7
1900 Bhupanapadu Sunkesula Solomon Raju 5 86 33 16 15 13 9
1902 Joseph Costandy 4 86 45 21 13 4 3
1903 Kelvin Amalokwu 6 86 33 14 9 9 9
1904 Dr. Anagha Jamthe 4 86 28 20 9 8 4
1906 Muhibur Rasheed 4 85 35 20 20 10 5
1907 Zhiqiang Fan 6 85 23 21 13 12 8
1908 Francisco Arguelles-Vivas 5 85 36 20 9 5 5
1909 Ali Vaziri Astaneh 6 84 12 11 7 6 6
1910 Yang Hou 6 84 16 13 9 8 8
1912 Hooman  Yaghoobnejad Asl 6 84 18 11 9 9 8
1913 Kyle M  Williams 5 83 26 19 10 7 6
1914 Jeonghun J. Lee 5 83 18 17 14 6 5
1917 Seong-Lyong Gong 4 82 20 19 18 9 4
1919 Caroline Thomas 5 82 23 23 14 11 6
1922 Dae Young Lee 5 82 34 13 12 10 5
1925 Fan  Zhang 4 81 37 14 10 6 4
1926 Samuel P. Wallen 4 81 25 20 17 8 4
1928 Eliezer Bose 5 81 15 15 13 10 8
1930 Grace  Kago 5 81 48 10 9 8 6
1932 Kristopher Darnell 5 80 36 14 13 9 6
1936 Joon Hyong  Cho 6 80 26 14 8 8 7
1937 Francesca Samsel 6 80 22 15 7 7 7
1939 Xiaofeng Chen 3 80 35 21 13 2 2
1940 Juan J. Colomina-Alminana 5 80 27 10 9 6 5
1942 Susan Smythe Kung 5 79 47 8 5 5 5
1943 Mariah J. Austin 4 79 52 15 6 5 1
1944 Denis Felikson 5 78 23 14 14 7 6
1945 Prasad Buddhavarapu 4 78 25 20 7 6 4
1946 Cristiane Chaves Gattaz 4 78 25 9 8 8 4
1947 Jason D. Sagers 4 78 8 7 7 6 4
1948 Mohammad Reza Beygi 5 78 43 7 7 7 6
1952 Ashwin Venkatraman 5 76 21 14 10 10 7
1953 Enrica Quartini 3 76 50 16 7 2 1
1955 Matt Kaufman 3 76 47 22 4 3 0
1958 Andrew David Grotzinger 5 76 15 10 10 9 9
1959 Chad A Baker 4 76 35 20 8 7 2
1960 Arjang  Shahriari 5 75 25 15 13 8 6
1961 Per Urlaub 5 75 24 15 11 6 6
1962 Qian Yang 4 76 47 13 8 6 1
1963 João Barbosa 5 75 38 10 5 5 5
1964 Yao Peng 5 74 30 13 9 7 5
1965 Kolina Koltai 5 74 21 14 13 9 6
1969 Michael Mosser 4 73 34 19 6 4 3
1971 Miguel Pinedo 6 73 19 12 12 7 7
1973 Shan Jiang 4 73 34 15 9 6 3
1976 Qingyun  Huang 5 73 17 11 6 6 6
1977 Niksa Valim 4 72 27 17 13 10 4
1978 Nazneen Fatema Rajani 5 72 23 15 9 7 5
1979 Ruizhu Huang 4 71 27 14 10 6 4
1983 Ann Molineux 5 71 16 16 12 10 6
1984 Mubassira Khan 4 71 31 23 6 4 2
1986 Owen Callahan 5 71 18 14 12 10 5
1987 Jiachao Liu 4 71 37 14 9 6 2
1988 Colin Heye 4 71 32 17 7 4 4
1990 Liang  Du 5 70 18 16 15 7 6
1991 Sagar P  Parajuli 4 69 25 13 13 6 4
1993 Marissa Burgermaster 5 69 22 10 6 6 6
1995 Dushyant Palejiya 5 69 16 13 13 7 6
1997 Majid Jalili 4 43 16 10 5 4 3
1998 Andrew Goodrich 3 69 38 19 9 1 1
2000 Amelia Rosenberg Weinreb 4 68 46 11 7 4 0
2001 Dan Zhang 2 68 62 4 1 1 0
2002 Bo Wu 6 68 9 7 7 6 6
2005 Omid Razavi 5 68 27 14 10 7 6
2006 Mirela Ciperiani 4 68 24 17 14 7 4
2007 Sebastian G. Ramirez 4 68 24 20 15 9 0
2008 Harsha Vardhana Padullaparti 4 68 29 11 5 4 3
2009 Tayfun Keskin 5 67 21 16 13 6 5
2011 Brennan Dubuc 4 67 27 9 8 8 4
2012 Jie  Xu 5 67 18 11 8 8 6
2013 Philip Capin 4 67 24 15 11 5 4
2014 Pradeep Radhakrishnan 4 66 17 17 12 8 4
2015 Elad Liebman 4 66 19 15 11 6 3
2019 Ken Teh-Yong Liao 5 65 14 14 6 6 6
2021 Margaret A Cook 4 65 24 13 8 6 3
2022 Christos G. Bampis 4 65 12 12 6 6 4
2026 Gholam Hossein Roodi 5 71 13 12 8 7 5
2027 Ehsan Madadi-Kandjani 4 64 23 20 12 6 2
2028 Meredith Cebelak 5 64 18 15 12 8 8
2029 Amelia M. Stanton 5 64 16 11 8 6 6
2030 Skylar M. Brannon 6 64 18 11 8 8 8
2031 John  Clegg 3 64 46 8 7 3 0
2032 Xiyuan  Tang 5 64 17 10 10 9 6
2033 Federico  Galster 4 64 18 17 11 11 3
2034 Sungkyu Kwon 5 64 13 7 7 6 6
2037 Malgorzata Chwatko 3 63 35 14 5 3 2
2039 Jae Hyun Kim 3 64 32 13 12 3 2
2041 Amir H Khalighi 5 62 13 11 11 10 8
2043 Jieyi  Zhu 4 62 24 12 10 9 4
2045 Sean Sullivan 5 62 14 12 11 8 5
2047 Masoumeh Ozmaian 5 61 20 14 8 6 5
2048 Timothy M Gallagher 4 61 38 12 6 4 1
2050 Aseem  Sayal 3 61 30 14 10 3 2
2053 Nitesh  Katta 2 60 30 22 2 2 2
2058 Georgios Zalachoris 4 58 28 10 6 4 4
2059 Benjamin M Wagman 2 59 56 2 1 0 0
2061 Pramit Chaudhuri 3 57 28 13 5 3 2
2063 Rachel Reetzke 3 57 42 6 6 2 1
2066 Reza Ganjdanesh 4 56 15 14 14 10 4
2068 Marie G. P. Cavitte 5 56 13 11 9 7 6
2069 Yazhou  Zu 4 56 17 12 11 5 4
2070 Ali  Abouie 4 56 15 13 13 7 4
2071 Eric Guiltinan 3 56 26 15 9 3 2
2074 Shilpi Goel 4 55 23 14 11 4 2
2075 Marc A.  Garcia 4 55 12 10 6 5 4
2076 Emily Wilhite 3 55 27 15 13 0 0
2077 Jonathan Major 4 55 19 10 7 5 3
2080 Himanshu Chauhan 4 54 16 12 9 5 4
2082 Meredith Bush 3 54 28 15 8 2 1
2083 Ali Samii 5 55 13 12 7 6 5
2087 Benjamin R. Jack 3 54 26 15 7 3 2
2088 Hojung  Jung 3 54 26 17 5 3 1
2090 Bruno Ramon  Batista Fernandes 4 54 16 11 7 4 3
2091 Timothy Lovorn 4 54 23 12 7 4 4
2092 Jonathan LeSage 4 53 24 8 6 5 2
2094 Ke-Yu  Lai 4 53 19 15 7 6 4
2095 Manasij Santra 4 53 23 13 8 6 2
2097 Zilong Xie 5 52 9 7 6 6 6
2098 Kasey Faust 4 52 13 10 8 5 4
2101 Henna Kim 5 54 10 9 9 8 7
2102 Zilong Xie 5 52 9 7 6 6 6
2108 Nicholas Dana 4 51 28 11 4 4 2
2109 Katherine Dunlop 5 52 10 9 9 6 5
2111 Saif Shahin 4 51 21 8 5 4 4
2112 Todd Richard  Goodall 4 51 22 8 8 4 3
2114 Tae Rang Choi 2 52 47 5 0 0 0
2115 Kum Chuan Shim 5 51 12 9 8 8 6
2119 Lukas Fuchs 4 50 24 13 5 4 4
2120 Joonkyoung Han 4 50 25 11 10 4 0
2121 Benjamin D. Leibowicz 4 50 18 9 7 5 4
2122 Alex Braylan 5 52 15 9 7 6 5
2123 Bruce L Cutright 3 50 25 16 6 1 1
2126 Muhammad Faisal Iqbal 4 50 16 11 7 6 4
2128 Damion V  Demeter 3 50 26 12 4 3 2
2130 Shanshan Wu 5 50 24 6 5 5 5
2132 Xiaoyin Li 4 49 23 6 5 5 3
2135 Wade Zeno 4 49 26 7 6 5 4
2136 John M. Swartz 3 49 35 8 6 0 0
2137 Derek A. Epp 4 49 10 9 7 6 4
2138 Charles A. Seipp 4 49 16 13 9 4 3
2141 Thomas Czerniawski 4 49 17 14 6 5 3
2142 Furqan Ahmed 2 50 24 12 2 2 2
2144 Megan W. Patterson 4 49 15 9 9 9 3
2146 Bradley Beth 4 48 19 6 5 5 3
2148 Yingxi Liu 4 48 15 13 7 4 4
2150 Cornelia Rasmussen 3 49 35 5 4 2 2
2151 Donghyun Kim 5 48 16 8 7 6 5
2152 Daniele Palaferri 3 48 27 12 6 2 1
2153 Amanda M. Pollitt 3 48 20 13 10 2 1
2157 Adam C Sales 4 47 13 7 5 5 4
2158 wenbin ouyang 4 46 22 6 4 4 4
2159 Peter C.  Kunze 4 46 8 5 4 4 3
2160 Shehab Alzobaidi 3 46 20 12 3 3 2
2161 Ramesh Adhikari 4 46 22 12 6 4 2
2163 Patrícia S. Lavieri 4 46 12 11 8 4 3
2164 Michael LeBeane 4 46 16 11 7 4 3
2165 Alicia Sendrowski 2 46 35 8 1 1 1
2168 Michele Cotrufo 4 45 20 9 5 4 2
2170 Ellen K Wagner 2 45 26 14 2 2 1
2171 Nitin Prasad 4 45 14 11 7 5 4
2174 himadri samanta 4 45 12 8 7 4 3
2176 Laura Spinella 3 44 38 3 3 0 0
2177 Eric Hersh 4 44 17 9 6 5 2
2179 Artur  Posenato Garcia 2 44 14 7 2 2 2
2180 Mauro Lorenzo Mugnai 5 44 11 9 8 6 6
2181 Tobias F Bartsch 5 43 14 9 5 5 5
2183 Chiranth M  Hegde 4 43 9 8 7 4 3
2184 Mindy Zhang Xiaolan 3 43 22 7 5 3 3
2186 Chu-Hsiang  Wu 5 43 9 7 7 6 5
2188 Julia M York 4 44 16 8 6 5 4
2189 Shaoqing Zhang 2 43 19 17 2 1 1
2190 Di  Zhu 4 43 11 9 7 6 4
2192 Jonas Michel 4 43 8 7 5 5 4
2193 Swadhin Pradhan 4 42 15 12 6 4 4
2196 Reus Salini 3 42 18 11 3 3 2
2198 Sehun  Oh 4 42 15 5 4 4 3
2201 J. Elliott Ortmann 3 42 18 9 6 3 2
2202 Christopher G  Cameron 4 42 10 9 8 6 4
2205 Hongwei Yu 5 42 14 8 5 5 5
2207 Swathi M. Mula 5 41 8 8 7 5 5
2208 Yao-Lun Yang 4 41 13 8 4 4 4
2210 Shannon Renee Sweeney 3 41 18 17 4 1 1
2215 Mahdi Heidari 4 40 11 6 5 4 2
2217 Rana Zakerzadeh 3 40 23 4 4 3 2
2218 Jaejin Lee 4 40 17 9 6 5 1
2222 Yang Ni 4 39 10 10 5 4 3
2227 Belem G. López 2 39 21 11 2 2 2
2228 Donghan Shin 3 39 19 16 4 0 0
2230 David R. Miller 4 38 21 6 5 5 1
2232 Shuang Song 3 38 16 7 6 3 2
2235 Dmitrii Merzlikin 4 38 11 7 6 4 3
2237 Jessica L.  Ford 4 37 8 8 5 5 4
2242 Scott D  Sifferman 3 36 14 11 8 3 0
2243 Chelsea Smith Gonzalez 3 36 18 7 6 3 1
2245 Ryan Hladyniuk 3 36 18 7 4 2 2
2246 Hossein Sartipizadeh 4 36 10 8 7 4 2
2254 Jayoung  Song 3 35 16 10 7 1 1
2257 John Ryan Sullivant 4 35 9 8 7 4 3
2258 Brian  Greco 3 35 22 4 3 3 2
2261 Meng Huo 3 35 25 3 3 2 1
2264 Woojung  Shin 4 35 10 8 7 7 1
2265 Zeyu Yan 4 35 7 7 6 6 4
2266 John A. Thywissen 3 34 18 8 4 2 1
2267 Pedro A Serigos 3 34 8 5 5 3 3
2271 Zeyu  Zhao 4 34 6 6 5 5 4
2272 Jon A Bender 3 35 18 8 5 2 1
2275 Melkior Ornik 3 33 7 5 3 3 3
2276 Robin Forslund 1 33 33 0 0 0 0
2281 Nilabh Kumar Roy 4 33 9 7 6 5 4
2288 Michele D Simoni 4 33 17 6 4 4 1
2289 Melissa A  Rodgers 3 32 19 8 4 1 0
2290 Dipak Aryal, PhD 4 32 8 8 6 5 4
2295 Asad Bawa 3 32 15 7 4 3 1
2297 Kyle Schroeder 4 31 5 5 4 4 4
2298 Matthew A. Brown 3 31 9 8 4 3 3
2301 Anushree Sanyal 3 31 18 9 3 1 0
2302 Jianyong  Mo 3 31 15 9 3 2 2
2308 Yifu  Han 3 31 8 7 6 3 2
2310 Xiaohu Shen 3 30 10 8 3 2 2
2312 Junho  Choi 3 30 10 9 5 2 2
2314 Kaiyuan Wang 3 30 9 5 4 3 2
2321 Piyoosh Jaysaval 4 29 12 7 5 4 1
2325 Feng He 3 30 8 7 6 3 2
2329 Michael Nole 3 30 9 7 5 3 3
2340 Jay Jennings 2 28 13 11 2 1 1
2342 AM Jarrett 4 28 7 6 5 4 4
2344 Ahmed Kord 4 28 8 7 5 4 3
2345 Javier Rodríguez-Fernández 3 28 10 5 4 3 2
2348 Anastasia Zervou 3 27 11 4 3 3 3
2349 Porcia Vaughn 2 27 21 3 1 1 1
2350 Vineet Singh 3 27 12 7 3 2 1
2351 Ashish  Sharma 4 27 9 5 4 4 4
2353 Rasha Diab 2 27 14 12 1 0 0
2360 Christina G  Rodriguez 3 27 9 8 7 3 0
2368 Sachin Thakkar 3 26 13 5 4 3 1
2371 Asitha Senanayake 3 26 5 4 4 3 3
2376 Xu Jing 3 26 8 6 4 3 2
2381 Sara Y  Cheng 2 26 10 5 2 2 2
2382 Stacey Worman 2 25 19 4 1 1 0
2388 Quan Nguyen 2 25 11 10 2 1 1
2389 Shahrazed Elmetennani 3 25 7 5 3 3 2
2395 Rajat Sen 3 24 6 4 3 3 3
2402 Xu Feng 4 24 5 5 4 4 3
2407 Franziska J  Klingberg 3 23 8 3 3 2 2
2408 Ulf R. Hansson 3 23 9 3 3 2 2
2410 Christopher M. Crittenden 3 23 7 6 3 3 2
2411 Thomas Macelliott Johnson 3 23 8 8 5 2 0
2414 Rulan  Shangguan 4 24 5 5 4 4 3
2424 Reetam  Biswas 3 22 8 7 3 1 1
2429 Bharathwaj  Sankaran 3 23 7 4 4 3 2
2433 Nazmus Sakib 3 22 9 6 5 1 1
2436 Chao Lei 3 22 9 7 5 1 0
2439 Ashley D. Biria 3 21 5 5 5 3 3
2451 Katherine Sobering 3 20 12 4 4 0 0
2453 Ruohan  Zhang 3 20 7 6 3 2 1
2460 Michael R Gardner 2 20 9 7 2 1 1
2468 Margherita Malanchini 3 20 6 3 3 3 2
2469 Anao ZHANG 2 20 13 2 2 2 1
2473 Jinyu  Zhang 2 19 8 2 2 1 1
2481 Farzad  Mokhtari-Koushyar 2 19 14 2 2 1 0
2489 Onur Özkan 3 18 5 4 3 3 2
2505 Megan Raby 3 19 9 6 3 1 0
2506 Palash V. Acharya 2 17 13 2 2 0 0
2507 Qize  He 3 17 5 5 4 3 0
2508 Farid Khosravikia 2 17 5 4 2 2 2
2509 Patrick Bardsley 3 17 7 3 3 2 1
2511 Kristin Kovach 3 17 9 4 4 0 0
2515 Eric O. Korman 2 16 7 4 2 1 1
2520 Sriramkrishnan.M 3 16 6 6 3 1 0
2523 J. R. Johnson 2 16 6 3 2 2 1
2533 Han Jiang 2 15 7 3 2 1 1
2540 Aaron Averett 2 15 10 4 1 0 0
2546 Mo (Emma) Yu 2 14 7 5 2 0 0
2547 Edward W. Marshall 3 16 8 4 3 1 0
2550 Robert Shaffer 2 14 9 3 1 1 0
2558 Soyoon Kum, 금소윤 2 14 8 4 1 1 0
2561 Aniket Marne 2 13 8 3 2 0 0
2562 Hye Sun You 2 13 3 3 2 1 1
2581 Mahyar Sharifi Mood 2 12 3 3 2 2 1
2587 Joshua Lively 2 12 7 5 0 0 0
2589 Jennifer L Harding 2 12 8 2 2 0 0
2595 Hamza Jaffal 2 12 6 4 2 0 0
2596 James Lavada Maner IV 2 12 7 4 1 0 0
2598 Michelle Fulks Read 2 11 5 3 1 1 1
2599 Kasia Solon Cristobal 2 11 9 2 0 0 0
2603 Michael V. Pachuilo 2 11 4 4 2 1 0
2605 Lance Hayden 2 11 5 3 2 1 0
2608 Miles D Gray 2 11 4 2 2 2 1
2627 Benjamin T. Cardenas 2 10 3 2 2 1 1
2630 Yiran Su 2 10 3 3 2 1 1
2644 Andrés Cánchero 2 9 3 2 2 1 1
2652 Liz Logan 2 9 7 2 0 0 0
2654 ZW Taylor 2 9 5 3 1 0 0
2656 Samy  Ayoub 2 9 4 3 1 1 0
2657 Sarah A Roelker 2 9 5 4 0 0 0
2660 Claire Shinhea Lee 2 9 5 2 1 1 0
2680 Casee Lemons 2 8 4 2 1 1 0
2695 Eric S. Seemiller 2 7 3 2 1 1 0
2697 Benjamin Ibarra Sevilla 2 7 2 2 2 1 0
2740 Heather Dial 1 6 4 1 1 0 0
2751 Emily Ball Cicchini 1 5 5 0 0 0 0
2782 Stefano Nerozzi 2 4 2 2 0 0 0
2783 Rakesh Ranjan 1 4 2 1 1 0 0
2799 Tanya Goyal 1 4 1 1 1 1 0
2803 Jacob S Embley 2 4 2 2 0 0 0
2813 Venktesh Pandey 1 4 2 1 1 0 0
2858 Prarthana Shivabasappa 1 2 1 1 0 0 0
2891 Peter E  Carlson 1 2 2 0 0 0 0
2905 Yuhosua Ryoo 1 1 1 0 0 0 0
2933 Blair A Johnson 1 1 1 0 0 0 0
