1 Marcello Tonelli 102 54260 5798 4386 1251 1217 1202
2 Scott Patten 84 41094 5798 4386 1341 1251 1217
3 J. Gregory Cairncross 65 40896 11800 4877 3995 2194 1631
4 Andrew Demchuk 92 37344 2431 1771 1572 1376 1141
5 Morley Hollenberg 89 30606 2507 898 683 631 579
6 Marc Strous 66 27606 1834 1436 1279 1173 1073
7 G. Bruce Pike 83 27071 1531 1518 1394 837 797
8 Dennis R. Salahub 76 26571 4050 2830 926 724 640
9 Saul Greenberg 85 26296 1135 775 775 701 640
10 Walter Herzog 82 25804 969 673 454 402 388
11 Eric E. Smith 76 24271 2431 1235 745 487 468
12 Hans J Vogel 74 23991 1763 1369 1295 651 621
13 Linda E. Carlson 64 23766 4562 2415 1290 988 876
14 D. Peter Tieleman 74 22697 2864 1466 990 807 539
15 Benno NIgg 88 21575 969 550 483 464 454
16 D. George Wyse 57 20654 4314 2031 1367 889 887
17 Garnette Sutherland 57 20578 7738 1123 1102 424 407
18 eggermont jj 79 20190 953 797 387 375 348
19 David B. Hogan 60 20209 1993 1874 881 856 784
20 Tongjie Zhang 56 19667 1990 447 375 248 233
21 Glenda Macqueen 66 19592 1108 1021 976 708 676
22 Carlos A Morillo 60 19525 1675 1312 1184 1025 808
23 Keith Dobson 53 18598 1657 1482 1333 1202 1173
24 Przemyslaw Prusinkiewicz 63 18450 4197 771 740 509 501
25 Wolfgang Tittel 46 18309 6702 1000 816 640 578
26 Hude Quan 61 18268 3566 883 867 528 512
27 Qingrun ZHANG 14 17942 4588 4231 4187 1993 1276
28 S Lees-Miller 73 17661 759 641 622 539 536
29 Jess Chua 50 17528 2382 1212 1194 1034 628
30 Herman W. Barkema 70 16633 2599 499 479 325 289
31 Alain Verbeke 53 16585 1646 1414 1143 683 676
32 Gerald Zamponi 75 16368 483 446 423 328 306
33 Masood Parvez 63 16031 364 192 189 178 174
34 James C Cross 66 15976 1364 1035 619 506 472
35 Warren E. Piers 68 15809 515 498 481 372 364
36 Paul L. Beck 58 15735 1965 1245 788 785 497
37 Quan Long 25 15270 6029 2544 1291 1111 877
38 Richard B Hawkes 62 15203 2311 795 665 494 390
39 robert a. STEBBINS 57 15059 1610 1177 1064 853 508
40 Quentin Pittman 63 14607 1341 307 301 233 225
41 Barry C. Sanders 57 13741 1066 816 487 463 295
42 Christoph Simon 52 13444 1701 992 895 846 621
43 Brian Gaines 56 13399 2234 514 457 418 298
44 Steve Larter 63 13082 896 498 369 341 312
45 Keith Yeates 62 12981 409 356 354 323 319
46 Paul W.M. Fedak, M.D. Ph.D. 47 12852 1332 1062 799 710 693
47 Rangaraj M. Rangayyan 54 12757 1104 477 458 439 351
48 Seok-Woo Kwon 9 12395 10258 866 411 240 236
49 Jonathan Lytton 47 12235 2684 1116 1014 622 557
50 Hermann Schatzl 36 12137 6424 458 377 364 296
51 Gerard Lachapelle 52 11987 709 292 259 229 185
52 Matt Vijayan 54 11734 1674 545 468 353 347
53 Sheelagh Carpendale 56 11626 608 291 274 261 260
54 Christopher Doig 50 11608 1469 1233 1006 527 400
55 J Meddings 61 11281 448 400 303 301 297
56 Shelagh Coutts 51 11272 2431 579 444 437 294
57 Robert M R Barclay 62 11157 323 303 300 297 267
58 richard cushman 36 10910 7353 632 190 141 141
59 Gilaad G Kaplan 49 10539 2599 280 255 240 228
60 Lawrence D. Harder 53 10504 950 596 494 443 360
61 D C Hodgins 56 10113 358 344 300 282 242
62 Tristram Chivers 48 9989 515 145 135 130 129
63 Fadhel M. Ghannouchi 49 9712 320 200 182 172 138
64 Peter K. Stys 52 9704 693 423 420 365 306
65 Mark Giembycz 52 9395 659 422 310 232 225
66 Bland BH 52 9189 1103 692 428 333 252
67 Zhangxin Chen 45 8982 863 351 340 250 190
68 Piers Steel 33 8801 1820 1146 651 595 504
69 Bijoy Menon 38 8784 2431 821 482 337 310
70 Robert Newton 52 8685 516 415 359 285 279
71 Carey Williamson 42 8672 1088 828 293 287 262
72 John Post 45 8603 1015 550 546 521 363
73 Uttandaraman Sundararaj 38 8365 1284 837 807 677 275
74 George Shimizu 43 8267 851 654 489 474 474
75 Steven Boyd 43 8172 1736 364 336 331 254
76 Robert J French 48 8099 740 278 245 211 205
77 Brent Davis 36 8066 1161 1132 1014 522 471
78 Pietro Ravani, MD, PhD, Professor of Medicine 48 8012 417 378 340 298 252
79 Venkataraman Thangadurai 43 7836 1003 474 465 460 367
80 William K. Stell 48 7793 404 387 370 287 263
81 Nasser Moazzen-Ahmadi 25 7768 5313 289 199 103 66
82 Rene Plume 49 7675 471 318 283 213 209
83 Bernhard Mayer 44 7490 438 375 332 233 214
84 Shirley R. Steinberg 37 7486 981 510 411 395 331
85 Edward O'Brien, MD, FRCPC 40 7314 1109 449 435 403 357
86 Suzanne Tough 45 7275 1028 437 281 248 193
87 Reihaneh Safavi -Naini 39 7247 536 529 367 241 234
88 Matthew N Hill 49 7181 368 268 214 214 209
89 Carolyn Emery 46 7159 326 325 300 299 290
90 Dr. Naser El-Sheimy, PEng 40 7043 509 379 313 221 161
91 Apostolos Serletis 46 7035 330 291 288 182 180
92 Deborah Dewey 42 7027 498 463 332 309 307
93 A.I. Lvovsky 44 7007 816 653 633 358 212
94 Benedikt Hallgrimsson 50 6922 267 231 229 185 175
95 Alexei Savchenko 45 6907 633 367 235 194 186
96 Peter Dunfield 42 6869 664 439 399 307 271
97 Nick Turner 31 6740 1214 829 750 536 394
98 Carol Schuurmans 32 6650 578 566 552 446 437
99 Dennis Sumara 31 6637 1132 1132 913 522 414
100 Thomas Ricento 23 6500 2523 620 539 465 289
101 Chris Clarkson 41 6496 545 429 407 383 287
102 Carol E. Adair 38 6470 1558 819 277 236 233
103 Frank Cheng 53 6466 172 160 123 119 118
104 Guillaume Millet 44 6383 330 248 182 165 156
105 Eric Donovan 40 6328 394 239 233 231 224
106 Janine Giese-Davis or Janine Giese Davis 37 6254 793 572 310 295 289
107 Abdulmajeed Mohamad 40 6208 550 232 227 215 206
108 David B. Layzell 46 6168 355 314 176 170 166
109 Daniel Y. Kwok 42 6168 1168 240 231 197 168
110 Peter G. Kusalik 44 6162 415 328 268 245 207
111  Naweed I Syed 43 6149 535 398 214 177 167
112 Richard Leigh 42 6092 408 400 232 216 215
113 Frank Maurer 38 6069 514 203 169 163 157
114 Yumei Li 33 5865 347 289 288 244 199
115 Richard E. Buckley 33 5869 1073 676 354 255 249
116 Jack Mintz 34 5780 536 393 244 180 180
117 David Eaton 42 5719 259 132 114 109 108
118 Jocelyn M Lockyer 41 5653 327 249 213 208 199
119 Stephen Robbins 40 5548 479 333 313 273 254
120 Darren Stefanyshyn 36 5548 319 296 228 213 203
121 Joan N. Vickers 32 5504 494 440 383 383 262
122 Stephen K. Field 35 5485 760 361 330 323 301
123 Tavis Campbell 36 5430 380 257 251 251 236
124 Wynne-Edwards KE 39 5407 516 277 275 231 198
125 Shawn Marshall 34 5393 680 586 503 281 217
126 Geoffrey J. Hay (PhD) 32 5357 573 428 386 331 285
127 Sorana Morrissy 21 5319 2247 546 492 465 305
128 Harrie Vredenburg 22 5278 2345 491 441 379 336
129 Zongpeng Li 33 5188 962 375 234 231 212
130 Guenther Ruhe 38 5105 398 270 189 154 146
131 Oury Monchi 32 4939 939 459 326 304 232
132 Amy Pablo 19 4939 2082 694 471 336 323
133 Randal N. Johnston 36 4935 424 355 278 253 225
134 Xiangyu Long 21 4903 1188 665 315 303 299
135 B. Curtis Eaton 29 4899 690 364 337 313 292
136 Brian MacIntosh 32 4790 459 388 356 326 290
137 James A Dickinson 35 4786 473 287 258 209 163
138 Dr. Anil Mehrotra 40 4734 169 164 164 154 139
139 Apostolos Kantzas 35 4730 246 153 145 138 100
140 John EA Bertram 35 4645 351 286 257 248 213
141 Dae-Kyun Ro 21 4519 2301 320 230 180 151
142 Jeff F Dunn 37 4514 421 184 145 119 117
143 Zareipour, Hamidreza 31 4516 629 410 181 164 135
144 Masaki Hayashi 34 4479 302 231 205 182 180
145 Douglas Clark 30 4449 475 452 292 260 258
146 Catherine Lebel 23 4413 934 757 597 486 178
147 James Agarwal 22 4383 1827 549 271 265 250
148 Paul Barclay 31 4381 365 322 272 211 177
149 Penny Pexman 38 4369 292 288 165 162 152
150 Lindsay McLaren 29 4339 1689 396 179 155 126
151 Ken Barker 35 4331 251 138 132 127 124
152 Lisa Young 26 4338 1311 382 305 195 191
153 Reed Ferber 34 4295 524 513 281 191 190
154 Kunal Karan 37 4275 338 195 194 180 179
155 Leonard Bruton 29 4210 282 268 252 198 188
156 Mody Christopher H 35 4173 430 426 270 170 166
157 Yang Gao 34 4093 200 190 173 156 150
158 Douglas Mahoney 25 4082 524 470 419 377 214
159 Marcelo Epstein 35 4027 327 216 160 158 113
160 Nancy Marie Arthur 33 4011 427 246 198 169 138
161 Margaret M Kelly 25 3974 1233 318 272 198 190
162 Alastair Cribb 36 3948 220 172 172 165 161
163 Gavin McCormack, PhD (Public Health), MSc (Sports Science), BSc (Human Movement) 29 3917 455 403 324 290 209
164 Bruce Jamieson 32 3908 397 148 141 134 100
165 Tanvir Chowdhury Turin 32 3900 413 333 184 121 108
166 Bertus Eksteen 28 3899 820 533 240 236 212
167 Justin A. MacDonald 32 3883 245 230 227 218 186
168 Marco Musiani 31 3852 515 284 225 178 153
169 Sergei Noskov 31 3849 462 226 188 181 173
170 Charles M. Henderson 36 3843 419 128 126 120 109
171 Alan Hildebrand 22 3811 962 268 262 231 225
172 TR Leonard 36 3732 217 201 168 130 125
173 Michael F. Hynes 31 3724 877 207 203 183 141
174 Larry Lines 28 3725 739 313 209 144 101
175 Judit Smits,  JE Smits, JEG Smits, Judit Emmy Smits,  32 3702 506 454 124 122 120
176 Alan Smart 31 3706 467 364 189 139 117
177 Joe Harrison 29 3673 710 372 187 165 146
178 David RM Pattison 32 3661 281 246 234 230 184
179 W. D. Walls 28 3659 609 434 209 182 178
180 Jana Vamosi 26 3644 753 481 280 209 166
181 Elmar Prenner 28 3602 621 282 277 221 141
182 Kelly Burak 30 3586 449 272 263 217 166
183 Roberto Aguilera 30 3586 553 203 133 103 101
184 Michael G. Sideris 31 3548 385 167 161 154 85
185 Lynn McIntyre 31 3522 376 191 179 157 100
186 Stephanie Borgland 27 3518 615 280 240 198 174
187 Frank P. MacMaster, PhD 32 3491 360 279 171 165 124
188 Giovani J.C. da Silveira 20 3418 1542 440 224 168 128
189 Simon Park 24 3373 746 205 202 185 176
190 Paul MK Gordon 23 3289 836 432 348 319 104
191 Andrew M Knight 26 3285 666 147 129 129 121
192 Nicole Letourneau 34 3256 173 130 118 112 96
193 Ronald J Spencer 30 3246 334 274 175 155 122
194 Mark Lowerison 13 3236 2431 170 130 116 87
195 Ronald Spencer 30 3220 334 274 175 155 122
196 Francois P. Bernier 26 3206 468 282 238 194 170
197 Michael C Antle 30 3196 421 213 198 128 123
198 Tolu Sajobi 16 3199 2431 77 69 50 43
199 Richard Dyck 30 3173 349 242 187 138 136
200 Alim P. Mitha 16 3151 2431 86 81 50 49
201 Mario Costa Sousa 27 3132 349 234 224 144 140
202 Bradley Goodyear 26 3073 359 303 249 158 128
203 Alexandra Frolkis 15 3076 1479 619 240 161 104
204 Jeroen De Buck 28 3069 499 401 135 134 131
205 Jeffrey Church 14 3058 1025 542 318 299 197
206 Abraham Fapojuwo 24 2998 992 210 157 123 83
207 Justin MacCallum 21 2983 722 399 233 190 165
208 Vaneet Lotay 13 2992 1385 807 174 173 113
209 Diane L. Lorenzetti 30 2975 344 329 173 159 139
210 Benoit Beauchamp 32 2956 221 143 141 132 109
211 Noreen Kamal 12 2961 2431 87 69 58 41
212 Gary Margrave 24 2940 243 149 144 144 127
213 Alain Tremblay 24 2920 419 379 330 308 111
214 David Cramb 27 2908 343 331 197 162 151
215 Sam Yeaman 18 2907 1073 328 257 168 153
216 Martin Mintchev 29 2881 239 185 183 107 98
217 Kenneth K.S. Ng 29 2871 212 183 165 148 138
218 M L Gavrilova 26 2873 202 149 110 95 95
219 J Decker Butzner 25 2873 244 240 238 225 177
220 Elena Braverman 25 2868 342 157 143 121 72
221 Marc Ereshefsky 28 2840 397 275 204 166 163
222 Michael Parkins 26 2830 273 268 233 226 212
223 Douglas G. Storey 28 2804 273 245 233 212 128
224 Neil A. Duncan 22 2800 475 285 246 199 183
225 Ian Gates 29 2797 137 99 91 84 84
226 Jane Shearer 32 2781 188 164 164 119 118
227 Ramasubbu Rajamannar 26 2783 402 305 162 156 117
228 Sean M. Rogers 25 2751 285 245 196 165 159
229 Lisa M Gieg 30 2712 196 143 141 137 134
230 s.c. wirasinghe 26 2708 170 168 129 111 107
231 A. P. Jason de Koning 18 2702 547 234 222 202 199
232 Jędrzej Śniatycki 20 2686 578 299 273 201 95
233 Michael E. Wieser 19 2674 588 440 302 258 181
234 Simon Hirota 21 2672 788 278 245 230 138
235 Bev Dahlby 24 2650 317 270 262 172 154
236 Yiliu Tu 27 2638 370 167 90 89 88
237 Nashaat N. Nassar 33 2641 281 119 117 111 109
238 Deyi Xue 28 2632 300 118 108 104 100
239 Patrick Whelan 29 2632 252 249 248 182 101
240 Roger Thompson 22 2619 501 262 230 227 224
241 Gilad Gour 29 2583 206 152 133 133 116
242 Anthony Tang 30 2579 261 212 159 135 131
243 Ki-Young Lee 24 2568 491 330 155 126 99
244 Michael Smith 24 2555 272 268 195 99 92
245 Rob Thompson 27 2545 314 259 259 168 125
246 Barrie R. Nault 24 2524 289 184 164 153 128
247 Alexander McGirr 26 2523 241 157 155 152 141
248 Sandy Hershcovis 16 2514 790 756 163 122 75
249 E P L Roberts 29 2521 207 105 95 92 90
250 Greg McDermid 22 2513 390 332 300 124 117
251 Aru Narendran 22 2499 886 146 125 96 89
252 Don Lawton 22 2472 211 203 141 132 101
253 Kristin M. von Ranson 22 2456 741 195 159 128 118
254 Derek Chapman 16 2436 934 299 189 158 151
255 peter sherer 14 2417 579 535 266 207 193
256 Rachel H. Ellaway PhD 26 2401 345 157 110 87 79
257 James Lees-Miller 24 2379 381 251 193 186 129
258 Jeremy W. Fox 24 2372 481 235 180 151 106
259 Danielle A Southern 20 2328 445 306 232 201 118
260 Sytle M. Antao 23 2313 563 238 177 116 79
261 Irene Herremans 23 2295 392 250 250 172 114
262 Steven M. Vamosi 23 2288 481 133 126 125 104
263 Aidan Hollis 23 2274 244 170 169 110 104
264 Jared M. Taylor 14 2273 465 274 234 189 180
265 Gregor Wolbring 24 2251 160 155 92 90 77
266 Janice M. Bell, RN, PhD 23 2209 548 221 162 101 84
267 Alfred Lehar 14 2209 678 500 300 192 136
268 R.W. (Bob) Brennan, PhD, PEng, FEC 24 2211 181 111 97 96 89
269 Faramarz Samavati 25 2195 352 140 104 85 71
270 David Westwick 21 2192 309 235 192 128 117
271 Marie E. Fraser 23 2176 329 292 246 148 136
272 Behrouz H. Far 22 2174 83 74 69 68 64
273 Mohamed Helaoui 25 2156 200 128 117 86 69
274 John Mueller 23 2143 392 107 97 93 81
275 Stephen Hubbard 27 2128 155 114 103 87 87
276 Tyler Stephenson 10 2129 596 486 429 238 129
277 Gerald Osborn 26 2123 156 136 129 128 119
278 Sheri Madigan 20 2121 400 190 167 158 155
279 Douglas J. Hallett 19 2085 442 237 154 146 135
280 Michael S. Kallos, Professor of Chemical and Biomedical Engineering 26 2081 185 153 138 127 98
281 Bryan G Yipp 13 2061 479 424 339 333 113
282 Joe Lemire 21 2059 710 213 96 92 73
283 David W. Jardine 20 2046 174 173 169 123 123
284 Mayi Arcellana-Panlilio 19 2032 746 237 147 133 132
285 Majid Pahlevani 24 2033 245 185 152 122 90
286 Zahinoor Ismail 22 2045 366 262 245 104 58
287 Elena S Di Martino 19 2013 319 202 197 162 147
288 Jörg Denzinger 24 2015 96 82 79 75 72
289 James Wasmuth 22 2009 369 162 156 145 139
290 Fiona Clement 24 2011 288 145 135 135 102
291 Petovello 23 2006 185 175 96 60 57
292 Nathan C Peters 17 1992 596 237 139 134 133
293 Chris Hugenholtz 26 1989 162 111 107 100 88
294 Julio Mercader 25 1971 291 226 172 116 96
295 Melanie Rock 22 1970 403 249 143 88 64
296 Vedran Lovic 19 1941 236 192 151 145 140
297 Hussein Ahmed Warsame 6 1926 1730 78 54 14 9
298 Tom Strong 22 1898 408 66 65 47 47
299 Steve Casha 16 1888 450 399 163 117 105
300 Sean Dukelow 20 1893 269 170 161 124 116
301 Stephen Wilton 20 1889 275 182 137 134 129
302 Joern Davidsen 22 1879 369 138 126 113 107
303 Karoly Bezdek 20 1867 554 76 52 49 46
304 Hersh Gilbert 23 1853 366 152 100 84 76
305 Regina M. Krohn 11 1851 886 384 138 97 87
306 Brian J. Moorman 22 1845 162 146 139 118 107
307 Glen Sumner 9 1842 1414 163 75 40 37
308 Shigeki Tsutsui 21 1835 256 236 169 142 142
309 Richelle Mychasiuk 22 1812 344 246 81 76 59
310 Christopher Sears 21 1816 294 230 187 104 78
311 Byron Miller 16 1811 523 234 227 178 121
312 John Cobb 20 1802 519 135 126 102 100
313 M. Cathryn Ryan 18 1802 792 207 72 66 49
314 Ehud Sharlin 20 1780 155 142 127 120 100
315 Dustin S Hittel 22 1770 188 128 118 105 100
316 Laurence Bentley 24 1763 164 141 106 64 63
317 Mark Ungrin 15 1760 342 306 185 130 111
318 Paolo Federico 20 1756 279 139 127 102 92
319 Marcus Samuel 20 1753 232 206 152 126 95
320 Glen E. Bodner 19 1751 262 176 160 152 147
321 Shan Liao 17 1745 585 151 148 142 101
322 Svetlana Yanushkevich 20 1745 196 165 108 60 53
323 Daniel Oblak 17 1746 401 329 130 109 108
324 Raafat EL-HACHA 22 1737 354 136 130 109 62
325 Kirsten M. Fiest 23 1730 240 144 134 89 78
326 Eva Enkelmann 20 1721 198 173 171 118 84
327 Kiarash Riazi 21 1719 233 225 192 135 85
328 Darren Brenner 23 1710 170 159 140 138 101
329 Melanie Noel 20 1715 201 116 104 96 95
330 Meghan McDonough 21 1697 163 140 131 117 106
331 Jessica Theodor 20 1695 327 205 155 153 121
332 Steve Liang 17 1695 448 342 176 63 62
333 LePing Li 22 1669 275 187 119 96 75
334 Richard Wan 22 1665 158 88 76 74 70
335 Pascale Sicotte 24 1651 135 127 103 79 78
336 David C. Jones 21 1650 157 152 114 95 83
337 D. Michele Jacobsen 20 1626 340 154 152 110 91
338 Signe Bray 17 1627 386 264 153 137 119
339 Franz J. Zemp 18 1615 256 204 116 115 104
340 Susan Franceschet 19 1614 356 280 166 102 68
341 Jian Kang 18 1603 229 187 175 175 134
342 Willis Tsai 14 1594 280 255 192 131 131
343 Nigel Waters 20 1595 125 118 107 89 85
344 David Knudsen 21 1590 121 106 104 89 82
345 Svetlana Baoukina 17 1583 422 236 116 98 84
346 Nancy J Moules 24 1572 217 101 75 61 60
347 Juan Manuel Murias 25 1561 170 99 80 76 59
348 Robert A. Rose 21 1551 223 166 109 89 84
349 Eldon Spackman 19 1550 356 156 111 81 80
350 Dewan Billal 17 1545 711 92 82 60 58
351 Jeremy Fantl 13 1544 460 357 206 149 86
352 Constance Finney 13 1539 590 366 198 69 53
353 Tom O'Neill 18 1531 336 120 94 71 67
354 Mehdi Mourali 12 1523 655 193 149 131 112
355 Roman Krawetz 25 1521 153 132 107 71 63
356 Kun Shao 17 1516 267 179 132 123 119
357 Robert Oxoby 16 1508 292 206 147 136 125
358 Manoj Kumar Mishra 22 1508 276 158 115 69 67
359 J. Patrick A. Hettiaratchi 18 1505 168 155 122 117 99
360 Penny Werthner 17 1501 315 311 120 101 74
361 Sharon Friesen 15 1488 279 174 152 123 116
362 Laura Curiel 18 1479 328 257 105 82 67
363 Irene Ma 17 1478 156 122 121 114 102
364 Raymond Patterson 14 1478 615 163 79 79 64
365 Xuewen Lu 21 1476 276 112 77 60 60
366 Ali Broumandan 19 1484 306 185 76 66 60
367 Harold Lau 22 1472 158 123 87 85 80
368 Vaibhav B. Patel, MPharm, PhD 22 1468 135 114 93 80 76
369 Philip W. L. Fong 17 1462 262 227 146 107 84
370 Janaka Ruwanpura 20 1439 77 76 57 56 56
371 Michael John Jacobson, Jr. 23 1423 150 107 96 67 63
372 Smriti Mona Agrawal 15 1420 428 197 144 115 75
373 Shane Sinclair 19 1422 217 152 122 103 97
374 R. Dan Jacobson (PhD) 23 1405 124 99 92 71 70
375 Susan Boon 20 1403 280 224 119 81 61
376 James A. Meurs 16 1397 208 194 159 152 107
377 Ian A. Lewis 13 1388 506 228 118 93 82
378 Faizal Careem 24 1387 100 93 81 78 76
379 Jonathan Epp 23 1386 155 112 110 98 97
380 John Yackel 23 1380 131 98 79 70 65
381 Amin Ghanizadeh 18 1361 254 220 94 90 88
382 Theodor Freiheit 15 1359 746 112 66 57 31
383 Mea Wang 15 1336 359 202 189 113 78
384 Robin Walker 17 1328 261 179 166 132 95
385 Richard Zach 20 1325 125 125 79 71 66
386 Hemanta Sarma 20 1313 176 90 77 69 60
387 Chris Bladen 19 1313 159 155 151 104 95
388 jeffrey priest 18 1305 155 144 91 86 85
389 Salvatore Federico 21 1296 108 92 90 85 73
390 Jason S. Anderson 21 1291 177 133 69 67 54
391 Shibao Guo 18 1288 135 106 80 78 74
392 Chad Bousman 21 1277 80 65 63 61 60
393 Maen Husein 22 1277 91 86 66 64 64
394 Vinicius Gadotti 21 1274 178 134 72 72 61
395 Antoine Dufour 17 1273 205 143 127 102 92
396 Jose F. Domene 20 1274 138 96 94 89 85
397 Larry Katz 16 1263 336 124 98 83 59
398 Bart Beaty 14 1254 172 153 153 149 134
399 Elizabeth Keys 2 1247 1233 10 2 1 1
400 Eugene Beaulieu 18 1243 115 93 85 82 80
401 Tao G Dong 15 1245 215 156 144 116 106
402 Alexander David 13 1235 297 181 135 109 107
403 Arindom Sen 21 1232 98 81 77 76 74
404 Beaumie Kim 12 1222 595 161 123 53 41
405 Tyler Williamson 21 1198 77 66 64 62 54
406 Roberto C Sotero 12 1194 415 149 130 120 104
407 Brian Jackel 17 1176 231 99 97 94 79
408 Hadi Hemmati 15 1178 366 116 75 68 67
409 Jac J. W. Andrews 17 1159 158 143 103 96 67
410 Kartikeya Murari 18 1157 163 118 91 64 62
411 Hua Song 14 1152 235 183 89 77 76
412 Paula Berton 18 1149 115 97 91 84 79
413 Ruohong Sui 17 1143 190 150 102 77 76
414 W. Brent Edwards 19 1137 138 77 75 57 48
415 Daniel Trad 13 1134 324 208 166 101 72
416 Steig Johnson 19 1127 132 102 93 79 53
417 Amanda Melin 20 1100 102 80 74 62 59
418 Campbell Rolian 16 1079 231 120 110 101 68
419 Ashley D Harris 17 1081 144 85 80 75 55
420 Heather Jamniczky 16 1075 231 117 56 53 50
421 Darla Zelenitsky 20 1071 91 88 53 51 48
422 Hetty Roessingh 19 1060 155 79 63 61 53
423 Wesley Willett 12 1060 300 209 108 97 93
424 Anatoliy Swishchuk 16 1051 124 85 77 56 55
425 Wulin Teo 12 1046 494 105 67 50 50
426 David G. Gobbi 16 1041 101 96 86 82 78
427 Jocelyn Poissant 15 1044 180 143 101 90 84
428 Brent Else 19 1043 156 71 71 70 67
429 Anya Smith 10 1032 282 172 144 113 99
430 Kristopher A. Innanen 17 1021 65 62 56 47 42
431 John R. Boyce 15 1021 177 130 119 101 64
432 Abdolhossein Hemmati-Sarapardeh 19 1012 82 79 67 64 61
433 Joseph Samuel Sparling 8 1014 452 311 73 69 31
434 Kenneth J McKenzie 17 1009 187 69 58 40 36
435 Colin Dalton 15 995 166 149 99 91 71
436 qingye lu 17 989 165 130 105 73 63
437 Michael P. Lamoureux 17 986 144 122 76 57 55
438 Alexander Lohman 14 990 161 135 115 90 65
439 Pablo Santos-Iglesias 17 988 130 70 53 48 44
440 Kevin McQuillan 12 980 414 71 67 66 64
441 Alexandre G. de Barros 17 968 111 103 101 94 53
442 Peng Huang 11 965 280 163 110 92 81
443 Maja Tarailo-Graovac or Maja Tarailo 12 956 431 111 45 37 33
444 Philipp Woelfel 19 953 72 62 33 30 29
445 Elena Antoniadis 12 953 161 141 117 97 69
446 Gail MacKean 13 953 275 113 95 90 55
447 Maurice Shevalier 14 952 164 151 88 70 42
448 Sal Mendaglio 16 946 101 99 81 73 62
449 Azfar Hassan 17 939 119 117 74 66 63
450 Maria Jose Santana 14 938 310 72 56 41 37
451 Dr. Patricia K. Doyle-Baker 15 936 155 132 79 76 61
452 Bernard Guest 12 932 160 146 129 102 62
453 Anne Kleffner 12 925 355 126 65 65 53
454 Jaana Woiceshyn 11 915 152 140 123 90 89
455 Darren Lund 15 910 110 76 51 42 41
456 Diwakar Krishnamurthy 16 912 211 114 64 34 33
457 Jan Dettmer 18 891 92 64 53 51 43
458 Jeremie Bourqui 13 888 231 144 95 80 62
459 Martin Halek 8 876 636 636 49 47 46
460 Lisa Buchy 16 875 109 73 70 61 60
461 Thomas Barchyn 17 876 162 88 66 50 46
462 Monica Cepoiu-Martin 9 872 306 304 62 50 47
463 Lina Kattan 16 872 79 70 68 53 48
464 Pratim Sengupta 14 858 159 152 94 40 26
465 Paul Galpern 10 858 202 195 145 88 86
466 Cara MacInnis 14 856 235 108 83 77 60
467 Osman Alp 13 853 340 123 60 57 49
468 Matthew Workentine 15 849 121 98 84 60 60
469 Brenda O'Neill 17 845 90 84 78 58 52
470 Eduardo Cobo 18 843 155 71 48 46 42
471 Jennifer Lock 11 842 259 163 91 63 37
472 Deinera Exner-Cortens 9 836 333 258 56 46 32
473 Jillian Vinall 9 831 318 114 98 77 75
474 Edwin Cey 9 822 322 231 81 50 39
475 Yujun Shi 16 820 91 52 41 38 35
476 Colin B. Josephson 12 812 134 124 120 103 42
477 Tak Ho Chu 9 803 416 106 104 27 27
478 Yan Guo 15 799 91 84 73 42 30
479 Hendrik Kraay 15 814 132 94 75 50 44
480 Kyle O'Keefe 17 802 67 60 49 33 29
481 Loren Falkenberg 10 798 172 134 119 90 76
482 Jeremy Wong 14 800 168 76 76 66 66
483 Chris Macnab 12 788 190 118 98 44 26
484 Charlene D Fell 15 786 168 82 68 62 43
485 Srijak Bhatnagar 6 784 332 318 79 32 7
486 Gaurav Tripathi 15 772 226 71 38 34 34
487 Marit Rosol 11 772 161 146 110 70 53
488 Shelly Russell-Mayhew 14 765 182 155 49 33 33
489 Pavol Federl 11 750 319 114 97 41 36
490 Joshua Bourdage 11 753 205 117 95 70 61
491 Rebecca J. Haines-Saah 14 747 249 93 43 39 33
492 Wu Qiu 16 748 115 50 44 42 32
493 Raj Mashruwala 8 738 203 176 162 71 52
494 Deepak kaushik 15 731 164 83 69 62 48
495 Tanaji More, MTech, PhD 9 733 213 176 115 71 55
496 Yan Liu 13 723 157 107 92 86 39
497 Leanne Quigley 10 717 404 91 51 39 31
498 Amir Sanati Nezhad 18 713 51 50 49 40 36
499 Xin Wang 14 699 120 94 59 47 46
500 Robert W Murray 10 699 385 48 48 38 24
501 Ronald Kneebone 13 697 187 40 30 29 29
502 Marco Gallo 10 696 300 107 97 39 37
503 Ke Du, Ph.D., P.Eng. 12 696 109 79 72 47 35
504 Edward Krebes 17 693 58 51 43 35 33
505 Marie-Claire Shanahan 9 690 317 99 64 46 46
506 Natasha Kenny 11 688 184 106 71 54 41
507 JL Hayley (Grozic) 16 686 114 56 53 48 42
508 Celine Jean-Xavier 8 679 324 75 70 58 50
509 Laurence E. Turner 13 677 119 67 62 59 59
510 Sourav Bag 12 674 235 121 69 40 35
511 Geeta Modgill 10 660 176 76 74 63 60
512 Pablo De Biase 14 658 235 65 52 43 41
513 David Nordstokke 14 660 150 88 64 60 34
514 Matiram Pun 7 656 320 117 62 41 31
515 Alice de Koning 12 656 163 113 76 55 46
516 Julie Drolet 9 655 359 42 27 27 21
517 Qiao Sun 11 656 192 100 63 52 29
518 Nicole Racine 11 663 271 199 58 54 53
519 Babatunde (Tunde) Ogunfowora 13 653 139 117 99 45 39
520 Kevin Alderson 14 650 98 72 55 49 44
521 Andrew Howarth 10 648 162 130 81 54 44
522 Lauren L. Drogos 13 650 156 86 63 58 49
523 J Megan Gray 11 645 209 93 80 79 37
524 Robert J. Ferguson 12 643 127 61 49 42 34
525 Xavier WALTZ 16 643 66 53 40 33 32
526 Norma Nielson 11 642 297 49 47 26 24
527 Yrjo Koskinen 8 641 200 127 104 57 51
528 Raza Zaheer 10 637 251 124 50 44 38
529 Per Kent Pedersen 11 638 137 99 78 38 36
530 Norman Eric Wong 5 637 489 114 12 11 5
531 Ian Winchester 13 634 83 75 62 55 26
532 Experience Nduagu 14 627 69 65 61 59 42
533 Julio Garcia 13 626 129 65 46 27 24
534 Mehdi Mahmoodi 10 621 202 176 46 44 21
535 Luke Olsen 11 620 349 39 39 32 30
536 Seok Keun Choi 16 620 40 38 37 33 33
537 Andrew C. H. Szeto 16 617 63 49 46 46 44
538 Craig Johansen 13 615 102 70 47 38 28
539 Tony Ware 10 612 158 92 65 48 45
540 Lora Oehlberg 12 611 176 102 39 35 22
541 Brandy Kinkead Pilapil 10 611 146 133 67 42 36
542 Barbara Schneider 15 608 85 74 44 39 38
543 John B McIntyre 11 605 117 115 90 58 53
544 Quazi K. Hassan 14 603 65 58 57 32 26
545 Renate Scheidler 14 602 77 59 33 31 29
546 Dana Olstad 16 603 111 39 39 33 32
547 Milana Trifkovic 15 599 78 59 53 50 36
548 Jeff Pieper 15 592 93 42 36 32 30
549 Kent Hecker 14 590 81 42 34 34 31
550 Stephanie Warner 8 589 268 107 88 51 20
551 Paul Metzak 13 587 128 67 61 58 52
552 Sonia Quon 6 585 308 136 63 49 16
553 Andrew V. Caprariello 9 582 195 103 76 54 46
554 Giampaolo Martufi 12 578 89 75 73 60 54
555 Varun Vij 12 580 117 87 74 47 43
556 Janet de Groot 10 577 195 89 53 42 40
557 Sylvie Roy 12 576 66 65 51 40 38
558 Jim Dewald 7 579 323 109 83 27 15
559 Farisa Forouzandeh 8 575 207 102 98 71 47
560 Jonathan N. Stea 7 574 300 178 27 26 13
561 Alan McLuckie 9 577 124 118 80 48 46
562 Kirsten Exall 13 573 75 63 57 47 44
563 Dr. Suharsh Shah 13 568 65 49 44 41 38
564 arjumand wani 12 566 112 77 74 53 46
565 Wenyuan Liao 14 565 79 61 36 34 29
566 Claudia Klein 12 556 145 53 35 29 26
567 Hui Liu 14 551 121 35 31 28 28
568 Kyle L Flannigan 13 543 60 58 49 45 44
569 Philip Egberts 13 540 95 63 44 41 33
570 Andrew E. Beaudin, PhD 10 535 117 109 77 34 34
571 Andrew Hunter 9 535 186 147 25 24 15
572 Shelley M. Alexander 11 534 118 85 50 48 34
573 Ann Madeline Toohey 5 533 403 64 49 8 6
574 Filomeno Cortese 12 529 61 53 46 43 40
575 Robert Barnes 11 528 108 82 73 63 57
576 Charlene (Downey) Blomquist 9 524 214 118 81 36 17
577 Kelly Dean Schwartz 5 515 335 335 84 60 12
578 David P.M. Scollnik 12 515 159 64 41 29 27
579 Jacky C.K. Chow 13 513 58 41 32 30 28
580 Irene Ma 7 511 366 31 28 21 17
581 Dr. Joanna J. Moser PhD MD 12 509 93 71 67 54 42
582 Henry Ogbomo 13 509 75 64 47 43 41
583 William Chad Saunders 7 507 200 151 72 16 14
584 M. Dan Georgescu 12 506 125 30 20 20 19
585 Stefan Staubli 10 504 169 113 43 36 28
586 Sheikh Tanveer Ahmad 13 503 77 60 53 46 44
587 Kim Koh 10 504 74 67 64 63 40
588 Shrivani Pirahas 9 503 235 58 46 34 29
589 A. R. de Leon 12 496 80 65 45 43 42
590 Matthew J Jordan 8 497 254 100 32 30 29
591 Sathish Ponnurangam 11 477 81 72 67 41 30
592 Trevor Tombe 8 482 196 78 66 35 32
593 Frank van der Meer 13 480 52 48 40 34 29
594 Ian C Smith 13 480 38 38 30 27 27
595 RANJAN MAITY 8 482 219 59 44 43 43
596 Marcia Clark 8 479 230 70 58 32 22
597 Zhao, Chunfeng 13 473 71 46 43 41 40
598 Michael Cavers 9 475 113 90 59 59 57
599 Artem Korobenko 11 473 80 66 62 52 37
600 Ahmad Poursaberi 10 471 95 90 50 49 35
601 Samuel Pichardo 11 467 96 67 27 24 24
602 Elliot Clayton Brown 12 464 94 80 37 35 25
603 Agnieszka A. Zurek 8 462 125 84 79 56 46
604 Joshua G. A. Cashaback 7 463 187 176 31 13 11
605 M. S. Hashmi 11 459 47 29 27 26 24
606 Valentina Corradi 12 451 49 48 47 44 31
607 Seok-Joo Kim 10 447 67 59 56 54 45
608 Janet Groen 12 445 47 31 29 25 24
609 Santosh Yadav 7 440 152 121 69 39 30
610 Charles Chesnelong 8 436 208 97 61 20 16
611 Yuan Zhuang 12 431 78 46 37 35 32
612 Pamela Roach 11 427 151 65 42 35 22
613 hagar Ibrahim Labouta 9 420 109 78 55 49 41
614 Ben Gelfand 9 420 180 114 28 21 15
615 Xiaohu Dong 12 420 46 45 39 38 30
616 Erin L. Mazerolle 12 417 63 55 48 43 34
617 Tara M. L. Winstone 12 417 70 45 37 35 33
618 Chris Drummond-Main 7 415 151 124 56 27 24
619 Helen Lee Robertson 10 413 113 108 33 30 26
620 Sohail Naushad, PhD 11 413 115 42 37 37 31
621 Ruisheng Wang （王瑞胜） 10 410 54 54 49 32 28
622 Nizam Uddin Ahamed 10 410 51 50 34 31 16
623 S C Cork 11 408 60 38 36 33 32
624 Jagoš R. Radović 9 406 95 88 82 29 28
625 Doro Lindtke 9 406 99 98 39 36 35
626 Ziad Abusara 14 401 59 50 45 33 24
627 Kimberly Lenters 10 401 153 64 22 20 20
628 Caroline Hachem 11 401 75 53 52 40 27
629 Scott C Farrow 11 398 48 47 45 45 41
630 Clinton B. McCracken, PhD 9 398 151 98 30 27 25
631 Adam McCrimmon 12 395 49 44 39 38 30
632 Christopher Ma 10 396 107 49 32 22 22
633 Hossein Hejazi 8 395 128 58 52 30 14
634 Sandy Berzins 11 398 106 40 38 28 28
635 Nico Koning 12 392 40 32 31 22 20
636 Faraz Oloumi 10 387 64 53 37 35 25
637 Maribeth Murray 12 385 47 39 35 29 28
638 Michael Robinson 8 384 126 82 45 34 24
639 Sumrita Bhat 8 383 120 58 49 46 27
640 Warren Wilson 11 383 83 35 34 33 32
641 Jessalyn K Holodinsky 9 384 117 64 59 41 28
642 Christine Sharp 9 384 60 59 58 55 40
643 Shital Patangrao Pawar 10 381 83 47 38 31 31
644 John Connor Wells 8 383 189 44 34 28 27
645 Bryan J. Heard 13 378 35 34 34 33 31
646 Jared R. Fletcher 8 375 161 91 21 20 20
647 Gale Parchoma 10 375 70 54 34 34 27
648 Eugene G. Kowch, Ph.D. 10 369 85 60 60 49 31
649 Saeed Daneshmand 11 370 76 33 28 22 22
650 Jessalynn Keller 9 367 116 51 41 31 28
651 Peter Goldsmith 9 366 79 64 33 22 21
652 Sarah Elaine Eaton 8 365 86 53 51 51 25
653 Ehsan Ebrahimnia-Bajestan 9 363 107 64 48 37 32
654 Mahmoud Ansari 12 360 47 37 33 32 32
655 Daniel S. McGrath 10 362 72 70 50 47 29
656 Mayada Younes 9 358 76 57 43 31 26
657 T. Don Nguyen 10 357 77 62 48 31 24
658 Lauren Capozzi 7 356 136 115 25 23 19
659 Yaser Ghanam 12 355 35 34 29 25 25
660 Justin Weinhardt 8 353 134 34 31 30 27
661 Darin Flynn 9 352 64 59 46 28 21
662 Santiswarup Singha 7 349 123 115 28 25 20
663 Sajan Mushini 9 350 82 69 60 58 24
664 Benjamin Tutolo 12 348 40 37 34 32 29
665 Hongwei Liu 10 349 75 48 46 37 28
666 Mouhammad El Hassan 11 343 67 49 38 29 27
667 Liena Kano 9 348 117 40 39 35 28
668 Kourosh Zareinia 10 344 62 39 25 23 19
669 Catherine Chua Siew Kheng 10 342 98 35 34 32 24
670 Josh Curtis 9 343 86 82 64 27 23
671 Alex Badescu 11 339 51 42 34 33 26
673 David Topps 11 339 70 32 29 26 21
674 Elena Rangelova 10 334 48 44 33 25 22
675 Brant Pohorelic 6 333 95 91 89 28 17
676 Shideh Ahmadi 7 333 109 66 66 41 15
677 Kaela Jubas 9 331 100 25 21 21 17
678 Mamdouh El-Badry 10 330 62 42 24 24 24
679 Mikolaj Cieslak 9 326 56 49 47 31 22
680 Rehan Faridi 10 327 59 57 32 32 25
681 S. Emil Ruff 9 326 83 56 42 31 25
682 Brandy L. Callahan 8 321 98 63 41 34 17
683 Mohammad Atarod 10 320 90 31 23 15 14
684 Georgia Balsevich 9 322 76 51 42 40 19
685 Beata Mickiewicz 9 317 91 56 36 31 23
686 Saeed Sadeghian 7 314 146 52 52 38 33
688 Eun Jin Yoon 7 312 108 45 39 33 30
689 Mohammad Keyhani 4 309 253 20 20 7 4
690 Oleksiy Osiyevskyy 7 311 85 52 36 36 27
691 Seyyed Alireza Mirkhani 12 309 38 32 32 23 21
692 Laleh Behjat 11 310 30 25 18 16 16
694 Leigh Gabel 9 307 86 62 33 24 22
695 Dean Yergens 7 306 133 43 27 23 16
696 Mohita Sharma 7 306 81 68 68 27 14
697 Peter Bowal 9 306 86 62 19 18 18
698 Lauren Burt 10 304 75 36 36 30 22
699 Azim Jinha 10 303 49 46 34 32 31
700 Ruo-Xu Gu 10 305 50 43 34 28 26
701 Daniel Kopala-Sibley 12 302 41 26 21 20 16
702 Khokan C Sikdar 10 301 50 38 36 35 33
703 Jennifer Baltich 10 302 70 53 28 27 20
704 Nikita N Burke 9 302 62 44 43 40 38
705 Shelleyann Scott 10 300 89 36 35 29 28
706 Jean-Sebastien Rioux 7 301 106 54 46 39 14
707 Anthony Sayers 8 300 72 44 28 22 21
708 Aamir Rafique Hashmi 6 296 125 61 32 31 27
709 David Ledo 8 294 117 54 33 31 15
710 Sixu (Cody) Zheng 9 290 109 30 30 23 22
711 Dr. Tatiana Vashchilko (Lukoianova) 6 288 117 81 21 20 17
712 Donald Scott 10 287 36 26 21 21 19
713 Jaime Rodríguez-Estival 11 286 30 26 24 24 22
714 Demyan Prokopchuk 9 285 62 61 40 33 22
715 Kyle Kemp 8 285 72 66 28 20 16
716 Antonio Franceschet 10 284 49 47 43 26 19
717 Brent Snider 5 284 224 18 16 12 6
718 Zohrab Ahmadi 8 284 81 50 33 32 31
719 Blayne A Hettinga 12 283 40 37 22 20 20
720 Farshad Farshidfar 8 281 68 51 31 28 24
721 Surinderjit Singh Bhella 10 280 41 27 24 24 22
722 Veith Becker 10 279 49 30 29 25 20
724 Scott Sibole 10 278 55 34 34 29 21
725 Mahmoud M Mostafa 7 276 78 78 71 37 37
726 Mamta Vardhan 4 274 116 106 45 4 1
728 Shahpoor Moradi 8 271 72 47 27 15 14
729 M. Mehdi Afsar 8 272 200 16 11 10 9
730 Hristina Zhekova 9 269 63 43 38 24 23
731 Yaser Maddahi 9 267 23 18 15 15 13
732 Marco Bijvank 8 265 125 27 22 21 21
733 Adam McLane 5 264 124 48 42 34 6
734 rafael fortuna 9 263 84 36 23 18 17
735 ryan burns 7 262 77 60 52 19 18
737 Amy Y. X. Yu 10 263 39 30 29 29 26
738 Melissa Bennett 5 260 105 73 35 27 14
739 Siu Ming Kwok, PhD, MSW, MPA 8 260 38 34 24 24 22
740 Elizabeth Condliffe 7 255 68 47 41 38 29
741 Daya Ram Nhuchhen 6 255 108 82 15 13 10
742 Eliot Tretter 8 253 51 44 41 33 19
743 Susanne Cote 7 252 52 39 37 35 30
744 Aiden EGF Arnold 9 252 73 31 26 25 23
745 Kara Murias 8 251 60 45 31 29 29
746 Ala Rajabi 7 250 89 51 32 22 21
747 Scott Radford 8 251 76 51 31 23 19
748 Nishan Sharma 7 248 122 30 26 19 16
749 Krista Rondeau 8 247 67 52 31 17 14
750 Ken MacMillan 7 248 135 25 20 18 16
751 Haiyu Lan 9 247 37 28 25 21 17
752 Hamid Sadabadi 8 246 60 31 28 23 20
753 shalabh thakur 7 245 79 66 41 19 18
754 Ahmad Ghasemloonia 7 244 80 40 31 18 17
755 Haley Vecchiarelli 7 243 80 41 33 22 20
756 Mahesh Nair 7 244 71 51 30 29 26
757 Ayesha Malhotra 5 241 174 25 17 11 10
758 Gwendolyn Blue 10 241 40 30 25 24 22
759 John W Wannop 10 239 41 30 20 16 16
761 Sergey Dayneko 9 236 71 29 20 17 16
762 Dianne Gereluk 8 236 43 26 24 18 17
763 Oluwatoyosi Owoeye 7 236 93 18 17 16 14
764 Carrie Veilleux 7 235 47 46 43 34 24
765 Grace PS Kwong 7 234 54 46 43 26 17
766 Robert John Holash 5 229 98 74 25 21 7
767 Kristine Anne Smith 8 234 93 37 26 14 12
768 Yeonjung Lee 7 231 48 43 41 28 19
769 Peng He 10 230 31 26 26 23 17
770 Stephen Hausch 7 229 129 34 14 13 11
771 Behnam Sharif 7 229 94 51 16 14 13
772 Dr. David Lertzman 6 228 113 48 19 17 9
773 Jith Thomas 8 228 62 30 30 27 21
774 Da Kuang 6 228 104 39 28 14 11
775 Jing Li 7 225 45 42 39 22 21
776 Kathryn E. Clark 6 225 72 43 32 26 15
777 Naomi Lightman 5 225 146 34 14 9 6
778 Abhinandan Banerjee 9 223 52 32 31 22 18
779 Teddy Seyed 8 222 55 31 27 24 16
780 Ben McKay 8 223 82 32 29 14 10
781 David Lake 5 223 76 61 42 22 17
782 Hamed reza Motahhari 8 222 37 34 28 23 22
783 Derek Toms 8 219 51 36 33 26 19
784 Hyoun S. Kim 7 219 36 30 28 22 18
785 Ian Brodie 8 216 81 26 23 18 15
786 Mohammed Omar Altonsy 6 216 45 37 35 31 27
787 Mariana P Bento (formerly Mariana P Bento Leite) 3 217 171 20 7 3 2
788 Trafford Crump 7 215 48 22 19 17 12
789 Anja Carlsson 8 215 59 48 32 15 14
790 Tamara Shepherd 8 216 55 31 19 15 13
791 Seyyed Ghaderi 9 216 30 29 29 24 20
792 Doug Kurrant 9 211 35 26 23 22 17
793 Jill Marie Norris 8 214 67 41 41 20 19
794 Vahid Dehghanian 7 208 66 31 22 14 12
795 Golam Mostofa 7 208 105 32 22 12 10
796 Svenja Espenhahn 6 206 98 48 22 20 11
797 Dr. Sarah MacEachern MD PhD 5 207 129 39 20 11 6
798 Jagoda Walny 6 201 65 52 28 27 11
799 Lauren Hirsch 6 207 79 41 37 28 10
800 Mojtaba Komeili 8 205 36 21 17 14 13
801 James C. Field 8 206 73 33 22 18 17
802 Gang Wang 6 204 89 37 22 9 8
803 Ali Fathalian 10 204 28 19 17 16 16
804 Amanda L Roze des Ordons 5 205 122 28 16 7 5
806 Dejana Nikitovic 7 200 77 35 27 19 10
807 Xiyang Dong 8 200 50 31 27 27 21
808 Gregor Kuntze 8 200 69 20 13 13 10
809 Robert G Weaver 9 202 32 22 21 20 20
810 Hongfu Sun 5 200 70 43 26 22 18
811 Jiří Hostaš 7 199 70 65 12 11 8
813 michael adorjan 8 196 33 27 23 18 17
815 Ronan Amorim 8 196 48 26 23 17 17
816 Mojtaba Kazemi 6 196 66 54 30 11 11
817 Stephanie J. Peacock 7 195 58 37 21 19 16
818 Clodagh M Toomey 8 197 48 34 24 24 13
819 Alexandru Hanganu 6 193 78 41 17 16 10
820 Jennifer Semrau 8 191 73 20 16 13 13
821 Hadi Saboorian Jooybari 8 192 38 27 22 17 17
822 Junaid Qazi 5 191 82 52 21 9 7
823 Khan Rahaman 7 191 60 34 22 17 14
824 Hector De la Hoz Siegler 7 187 43 32 25 25 24
825 James B. Apple 5 184 121 11 8 5 5
826 Zahra Lari 7 184 36 32 28 16 11
827 Tobin J. Verbeke 8 182 43 30 26 20 15
828 Jinjing Yao 9 182 34 27 24 18 17
829 Daniel J Dutton 10 180 30 22 20 17 16
830 Amanda V Tyndall 7 181 50 41 24 21 16
832 Ryan T. Lewinson, MD, PhD 9 182 22 20 13 12 10
833 Behjat Haghshenas 6 180 69 41 17 9 8
834 Javier G. Orlandi 5 178 93 35 17 6 6
835 David Scott 5 178 63 40 35 9 9
837 Michael Roumeliotis 7 177 53 36 21 14 12
838 Mozhdeh Sajjadi 7 176 88 29 11 10 10
839 Gregory Lowan-Trudeau 7 176 48 32 16 13 11
841 Soumya Deo 8 175 33 28 23 22 22
842 Anne Marie McLaughlin 6 175 51 37 23 21 18
843 Nejib HADDA 8 175 33 25 25 22 20
844 Catherine Burwell 6 173 47 37 28 18 8
845 Kate Beamer 6 173 79 30 22 20 9
846 Rebecca Green 8 172 32 29 26 17 17
847 Matthew Morris 5 172 65 58 16 15 12
848 Roberto Souza 8 170 35 29 16 16 12
849 Anand Singh 7 168 43 32 30 18 15
851 Anirban Chakraborty 4 168 75 45 32 10 3
852 Gulshan B. Sharma 7 167 24 21 21 20 18
853 Mohsen Zirrahi 6 167 33 21 19 11 10
854 Sara Hartmann 5 166 117 17 7 6 6
855 Behzad Khanaliloo 6 167 42 42 23 22 17
856 Sumona Mukhopadhyay 5 165 43 42 32 28 7
857 Suresh Mulmi 7 166 52 24 16 14 10
858 Madeena Sultana 8 164 28 18 11 10 10
859 Gloria Dada 8 165 38 25 23 21 21
860 Dylan Kobsar 7 165 55 22 18 17 16
861 William Matthews 7 163 47 36 22 12 12
862 Chelsea Matisz 8 162 33 27 25 21 14
863 Qingwang Yuan 7 162 22 21 16 15 11
864 Pamela Banting 7 161 39 34 15 10 8
868 Rahat Naqvi (Zaidi) 7 162 38 31 17 11 8
870 Colleen Kawalilak 7 160 36 22 17 16 11
871 Jessica C. Kupper 6 159 65 42 18 12 10
874 Minal Borkar 7 157 36 32 20 18 17
875 Toni-Lee Sterley 6 157 54 45 19 15 7
876 Tekle Tafese Fida 8 157 29 26 15 14 14
877 Eduardo J. Paez B. 7 155 25 25 16 15 10
878 Mina Nasr, PhD, EP 6 156 35 31 28 21 16
879 Susan Powelson 7 153 39 38 14 14 14
881 Miwa Aoki Takeuchi 6 151 38 37 13 9 9
882 Mohammad Jafari 7 151 39 24 23 17 16
883 Jinniao Qiu 6 150 36 26 22 18 12
885 Jason D. Pardo 7 148 31 16 14 12 10
886 Kyoung Jin Choi 5 148 55 50 17 9 5
887 Amin Komeili 6 148 51 24 15 14 13
888 Mohammad Moshirpour 7 150 24 17 16 11 11
890 Christie Hurrell 5 145 34 29 23 16 12
891 Sladjana Maslovara 6 147 55 37 16 12 11
892 J. Ari Pandes 6 146 61 28 25 9 7
893 Abul Hasan 7 146 37 26 18 16 9
895 Cezar Gavrilovici 6 146 29 24 23 19 17
896 Michael Asmussen 8 145 24 24 20 16 14
897 Ariel Ducey 6 145 58 24 20 12 7
898 Jingjing Wu 8 144 22 18 17 14 14
899 Ford Burles 8 143 31 29 16 16 9
901 Usman Alim 5 142 33 30 20 17 13
902 Sepideh Abbasi 6 141 59 34 12 10 9
903 Catherine M. Laing 7 144 31 23 16 12 11
904 Kalpana Singh 6 140 48 38 18 8 7
905 eyup bacanli 6 139 35 19 16 16 14
906 Rachel Jolley 5 139 53 43 22 7 6
907 Bita Vaseghi 7 140 58 15 15 10 9
908 Ehsan Mostafavi 7 142 30 20 20 19 16
909 Shuhua Wang 7 138 39 14 13 11 10
910 Rebecca Brundin-Mather 6 138 59 28 14 12 6
911 breda novotnik 8 137 22 22 21 20 13
912 Patrick Feng 5 137 43 34 31 18 6
914 Bon Adriel Aseniero 5 136 98 13 9 5 5
916 Rishi Bastakoti 6 134 40 32 18 13 8
917 Oliver Terna Iorhemen 6 134 39 38 15 13 12
918 David Liebesman 5 132 64 21 17 8 7
919 marjan eggermont 6 132 14 11 11 10 8
920 Yannick Griep 6 132 41 25 16 14 9
921 Gabriel Ribeiro 7 134 28 21 15 10 9
922 Umer Farooq 7 131 21 19 17 11 10
923 Ashkan H. Tehrani, PhD 7 130 21 21 20 13 10
924 Amir Kalbasi 7 130 34 21 21 15 12
926 Eng Kuan Moo 7 126 30 21 18 14 12
927 Man-Wai Chu 5 127 43 20 14 13 7
928 Nicholas Strzalkowski 7 126 25 23 23 18 12
930 Stephanie Coward 7 126 34 17 14 11 11
931 Devesh V Oberoi 7 124 23 16 15 13 12
932 Priyoneel Basu 7 124 25 14 13 11 11
933 Tania S. Smith 5 124 65 15 11 9 8
934 Kyla Flanagan 3 123 84 30 4 2 2
935 David Sidhu 6 124 36 22 18 15 9
937 Vadim Iablokov 6 121 31 29 21 18 12
938 Tao Wang 6 121 39 24 20 16 14
939 Prasoon Ambalathankandy 5 121 70 17 13 11 5
940 Tahir Ali Akbar 6 120 35 23 21 11 11
941 Natalie Ronaghan 4 121 54 50 6 5 3
942 Yu Geng 7 120 21 17 12 11 10
943 Jesse E. H. Patterson 4 119 67 20 16 7 4
944 Alexander Hill 5 122 34 17 15 6 5
945 Albert Isaacs 5 119 75 15 8 6 5
946 Ting On Chan 7 118 24 18 14 13 10
947 Stephanie Garies 5 118 66 23 5 5 5
948 Dario Harazim 4 117 38 29 23 17 3
949 Ehsan Nasrolahpour 6 117 41 23 12 12 11
950 Dr. Arpita Nandy 8 117 23 16 13 11 9
951 Meadow Schroeder 6 117 35 30 23 8 6
952 Huaizhen Chen 7 117 30 18 13 13 11
954 Bruce Barton 6 117 24 21 17 16 9
955 Rochelle Hentges 6 116 41 15 14 13 11
956 Matt Patterson 5 117 37 27 21 18 7
957 Gonzalo Gabriel Méndez 6 116 30 24 24 15 12
958 Zahra Shakeri Hossein Abad 6 115 20 18 15 9 7
959 Yuen-ying Carpenter 5 115 36 29 27 9 6
960 Chris Morton 6 113 24 17 14 8 8
962 Susan Beatty 6 113 53 13 11 10 8
964 Peyman Mohammadmoradi 7 112 17 14 8 8 8
965 Sarah Quirk 7 111 26 15 15 14 9
966 Beatriz Molero-Sanchez, PhD 7 111 28 20 18 14 12
968 Tamara Yee (nee Germani) 4 110 46 25 25 6 4
969 Douglas H. Shantz 5 110 45 8 8 7 5
970 Javad Oskouei 6 110 24 20 15 15 12
971 James Kent Donlevy 6 110 21 12 12 9 7
972 Niloofar Taghizadeh 5 111 28 21 21 18 17
973 Majid Mehrpouya 6 109 28 24 24 12 8
974 Tonya Callaghan 6 109 24 20 19 8 7
976 Allan Ingelson 7 109 19 12 12 9 9
977 Zehao Yang 6 108 26 19 18 12 11
978 Dina Said 6 107 50 17 13 9 7
979 Jubran Akram 6 107 36 16 12 11 10
980 Dailys García 4 108 35 26 24 15 3
981 Michael Poscente 5 110 65 13 7 6 6
982 Maryam Elahi 5 106 65 14 8 7 6
984 Mojtaba Seyyedi 6 106 26 23 21 10 9
985 Jess Vickruck 6 105 39 20 16 9 7
986 Mindi Summers 5 105 55 15 13 11 5
987 Joseph D. Orkin 6 104 27 24 21 9 9
988 Qi Zhou 6 103 22 20 19 17 6
990 Dang-Khoa Nguyen 6 103 28 17 11 10 7
991 Mauricio Arias 5 103 25 21 20 17 9
992 Heather Ganshorn 4 102 59 20 8 7 4
993 Isabelle Laforest-Lapointe 5 102 28 25 23 13 7
995 Yukun Zhang 4 100 77 11 4 4 2
996 Vladimir Sarpe 6 100 36 12 8 7 7
997 Brittany Harker Martin 2 100 90 3 2 2 2
998 Heather Leduc-Pessah 4 101 44 26 22 4 4
999 Rosemary Twomey 6 100 25 23 18 15 7
1001 Mohammed Sami Kanfar 6 99 31 23 12 8 6
1002 Tariq Muhammad Munir 5 98 40 24 16 7 6
1003 Krista Francis 6 98 43 12 9 8 7
1004 sanaz ketabi 5 99 31 22 19 12 6
1005 Xiaobin Yang 6 98 45 15 12 9 8
1006 Loraine Fowlow 2 97 85 10 2 2 0
1007 Mohamed Najm 5 97 31 27 16 9 5
1008 Logan Rakai 5 97 12 9 8 8 5
1010 Dr. Sarah J. Kenny 5 97 38 24 19 7 5
1011 Aleem Bharwani 4 95 39 32 9 6 4
1012 Joshua A. Ludtke 4 94 58 8 7 4 4
1013 Majid TabkhPaz Sarabi 7 94 21 18 13 10 8
1016 Senthil Velan Venkatesan 5 94 27 23 17 8 7
1017 Mehrdad Valipour 5 94 17 11 10 9 6
1018 Simon A. Sharples 4 92 47 18 6 4 4
1019 Kaushik Parmar 3 93 44 35 8 3 2
1020 Lauren Benson 6 93 39 17 9 7 7
1022 Arvind Magesan 6 93 24 15 15 11 7
1024 Mohammad Nassir 5 92 23 20 13 12 8
1025 Merkebe Getachew Demissie 5 93 37 24 11 10 5
1026 Chaneel Park 5 92 44 13 12 10 5
1027 Gabrielle Wilcox 6 91 20 13 12 12 9
1028 A. Abdelhafiz 4 88 33 18 10 8 4
1029 Christine Michaels-Igbokwe 6 88 24 14 13 13 10
1030 Mél Hogan 5 88 22 20 15 8 5
1031 Nandhitha Subramanian 6 87 20 17 13 11 8
1032 Omar Addam 3 88 61 14 6 3 1
1034 Noa Latham 6 87 14 13 13 13 12
1035 Ebrahim Poorazizi 7 86 22 11 10 9 9
1036 Jian Zhang 5 86 33 18 13 7 6
1037 adam patrick bell 7 87 17 12 11 10 9
1038 Abdulhameed Al-Ghabkari 4 87 37 27 9 8 3
1039 Moonhyuk Kwon 6 86 24 20 14 9 8
1041 Paul R Pival 6 85 28 14 8 7 6
1043 Cameron Welsh 4 85 35 24 16 6 4
1044 Adebola Kasumu 5 85 20 20 16 7 7
1045 Rasoul Arabjamaloei 6 85 12 10 10 9 9
1047 Barbara Brown 4 85 30 25 7 6 4
1049 Elisa Portes dos Santos Amorim 6 84 27 10 8 7 7
1051 Mehdi Mohammadi (Mahdi Mohammadi) 6 84 27 14 12 10 9
1052 Ruiting Zhou 5 84 23 17 17 16 5
1054 Jennifer Winter 5 83 16 12 11 10 10
1055 Clara A.B. Joseph 5 82 32 15 11 8 6
1056 Rahil Khoshnazar, PhD 5 82 43 8 7 6 5
1057 Stephanie A. Kedzior 5 82 17 16 16 7 7
1059 mohammadhassan akbarpour 4 81 51 6 6 5 3
1060 Cini Mathew John 4 82 37 20 10 7 4
1061 Hwiseob Lee 5 81 15 9 9 6 6
1063 Pil Hansen 4 80 16 16 12 9 8
1064 Mir Mustafizur Rahman, PhD 5 80 40 12 8 5 5
1066 Jie Yang 3 79 39 39 12 5 3
1068 Peggy Patterson 5 79 36 14 12 5 5
1069 Kazi Ashrafuzzaman 4 78 36 12 8 7 4
1072 Mohammad Reza Mahdiani 5 78 18 10 7 7 6
1073 Cameron M. Clark 4 77 18 17 10 6 4
1074 Vinayaraj Ozhukil Kollath 5 77 44 10 7 5 5
1075 Samiul Azam 5 77 22 9 8 7 7
1076 Konstantinos F. Xylogiannopoulos, PhD 5 77 15 9 8 6 6
1078 Robert Collier 4 76 41 8 5 5 4
1079 Fatemeh Hendijani Fard 5 77 26 10 6 5 5
1080 Akram Khayatzadeh-Mahani 5 75 16 15 13 9 8
1081 Rachel M. Lauer 5 75 29 16 13 8 6
1082 Jonathan Haber 4 73 27 21 12 10 2
1083 Muhammad Rezaul Karim 5 74 18 9 8 7 6
1084 Reza Mirzaei 5 73 12 10 9 7 6
1085 M. Ethan MacDonald 5 73 30 13 9 7 5
1086 Jaqueline Lourdes Rios 4 73 18 17 17 6 4
1087 Mostafa Sakr 4 73 27 25 9 4 2
1088 Michael J Spilka 5 73 24 19 8 6 5
1090 Roswita Dressler 6 72 17 13 9 7 6
1091 Jacqueline Ottmann 6 72 16 11 8 7 6
1092 Mostafa Arastounia, PhD 6 75 20 13 13 7 7
1093 Hulin Kuang 5 72 15 15 13 5 5
1096 Alper Aksac 6 71 17 13 12 12 6
1097 Eva C. Garrett 4 71 29 14 14 10 2
1098 Pishoy Gouda 4 71 24 15 7 4 3
1099 Ilyan Ferrer 5 71 15 12 12 10 5
1101 Muhammad Kashif Mughal 4 70 27 25 6 5 2
1102 Edward Slone 5 69 17 16 16 8 8
1103 Eugene Moiseev 4 69 34 10 10 7 4
1104 Bing Kong 5 69 11 11 9 6 6
1106 Elena Favaro 5 68 23 21 8 6 6
1107 Bo Yang 4 68 18 14 14 4 4
1109 Pengwei Wang 5 67 17 11 11 6 5
1111 Giovanniantonio Natale 5 66 21 10 9 8 7
1112 Søren Knudsen 3 66 32 32 22 3 3
1113 Ali Sarvi 5 66 18 18 11 6 6
1115 Jess E. Reynolds 5 66 18 15 13 8 5
1116 Payam Zandiyeh 5 66 27 15 8 8 6
1117 Braden Millan, MSc 4 66 45 8 5 5 3
1119 Julia Poole 3 64 38 16 6 3 1
1120 Michael Conlan 5 64 17 14 8 5 5
1121 Pantita Palittapongarnpim 4 64 37 12 6 5 4
1122 Gareth Perry 4 63 21 10 9 8 4
1123 Miriam Sturdee 4 63 16 14 13 9 3
1125 Colin Lee 3 61 38 16 5 2 0
1126 Preciado - babb 4 62 18 15 8 7 4
1127 Mehran Dastmalchi 4 63 20 14 9 8 4
1131 Andrew Sawatsky 3 60 27 17 11 2 2
1133 Yemane W. Weldu 4 61 31 11 9 9 1
1134 Mashrur Zaman 4 60 30 11 9 4 3
1135 ravinder jeet singh sidhu 7 143 29 20 18 14 12
1136 Saundra Lipton 2 59 57 2 0 0 0
1138 Howard Kislowicz 5 58 13 11 7 7 5
1139 Michael S Underwood 4 57 28 15 6 4 4
1142 mohammad abdizadeh 5 59 13 7 7 6 5
1143 Mehdi Pouragha 5 56 20 9 7 7 5
1144 Mona Hosseinkhani Loorak 5 56 18 12 12 6 5
1145 Timothy Davison 5 56 15 12 9 7 6
1147 Jim Brandon 5 57 10 10 8 5 5
1148 Benjamin R. Lavoie 4 55 16 11 10 6 3
1153 Garret Kent Fellows 4 55 20 13 11 6 3
1154 Kyle Logan Wilson 5 54 16 10 9 6 5
1155 Mark W. Girard 5 54 14 10 8 8 8
1157 Anup Dhital 5 53 19 8 8 5 5
1158 Mahdad Eghbalian 4 53 26 8 7 5 2
1159 Salat, Peter 5 53 11 11 10 9 5
1160 David Katz 3 52 27 11 10 3 1
1163 Farbod Sharif 3 52 32 14 5 1 0
1164 Yihe Li 5 52 14 7 6 5 5
1165 Levan Lomidze 5 51 11 8 6 6 5
1167 Martin Z.P. Olszynski 4 52 6 5 5 4 4
1168 Lissa D'Amour, Lissa Howes 2 51 43 3 2 1 1
1170 Karen Bourrier 4 53 14 11 8 6 4
1173 Jeffrey M. Kenzie 4 50 20 13 9 6 1
1175 Xu Zhao 5 50 11 7 6 6 5
1176 David Sigler 4 48 13 8 6 5 4
1178 Mitra Mehrabani-Zeinabad 4 48 21 11 4 4 2
1180 Allison Brown 3 39 28 3 3 3 2
1181 Thomas Eyre 3 49 24 11 7 2 2
1182 Muhammad Omer 4 47 11 7 5 4 4
1184 Erin Hetherington 4 47 19 11 7 4 4
1186 Rafael G. Mora 2 46 28 12 2 1 1
1187 Rita Isabel Henderson 3 47 15 9 4 2 2
1188 Fenner Stewart 4 46 17 8 5 5 3
1190 Sharon Mascher 4 46 7 4 4 4 3
1193 Roman Shor 5 45 12 11 7 6 5
1196 Elena Lopatina 4 45 15 11 10 6 2
1197 Elham Akhondzadeh Noughabi 5 44 11 9 7 5 5
1198 Olukunle Ojeleye 4 45 23 23 12 5 5
1200 Maryam Ashtari 4 44 19 15 5 4 1
1201 Yunlong Xiao 5 51 14 14 6 6 5
1204 AM Polomska-Harlick 4 42 14 12 4 4 4
1205 Pallavi Banerjee 4 42 13 10 7 5 4
1206 Priyatha Premnath 5 42 8 8 7 6 5
1208 Martina Metz 4 42 8 7 6 4 4
1209 Kristine Bauer 4 43 11 8 5 5 4
1212 Sanjeev Jain 4 41 10 8 8 4 4
1213 Cédric Raibaudo 4 42 17 8 5 4 4
1214 Wilian Gatti Junior 5 40 11 7 5 5 5
1215 Abdallah D. Manasrah 4 40 12 11 6 4 3
1216 Muni Venkateswarlu K 3 40 15 14 9 2 0
1217 Mehdi Vejdani Amiri 4 40 9 8 7 4 4
1218 soroush sabbaghan 4 40 7 6 6 5 4
1222 Dongqi Ji 3 39 17 9 6 3 2
1223 Mufaddal I. Baghdadwala 5 39 10 9 6 5 5
1224 Laura Angela Rivera 3 39 16 13 9 1 0
1226 Bahareh Azinfar 4 39 12 9 5 4 3
1231 Erin Spring 3 37 14 10 3 3 3
1235 Gustavo de Oliveira Luiz 4 36 11 11 7 6 5
1236 Victoria Fast 2 36 31 4 1 0 0
1237 Joey Windsor 4 36 7 6 5 4 4
1238 Reza Torabi 4 35 9 8 5 5 4
1240 Farzad Bashtani 4 35 11 8 7 4 2
1241 Amin Farshidi 4 35 9 5 5 5 4
1242 Elsayed Abdelfatah 4 35 9 8 8 4 2
1243 Maurice Mohr 4 35 11 8 7 6 3
1244 Arashdeep Singh 3 35 11 9 4 3 3
1245 Md Wasiur Rahman 4 35 10 9 4 4 3
1246 Thomas Arcadius Fox 3 35 12 9 8 3 2
1248 Sanne Rijkhoff 3 36 13 8 5 3 2
1251 Vera Parlac 3 34 22 8 4 0 0
1252 Sheng Li 4 35 14 7 6 4 2
1253 Aura Pon 3 33 9 9 5 3 3
1259 Aida Erfanian, PhD 3 32 16 6 4 2 2
1263 Olga Santesteban-Echarri 4 32 9 5 4 4 4
1265 Chel Hee Lee 4 32 9 7 4 4 2
1267 Jacqueline Warrell 3 31 20 6 3 1 1
1269 Robin Alison Mueller 3 31 10 9 4 3 1
1270 Delyle Polet 3 31 16 6 5 2 2
1271 Mejbahul Sarker 3 31 12 6 3 2 2
1272 Xuekun Du 3 31 9 9 4 3 1
1273 Renzo Phellan 3 31 12 7 3 3 2
1274 Stacy Lockerbie 2 29 19 3 2 2 1
1275 W. John Williamson 3 30 11 4 3 2 2
1277 Murad AbuAisha 3 30 9 8 6 3 3
1285 Adam Chernick 3 29 11 9 7 1 1
1289 BING YANG 3 29 12 10 5 1 1
1294 Keivan Hassani Monfared 3 28 17 3 3 2 1
1301 Gouri Ginde Deshpande 2 28 15 10 2 1 0
1302 Jian Sun 3 28 8 8 5 3 2
1305 Joshua D. Goldstein 4 27 9 5 4 4 3
1307 Mohammd Imrul Jubair 3 27 7 5 4 3 3
1308 Kody Dillman 3 27 13 7 4 3 0
1309 H. Douglas Sewell 3 27 12 10 3 2 0
1310 M. Gregory Tweedie 3 26 10 9 4 2 1
1312 Zhenbo Liu 3 26 5 4 3 3 2
1316 Muhammad Zakir Hossain 3 26 7 7 6 1 1
1317 Yashar Balazadegan Sarvrood 3 26 10 6 3 2 2
1319 Bita Bayestehparvin 3 25 12 6 3 2 1
1321 Seyed Abdolali Zareian Jahromi 3 25 12 5 3 2 2
1322 Graeme N Wilson 2 24 13 5 2 1 1
1336 James Wrightson 3 23 10 7 5 1 0
1337 Alyssa Aska 2 23 12 3 2 2 2
1342 Hoi Le 2 22 17 3 2 0 0
1345 Christian Clermont 3 22 8 8 4 1 1
1346 Vishnu Nandan 3 22 8 4 3 3 2
1347 Ali Jadidzadeh 2 22 14 3 2 2 1
1349 Fateme Rajabiyazdi 3 21 8 6 3 2 1
1350 Ahmed E. Mostafa 3 22 4 4 3 3 2
1355 Amy Burns 2 21 11 6 2 2 0
1358 Kyla Jamieson 2 21 19 2 0 0 0
1361 Ehsan Mollasalehi 2 20 10 4 2 1 1
1363 Raul Cova 3 20 4 3 3 3 2
1366 Ali Pirsiavash 3 20 7 6 4 3 0
1371 Mahmudul Hasan 3 19 8 3 3 2 2
1375 Ricardo Barbosa Jr 3 19 6 4 3 2 2
1378 Brendan Cord Lethebe 3 19 9 4 4 1 1
1388 Nasser Sabet 2 18 8 3 2 2 2
1390 Elena Piacenza 2 17 9 5 2 1 0
1392 Erin A. L. Pemberton 1 17 17 0 0 0 0
1404 Robyn Paul 2 16 8 3 2 1 1
1408 Yvonne Poitras Pratt 3 15 4 4 4 4 2
1410 Elizabeth Watt 2 15 8 4 2 1 0
1413 Hojjat Kabirzadeh 3 16 6 4 3 2 1
1414 Allan Rocha 3 15 5 4 3 2 1
1424 Justin Caouette 2 14 7 4 2 1 0
1428 Namrata Shukla 2 13 8 2 1 1 1
1430 Aubrey Hanson 2 12 5 4 2 1 0
1437 Zhixi Nie 3 13 4 4 3 1 1
1438 Derritt Mason 2 12 9 2 1 0 0
1441 Andrea Isfeld 2 13 8 2 2 1 0
1443 Justine Wheeler 2 12 8 3 1 0 0
1447 Mohammad Hossein Moravvej Hamedani 2 12 5 3 2 1 1
1473 Adam Murry 2 10 5 3 1 1 0
1481 ranjeeth kumar siddakatte 2 10 3 2 2 2 1
1490 Rogerio Nogueira Soares 2 8 4 2 1 1 0
1497 Dr. Mitchell Colp 1 7 5 1 1 0 0
1498 Robert Mayall 1 7 5 1 1 0 0
1501 Seraj Makkawi 1 7 6 1 0 0 0
1503 Dimitrios Piretzidis 1 7 3 1 1 1 1
1506 Hassan Khaniani 1 6 2 1 1 1 1
1508 Gabriela Alonso Yanez 2 6 2 2 1 1 0
1509 Abiola Adegboyega 2 6 2 2 1 1 0
1525 Henry A Galvis-Portilla 1 5 1 1 1 1 1
1527 Zumrut Alpinar Sencan 1 5 3 1 1 0 0
1529 Ayman Aljarrah 1 5 1 1 1 1 1
1537 Albert T. Han 1 4 4 0 0 0 0
1570 K Brooke Russell 1 2 1 1 0 0 0
