1 Patrick M. Bossuyt 129 74906 3621 3287 3103 1985 1622
2 Sander Klous 97 64640 9760 7837 3668 3434 3427
3 Gerard Muyzer 80 41014 12005 2571 1436 1196 1177
4 Johannes Brug 107 39521 912 863 647 592 557
5 Rajamani Krishna 102 37602 1906 1215 860 839 815
6 Johannes A. Romijn 97 34110 1723 978 461 401 397
7 Hal Caswell 76 29114 8283 8237 8208 1508 1508
8 Arnold Smeulders 59 27625 7393 2125 993 843 842
9 Ralph Wijers 81 25808 1915 1417 916 753 639
10 Stiekema W* 66 25566 8447 1593 1228 1116 925
11 Peter Jansen 85 24813 1469 1115 715 510 483
12 Jaap Stoker 75 24325 1066 1001 995 668 571
13 j.n.h. Reek 71 24291 846 720 714 616 448
14 Paul Boersma 37 22927 13740 13740 12539 1285 1197
15 Maurice (Maus) W. Sabelis 74 21510 1000 759 592 538 469
16 Maarten de Rijke 67 20769 3479 781 671 420 417
17 Eric-Jan Wagenmakers 70 20754 2262 1097 1045 710 533
18 Hein de Haas 45 20179 10430 1655 822 453 338
19 Prof. Marcus J. Schultz, MD 72 19897 675 629 482 413 321
20 Patti Valkenburg 66 19046 2055 1249 750 637 635
21 K.J. Hellingwerf 75 18875 774 396 364 350 336
22 Frans M. Klis 74 18694 913 774 705 606 599
23 Richard Ridderinkhof 69 18409 2383 1093 1038 965 452
24 Don Linszen 63 18236 1616 1442 1318 1111 985
25 Deanne N. Den Hartog 53 18120 1489 1313 1197 957 656
26 Annemarie Mol 42 17020 4985 1697 1464 1251 1016
27 Edward de Haan 75 16941 1199 628 488 440 423
28 Theo Gevers 53 16460 2199 2125 993 747 596
29 marcel worring 44 16267 7392 629 626 620 417
30 Claes H de Vreese 65 15767 1147 664 635 620 457
31 HR Waterham 72 15674 694 532 520 447 303
32 Carsten Dominik 65 15322 702 629 501 460 359
33 Daniel Bonn 66 15238 1629 402 385 382 341
34 Max Welling 52 14348 2525 834 560 507 483
35 Peter C. de Ruiter 57 14317 954 818 662 614 582
36 Denny Borsboom 49 14229 2262 1241 1044 550 533
37 E.P Verlinde 54 14187 1433 1180 869 733 647
38 Jef Huisman 60 14132 1459 859 795 638 469
39 Arnoud Boot 36 14093 2512 1503 878 762 699
40 Matthijs Kalmijn 56 14067 1933 540 525 523 512
41 Ans Kolk 59 13847 624 596 533 406 400
42 Mark Deuze 46 13765 1683 1561 1207 969 669
43 Andries Kalsbeek 68 13745 540 474 465 446 400
44 Rienk Nieuwland 60 13319 694 657 618 572 470
45 Bertjan Doosje 45 13155 1422 1102 1035 873 825
46 Jos Spaan 58 13003 443 429 424 377 374
47 Peter Bolhuis 52 12546 1451 912 699 570 369
48 N.J. van Druten 23 12215 7296 953 743 732 682
49 Gerben ter Riet, MD PhD 54 12111 972 730 606 429 427
50 Jan Koster 52 12037 872 562 556 520 499
51 Reits E 33 12001 6513 729 671 458 440
52 Pim de Voogt 54 11738 1307 775 506 310 276
53 Esther Lutgens 53 11595 1296 1016 768 484 376
54 Cars Hommes 45 11326 1696 1588 1062 400 353
55 sako musterd 57 11274 603 533 458 353 320
56 Gerben A. van Kleef 55 11216 831 739 639 602 516
57 Ton G van Leeuwen 56 11191 351 321 285 264 239
58 Sjoerd Repping 47 11009 1899 690 440 431 305
59 bernard m.s. van praag 43 11002 1236 1024 825 633 604
60 G Strijkers 53 10917 1056 553 489 487 308
61 Prof. dr. Y.B.W.E.M. Roos 41 10748 2692 1124 826 508 313
62 Jonathan Zeitlin 47 10387 910 902 769 675 430
63 Dick Sterenborg 52 10375 860 540 495 476 285
64 Ruben Coronel, MD PhD 56 10281 704 363 300 251 249
65 Cees G. M. Snoek 45 10279 2199 629 626 620 417
66 Martijn Rep 44 10262 2279 889 649 565 348
67 Agneta H. Fischer 50 10227 713 552 450 448 382
68 Maarten van Someren 28 9850 4926 1712 372 270 201
69 A.M.B. de Groot 43 9842 597 588 480 421 384
70 André de Roos 51 9691 514 395 298 294 280
71 Damiaan Denys 54 9638 419 260 250 243 211
72 Arjan Bredenoord 50 9626 631 578 321 283 268
73 JA Gorter 56 9543 581 513 297 288 260
74 Jan de Boer 55 9499 647 358 313 298 280
75 B. Kröse 46 9457 990 715 385 333 288
76 Cyriel Pennartz 54 9254 955 787 353 241 226
77 piter bosma 38 9236 1469 941 773 720 599
78 Hamideh Afsarmanesh 42 9201 650 567 533 474 374
79 Robert Spreeuw 31 8979 4788 426 396 309 197
80 Hessel Oosterbeek 42 8896 885 749 680 634 395
81 Gadi Rothenberg 48 8790 529 429 415 399 268
82 Kees Hengeveld 31 8786 4022 674 600 402 204
83 Berthold Gersons 47 8779 889 889 730 551 380
84 Peter Sloot 58 8735 260 254 190 151 144
85 Susanne E la Fleur 46 8536 1152 551 385 360 321
86 Mariska Leeflang 42 8523 3103 748 277 266 256
87 Thomas Elsaesser 40 8374 641 506 475 456 403
88 Maarten Wolsink 34 8181 1442 837 818 486 443
89 Jeremy Boissevain 36 7932 2611 676 406 375 329
90 Jacco Vink 43 7841 623 504 341 253 233
91 Bas de Bruin 48 7765 443 279 205 200 193
92 Johan Westerhuis 40 7678 1166 783 570 410 319
93 Dr Charles Agyemang 43 7606 873 240 233 230 226
94 Jan-Mark Geusebroek 34 7537 842 808 668 664 620
95 Riekelt Houtkooper 35 7450 948 813 460 445 445
96 Christos Georgalas 33 7380 4125 337 181 135 123
97 A. Tietema 46 7354 812 665 283 273 250
98 Brendan O'Dwyer 39 7342 564 508 480 479 384
99 Kaas, Rob 34 7323 1010 745 711 690 431
100 jan snel 39 7291 2410 588 354 229 149
101 De Koster Chris 48 7216 279 279 257 217 213
102 Nicolette de Keizer 43 7143 439 399 254 228 214
103 Han L.J. van der Maas 42 7131 504 481 438 395 382
104 Paola Grosso 28 7058 2992 1138 301 271 167
105 Gerard A. Kerkhof 43 7053 742 569 529 308 238
106 Wery P.M. van den Wildenberg 41 7044 1093 1038 315 219 206
107 Colin Russell 36 6901 2536 616 275 253 202
108 Sjaak van der Geest 43 6859 468 466 396 250 239
109 Mark Golden 47 6837 464 263 247 225 203
110 Stephan Kemp 37 6830 2653 268 252 221 213
111 Aart Nederveen 43 6798 293 212 196 190 185
112 Arne Janssen 49 6740 241 233 194 187 180
113 Jan L. Hoving 34 6732 500 375 330 321 320
114 Jeroen G.W. Raaijmakers 35 6635 1758 534 502 457 303
115 Georgios Siviloglou 17 6506 1436 1292 1292 1008 696
116 Jan Rath 38 6444 723 661 388 379 335
117 Heleen Slagter 31 6428 1654 1188 774 416 279
118 Birte Forstmann 41 6371 468 439 408 379 267
119 Joris R. de Groot, MD, PhD, FESC 34 6369 2386 363 300 181 180
120 huub hoefsloot 38 6301 1166 783 317 181 170
121 Theodorus Maria Nieuwenhuizen 41 6295 765 266 186 148 146
122 Francesco Minafra 11 6207 3013 1308 534 534 434
123 Koen van de Sande 16 5950 2203 2199 2125 525 417
124 marjolein gysels 39 5920 848 363 355 319 310
125 W. Daniel Kissling 31 5908 1924 570 502 257 219
126 Peter van Tienderen 33 5898 1208 1202 507 194 174
127 Robert C. Kloosterman 32 5866 723 661 603 388 335
128 A.O. Verkerk 45 5842 363 317 249 195 178
129 Roel Beetsma 36 5798 518 422 349 321 225
130 Petra Visser 39 5734 638 469 426 333 267
131 Robert Pool 45 5706 287 231 204 179 166
132 Tanja Vrijkotte 38 5685 633 316 273 268 189
133 Gerard Steen 32 5683 578 503 452 452 441
134 Kareljan Schoutens 41 5669 590 537 323 284 179
135 Frans van Winden 34 5598 756 356 319 312 285
136 Rebecca C Painter 34 5587 709 616 434 346 274
137 David Dubbeldam 40 5500 436 315 246 231 217
138 Bruno Verschuere 36 5478 642 381 368 257 257
139 Florian Schreck 28 5476 1470 1075 301 263 258
140 Ronald Wilders 43 5362 460 195 190 162 161
141 Joep Sonnemans 36 5321 413 319 312 275 266
142 Cees de Laat 32 5317 369 321 297 271 173
143 Meindert Fennema 33 5279 534 480 434 345 330
144 Marc Salomon 28 5260 1767 392 373 228 212
145 Jean-Sébastien Caux 45 5238 265 206 200 198 175
146 Frans Groen 34 5175 456 433 251 237 210
147 francesca quattrocchio 23 5115 918 688 477 444 362
148 Jaap Kamps 36 5108 779 171 122 120 116
149 T. Gregorkiewicz 35 5093 497 322 258 191 175
150 jan henk kamphuis 33 5068 719 714 274 225 215
151 Thomas Mensink 23 5034 2064 955 606 148 143
152 maarten marx 34 4995 779 261 231 174 171
153 Leendert Hamoen 39 4958 308 292 280 224 222
154 Niko Besnier 29 4906 1148 478 427 226 215
155 Selma E. de Mink 34 4887 695 398 287 197 178
156 Charles Forceville 30 4870 1159 898 872 872 306
157 Sacha Epskamp 24 4801 2310 419 246 211 159
158 Henkjan Honing 38 4785 393 233 224 196 153
159 Maurice Aalders 34 4766 540 247 236 230 203
160 Bart Noordam 38 4754 320 308 215 207 161
161 Astrid Homan 25 4750 1796 516 427 255 170
162 Daniele Gaggero 21 4731 1218 669 497 449 361
163 Maria Siebes 34 4613 443 283 249 238 208
164 Rinus Penninx 35 4602 313 258 236 202 162
165 de rooij sr 32 4583 764 709 346 274 206
166 Hans C.P. Matthijs 36 4582 426 231 219 158 153
167 Anita Hardon 33 4532 466 455 396 172 172
168 M.H.S. Kraak 39 4419 155 140 139 133 122
169 Paolo Esposito 36 4375 347 230 125 117 109
170 Rens Vliegenthart 36 4356 256 248 180 180 165
171 HS Scholte 33 4330 400 307 275 260 206
172 J.G.B. Oostermeijer 36 4295 301 251 244 225 212
173 Dave Speijer 32 4257 308 260 249 222 211
174 Antoine van Kampen 30 4219 842 345 256 144 131
175 V. Bader 31 4194 387 245 193 191 174
176 Carina Hoorn 24 4192 1012 632 350 265 191
177 Ulle Endriss 36 4176 507 278 201 185 144
178 Cees Diks 28 4146 618 486 461 253 189
179 Deirdre Curtin 31 4107 517 249 223 213 157
180 Pier J.M. Prins 35 4066 317 309 191 149 114
181 Jan van Mill 29 4063 396 271 252 112 80
182 Jaap M.J. Murre 32 4059 519 310 196 155 152
183 René M. Williams 33 4032 430 323 221 202 176
184 Gert-Jan de Bruijn 32 4015 476 351 239 192 185
185 Frank Kleibergen 21 4007 1453 399 321 183 170
186 Matthijs Baas 18 3990 1081 831 654 315 195
187 Danny Zwijnenburg 15 3872 2703 499 156 81 79
188 Anna Watts 31 3862 429 309 208 197 190
189 Jean Tillie 23 3856 657 534 480 434 330
190 Peter Neijens 32 3823 227 191 191 178 158
191 Dirk Geerts 38 3816 197 179 179 170 141
192 Gert Rijlaarsdam 33 3747 210 170 169 165 138
193 M.R.Hardeman 30 3743 388 294 233 223 190
194 Marlies Glasius 22 3740 924 544 544 307 298
195 Maarten Boerlijst 25 3719 605 514 435 413 182
196 Christof Monz 26 3697 588 585 585 585 585
197 Annebel H.B. De Hoogh 23 3697 656 617 426 290 211
198 Gerrit Jan Savonije 36 3667 324 254 199 164 158
199 Edith G. Smit 29 3652 588 223 191 191 158
200 Jeroen Goedkoop 28 3649 443 243 191 179 152
201 J. Goedhart 28 3641 514 325 261 246 227
202 Frederik G Dikkers, Prof of Otorhinolaryngology 26 3636 934 569 207 137 133
203 Chris A.J. Klaassen 18 3632 2038 279 168 149 141
204 Herman G. van de Werfhorst 32 3604 341 246 199 163 129
205 F.A. (Sander) Bais 31 3587 548 166 147 131 129
206 Reuben Smith 33 3546 351 276 149 123 94
207 Paul C.J.van Rijn 28 3506 293 286 245 242 210
208 Marieke de Goede 23 3410 577 370 341 266 244
209 David W. Laws 15 3358 2331 299 201 106 65
210 Simon Mathew 12 3317 2695 111 98 90 56
211 Lourens Waldorp 25 3308 403 395 246 209 196
212 Shaul Shalvi 21 3297 831 602 267 229 145
213 Ronald Cornet 23 3293 453 431 335 228 209
214 Abdel Abdellaoui 25 3283 483 338 311 227 178
215 Mariette Goddijn 28 3264 399 295 239 147 141
216 John Robert Parsons 33 3264 327 151 139 133 119
217 Emiel van Loon 33 3262 215 131 119 117 114
218 Erik Plug 22 3245 533 400 367 366 313
219 René Berckmans 19 3231 618 572 379 276 204
220 Hans Amman 19 3223 2007 210 175 60 45
221 Beate Volker 29 3206 280 237 208 194 178
222 RW de Boer 20 3195 1033 381 325 177 117
223 Wendelien van Eerde 20 3036 690 491 399 213 208
224 G.R.D. Underhill 23 3006 589 443 191 164 156
225 Renée van Amerongen 19 2923 937 337 284 186 164
226 Vladimir Gritsev 31 2922 219 201 194 178 164
227 P Barnett 29 2859 317 194 151 132 128
228 Leo Dorst 27 2846 513 217 190 111 103
229 Bert Bredeweg 27 2828 147 146 137 116 104
230 Dennis Rodgers 30 2821 195 181 167 163 155
231 Rein van den Boomgaard 23 2818 664 280 235 187 182
232 Richard Rogers 20 2806 621 378 338 242 120
233 Hilde M Huizenga 26 2794 438 232 186 141 125
234 Winfried Roseboom 19 2792 491 327 260 232 182
235 Remko Scha 25 2782 519 169 164 150 132
236 Albert Wolkerstorfer 26 2782 335 313 210 143 130
237 Tiddo Jonathan Mooibroek 23 2772 431 391 336 253 207
238 Tim M. Schoenmakers 23 2752 422 331 223 201 157
239 hans knoop 29 2723 193 142 127 124 113
240 Julia van Weert 30 2706 259 208 181 110 108
241 Bernd Ensing 28 2703 286 210 168 151 147
242 Jan HD Wolf 27 2686 272 238 165 155 145
243 Aukje Nauta 24 2665 408 263 250 195 154
244 Justus Uitermark 24 2662 298 232 200 134 134
245 Andy D. Pimentel 20 2659 389 233 170 170 161
246 Leonie M. van Duivenvoorde 15 2635 1126 363 343 120 103
247 Corine Boon 13 2620 1523 244 204 131 107
248 Dorien Nieman 28 2596 173 136 125 102 100
249 Gert Hekma 22 2583 938 133 129 110 78
250 Coert Zuurbier 29 2553 152 134 118 113 112
251 Michiel van Lambalgen 23 2540 438 274 232 120 102
252 Joris M. Mooij 25 2538 328 273 224 223 128
253 Marie K. Deserno 6 2515 2262 178 34 16 13
254 Antonia Rowlinson 28 2482 338 199 191 178 125
255 Rene Spijker 19 2473 1272 182 176 88 80
256 Carlos P. Fitzsimons 29 2468 206 139 129 124 122
257 Astrid T Groot 25 2467 422 250 153 93 87
258 G.D. van Albada 18 2461 985 246 238 81 74
259 Disa Sauter 22 2457 415 183 173 172 165
260 Edwin van der Pol 16 2437 657 321 285 217 215
261 Randolph Sloof 22 2426 749 335 153 120 89
263 Yuri Demchenko 25 2390 310 271 173 111 87
265 Judy Shamoun-Baranes 28 2385 173 128 127 109 102
267 Kea Gartje Tijdens 23 2339 164 117 94 66 64
268 W.G.M. Salet 24 2331 443 261 123 72 70
269 H. Peter Boswijk 22 2327 400 253 171 161 112
270 Riet van Bork 5 2319 2262 17 16 9 9
272 André Nollkaemper 26 2290 163 132 130 110 103
273 Reinhard Blutner 21 2277 542 361 142 131 100
274 Gerbert A. Jansen 25 2273 280 270 139 109 104
275 Lia Karsten 21 2263 418 260 189 152 97
277 Stephan Huveneers 20 2220 584 256 193 136 133
278 Noushine Shahidzadeh 28 2207 298 156 126 104 99
279 Jan te Nijenhuis 26 2201 329 205 108 106 87
280 Stefan D. Roosendaal 18 2176 314 234 225 205 194
281 Louis Tavecchio 24 2170 292 191 111 86 75
282 Inge van der Made 17 2161 743 282 218 155 127
283 Marten Postma 24 2154 409 146 120 106 101
284 Silvia Olabarriaga 24 2135 397 100 99 87 81
285 Enoch O Aboh 25 2116 399 173 94 86 86
286 Rinus Deurloo 22 2083 236 193 189 180 112
287 Jennifer Gaskins 26 2072 283 220 167 167 119
288 Shiju N Raveendran 23 2059 374 128 126 88 84
289 T.M. van Engers 18 2043 133 93 70 61 55
290 Erik van Heumen 18 2036 857 174 105 99 82
291 Floris Roelofsen 22 2032 280 136 131 99 90
292 Elske Salemink 22 2023 266 252 249 121 104
293 Mark Rutgers 22 1995 660 116 106 85 84
294 Frenk van Harreveld 26 1979 199 167 117 98 97
295 Boris Jansen 26 1979 259 150 126 124 112
296 Johannes A. van Hooft 23 1979 207 175 137 101 100
297 Merijn R. Kant 18 1977 304 261 232 145 140
298 Evangelos Kanoulas 24 1944 252 232 127 115 99
299 Harry van Zanten 23 1941 249 154 137 137 108
300 Bernt Hugenholtz 22 1938 382 156 102 72 71
301 Edwin A. J. van Hooft 22 1928 206 175 165 131 127
302 Katerina Dohnalova 24 1921 258 191 175 132 119
303 David James Martin 11 1920 629 458 196 177 161
304 M Keune 23 1919 156 130 81 80 76
305 Mattia Fornasa 22 1915 504 147 145 124 102
306 Matthan Caan 24 1913 156 101 99 99 95
307 Efstratios Gavves 20 1912 417 177 172 147 142
308 Frank Nack 23 1907 257 148 126 114 81
309 Stephan Schill 20 1888 189 175 160 143 130
310 Conrado A. Bosman 18 1882 366 354 269 147 111
311 Frank Vandenbroucke 23 1874 203 154 114 92 76
312 MEJ Raijmakers 23 1850 438 196 73 61 59
313 Mark Rotteveel 24 1845 227 172 139 135 117
314 Brian Burgoon 23 1837 366 324 113 72 60
315 Jeroen Hinloopen 21 1825 337 144 132 91 81
316 Saeid Eslami 22 1823 254 214 118 114 98
317 D. Kandhai 23 1821 254 151 138 129 114
318 Martijn Egas 21 1817 392 146 121 83 77
319 Jan Tuinstra 20 1816 319 208 120 96 95
320 Richard Ronald 22 1808 355 185 97 71 70
321 Giselinde Kuipers 20 1782 220 178 154 91 85
322 Rajat Thomas 21 1768 179 148 144 118 110
323 Anneke Alkemade 24 1765 145 117 112 103 99
324 Hedde Zeijlstra 16 1760 611 206 100 72 67
325 Uwe Becker 21 1747 533 135 111 74 60
326 Magdalena Wojcieszak 21 1736 479 138 114 108 79
327 Jeannette Schaeffer 18 1720 261 213 197 136 122
328 Kees Middelburg 21 1718 220 110 110 104 90
329 Dennis Koelma 18 1717 417 149 138 98 80
330 Aldert Bart 26 1713 128 128 83 74 69
331 Michiel van Elk 23 1713 205 104 84 81 77
332 John van Boxel 23 1712 158 105 101 97 92
333 Henk F van der Molen 24 1703 95 88 84 70 68
334 Florian Wagener 20 1689 194 165 163 148 139
335 Iina Hellsten 22 1688 126 125 114 108 81
336 Daniël A. Korevaar 18 1670 611 146 127 88 66
337 Alejandra Castro 24 1660 216 111 103 100 99
338 William D. Gosling 22 1651 226 114 113 107 74
339 Nataliya Yeremenko 21 1639 211 121 116 92 92
340 Simon van Gaal 20 1637 260 205 127 108 107
341 Mohamed Morsey 9 1635 1083 235 102 100 42
342 Marco Bontje 19 1635 234 140 135 134 92
343 Mirjam A.F. Ros-Tonen 19 1632 349 127 96 83 82
344 Andre Heck 16 1614 706 133 62 56 48
345 Casper van Ewijk 18 1600 289 135 115 108 61
346 Filip Van Opstal 17 1571 347 169 115 115 85
347 Daniel Martijn de Bruin 24 1566 138 119 112 54 53
348 R.A. Hoebe 17 1566 417 283 84 76 68
349 pim scholte 18 1564 270 246 108 98 97
350 Alexander Boer 21 1558 181 133 93 78 77
351 Joost van Spanje 20 1546 337 246 111 65 65
352 Roland Pfau 22 1527 113 93 82 73 63
353 Jolanda Maria Hubertus Verspagen 14 1525 469 129 128 109 108
354 Arnoud Visser 21 1522 127 84 65 60 58
355 Tim Highfield 16 1520 260 206 194 153 134
356 Dora Matzke 17 1520 353 267 125 125 103
357 Olav Velthuis 16 1514 592 216 103 76 56
358 Edan Lerner 23 1502 110 99 97 79 79
359 Aniko Korosi 21 1493 139 128 124 96 92
360 Eiko I. Fried 19 1491 134 131 129 105 105
361 Przemek M. Krawczyk 17 1487 417 192 170 85 71
362 Onno Holleboom 20 1485 235 185 155 98 82
363 Mirjam van Zuiden 20 1482 238 130 127 86 67
364 Roberto Valenti 18 1477 215 212 162 154 133
365 Federica Russo 21 1460 228 144 118 88 76
366 Lieuwe D. Bos 19 1451 191 177 109 104 97
367 Liffert Vogt 19 1450 276 235 130 50 49
368 Bianca M. Buurman 20 1428 174 105 103 98 98
369 Sarah L. de Lange 19 1426 214 189 134 108 105
370 Eric Ketelaar 20 1411 244 125 97 97 68
371 Michael Lees 22 1398 86 68 61 35 34
372 Umberto Olcese 12 1397 402 398 154 94 72
373 Martijn W. Hesselink 21 1391 103 90 86 61 58
374 Boris Bleijlevens 18 1382 302 150 121 109 89
375 Ana Lucia Varbanescu 16 1374 290 120 94 78 46
376 Anne Loeber 16 1370 570 152 108 91 56
377 Miranda C. N. Cheng 20 1369 160 125 125 108 94
378 Guda van Noort 16 1357 265 173 114 110 107
379 Paul de Beer 18 1346 118 87 81 73 57
380 Clemens Grelck 20 1330 164 77 70 51 49
381 Rafael P. Ribas 16 1328 441 76 76 60 60
382 Nicu VP* 15 1327 327 303 83 72 71
383 Dr S. Casini 13 1320 363 174 113 111 105
384 Bonne Zijlstra 17 1308 237 219 186 93 52
385 Claudia M. van der Heijde 12 1297 752 200 85 84 33
386 Willem Zuidema 18 1293 163 149 126 81 58
387 Christiaan C. Stolk 19 1266 137 128 123 100 88
388 Wietze van der Aa 6 1254 575 341 248 70 7
389 Robert Belleman 17 1253 252 213 130 130 65
390 Dylan Molenaar 15 1242 308 233 121 104 64
391 Maël Lebreton 12 1242 338 254 153 94 90
392 Brenda Jansen 16 1219 141 132 114 104 102
393 A.S.Z. Belloum 19 1230 138 65 59 51 40
394 Trudie Gerrits 13 1223 455 190 165 102 33
395 Raquel Fernández 18 1220 154 129 86 86 66
396 Natalie LM Cappaert 13 1217 633 128 87 66 54
397 Carien Lansink 14 1212 241 163 124 116 111
398 Maria Aloni 19 1205 170 165 100 48 45
399 Tim Ziermans 17 1199 188 124 123 115 94
400 Sindy Resita Sumter 14 1199 282 232 98 90 82
401 Silke Hamann 17 1180 204 126 114 111 102
402 Bram Lancee 17 1174 170 159 117 91 88
403 Jan B. Engelmann 13 1172 202 183 163 152 88
404 Bernhard Rieder 15 1172 290 115 101 93 60
405 Alexander O. Pasternak 16 1169 293 164 90 77 66
406 J. Arie Vonk 21 1153 107 89 83 68 61
407 Michael S. Merry 20 1151 109 78 74 59 51
408 Luiza Bialasiewicz 19 1140 238 135 87 66 65
409 Harm van der Geest 21 1135 88 73 61 54 52
410 Afink G* 21 1135 119 71 68 58 55
411 Thomas Poell 15 1131 352 195 74 60 58
412 Marco van der Leij 13 1125 459 158 135 74 55
413 Jeroen WJ van Heijst 12 1114 213 154 139 119 109
414 Sebastian Altmeyer 20 1098 107 84 65 61 59
415 Floris Vermeulen 15 1080 290 106 69 65 58
416 Chris van den Akker 17 1079 228 96 87 75 67
417 Joost van Mameren 12 1077 231 150 127 92 88
418 J.W. Stoelhorst 16 1077 182 177 127 93 75
419 Johanna van Hooff 17 1067 303 88 80 59 53
420 Dr Kenneth F. Rijsdijk 18 1061 116 116 116 108 86
421 Elia Bruni 13 1057 357 190 73 67 65
422 Astrid van der Horst 18 1051 173 128 63 50 49
423 Eelke Heemskerk 15 1048 345 122 70 68 49
424 Leendert Van Maanen 18 1047 113 88 86 61 52
425 Arian van Asten 17 1042 123 113 91 89 87
426 Janna Cousijn 16 1040 162 132 63 58 54
427 Tuna Tasan-Kok 18 1038 103 99 94 67 67
428 Marco te Brömmelstroet 17 1037 103 89 72 69 68
429 Monique F van Wordragen 13 1031 143 139 138 121 77
430 Peter Spreij 16 1026 151 71 63 36 35
431 Joost Raaphorst 13 1007 215 115 75 74 73
432 Ale Jan Homburg 18 1006 127 88 87 83 46
433 Valeria Krzhizhanovskaya 17 992 130 66 34 34 34
434 Han Rauwerda 14 988 260 112 77 60 59
435 Stephan Winter 12 983 559 81 73 34 30
436 Erik Rietveld 16 976 171 166 120 54 52
437 Geert Hamer 15 968 155 110 95 76 65
438 Anja Lok, MD, PhD 14 962 274 99 78 68 68
439 Hilde Voorveld 14 954 173 96 93 91 72
440 Francesco Berto 15 946 121 109 105 89 53
441 Yael Artzy-Randrup 11 933 324 238 72 60 54
442 Max Keuken 18 921 153 103 82 79 75
443 Matthijs Rooduijn 14 921 189 164 77 65 61
444 Frank Huysmans 18 918 70 68 60 55 49
445 Jan Brandts 15 917 96 88 78 74 60
446 Ork de Rooij 13 909 417 51 49 48 41
448 Yelena Budovskaya 9 904 221 220 182 70 53
449 Adam Ingram 15 901 177 108 62 54 52
450 Marte Otten 11 900 189 136 126 107 79
451 Ilja Sligte 13 899 306 98 77 73 60
452 Ingmar Visser 14 897 146 102 82 59 56
453 JL Frijling 14 895 238 217 67 56 42
454 Zeno Geradts 16 894 211 81 60 49 42
455 Peter Vasterman 10 893 407 268 268 36 28
456 Anja van Heelsum 18 891 66 57 52 47 44
457 Dr. Stefan T. Mol 10 888 308 166 99 78 77
458 R.P. Hagendijk 12 883 321 106 55 49 44
459 Anne Helmond 9 866 445 116 83 47 47
460 Katrin Schulz 10 866 273 228 77 75 61
461 Roos Rodenburg 9 862 215 173 167 107 78
462 Filipe Branco dos Santos 15 862 113 96 90 75 73
463 Jasper Merijn de Goeij 12 860 277 134 83 70 66
464 Peter Ochodnicky 17 855 133 108 93 53 47
465 jeroen bruggeman 12 851 255 130 108 80 37
466 Richard Ronay 10 850 230 128 121 75 59
467 Matthijs van Veelen 17 849 117 111 64 59 45
468 Jasper van Wezel 18 849 77 76 47 42 36
469 Judith Rispens 15 848 95 95 85 77 64
470 Silke Allmann 11 843 170 166 133 71 69
471 Claudia van Borkulo 13 841 132 111 105 77 69
472 Wolf Bleek 12 839 192 103 76 75 75
473 Cristina Colonnesi 11 821 212 157 149 64 34
474 Hein-Anton van der Heijden 13 818 141 138 90 68 59
475 Zhiming Zhao 14 815 111 60 59 51 36
476 Bastiaan Rutjens 13 813 123 117 80 68 61
477 Kees-Jan Kan 12 813 194 123 71 67 50
478 Gijs Schumacher 14 809 140 112 70 69 61
479 Luc Fransen 10 799 263 111 93 84 73
480 Julian Kiverstein 14 799 166 134 62 59 47
481 Chunglin Kwa 12 794 175 144 78 53 46
482 Marcel Maussen 14 793 108 107 63 63 43
483 PETRA SLEEMAN 15 790 168 67 40 32 32
484 Felicia Krauß 12 785 297 81 75 60 46
485 Adrienne M. Tucker 8 784 328 173 139 34 31
486 Sarah Bracke 12 780 146 128 61 57 43
487 Jean H.M. Wagemans 8 776 573 38 31 22 20
488 Breanndán Ó Nualláin 10 775 153 130 130 108 68
489 Rowan van Golen 11 761 189 120 104 68 52
490 Eline Suzanne Smit 13 757 295 66 64 57 53
491 BJK Kleijn 12 754 147 115 94 82 53
492 Marleen de Witte 13 747 153 116 85 52 49
493 Remco J. Molenaar 12 745 226 95 77 42 32
494 Daniel Mügge 16 733 113 88 64 55 53
495 Jessica Taylor Piotrowski 15 732 81 79 73 51 37
496 Jaap Lancee 16 731 86 62 60 60 39
497 Marc Schreinemacher 17 730 143 73 65 43 39
498 Susanne Baumgartner 13 726 98 91 75 70 59
499 Frank Seifart 13 721 120 91 84 33 33
500 Marcel van Egmond 11 717 156 79 77 72 72
501 Roel Mocking 15 716 99 78 68 67 35
502 Kamen O. Todorov 14 714 116 90 72 63 59
503 Isabel Smallegange 14 707 123 79 68 58 36
504 Christopher Pell 11 697 155 84 80 79 56
505 Jan de Jong 13 697 132 90 71 68 34
506 Xinyu Li 13 696 262 42 34 31 31
507 Lonneke van der Linden 11 696 169 84 80 64 62
508 Amade M'charek 12 694 190 75 68 51 40
509 Thomas Buser 12 688 312 88 73 45 28
510 Jeroen de Kloet 15 682 100 58 55 54 32
511 Gangoso, L 12 678 135 134 65 51 31
512 Victor Maas 9 677 124 121 105 77 60
513 Simona Vezzoli 12 674 151 128 64 61 57
514 Jessie Koen 8 673 195 180 103 75 29
515 Crystal H. McMichael 14 669 126 118 58 52 40
516 Sander Onderstal 14 666 162 77 49 42 29
517 Wouter van Gent 14 659 99 72 46 43 36
518 Corentin Coulais 12 655 162 94 68 59 47
519 Saskia Bonjour 13 651 80 77 73 66 60
520 Maarten Marsman 13 649 176 134 125 33 29
521 Annette Freyberg-Inan 13 642 169 86 46 31 30
522 Theresa Kuhn 11 633 111 108 75 72 65
523 Rianne M Blom 9 633 201 171 47 46 36
524 Bram Van Bockstaele 12 626 206 60 60 58 41
525 Inge Bethke 12 626 140 63 61 51 28
526 Alexander Ly 13 626 134 125 70 51 50
527 Rolf Bremmer 10 625 151 120 94 75 64
528 Anna Bartak 8 618 133 105 100 75 58
529 Guilherme Pimentel 10 616 207 74 55 46 45
530 Martine van Schouwenburg 12 612 108 80 75 72 53
531 Susanne Wilken 11 611 148 121 67 63 35
532 Joël van der Weele 13 606 181 70 58 57 35
533 Oleksandr Gamayun 11 605 121 109 86 57 47
534 Jeanette Christine Mostert 8 603 335 98 65 32 27
535 Michaela Hordijk 13 600 172 56 44 41 38
536 Darshan Vigneswaran 16 595 69 48 40 40 33
537 Don Weenink 9 595 275 48 43 28 26
539 Hulya Kosar Altinyelken 12 588 105 84 72 66 42
540 Arno Kourula 12 587 102 93 89 50 50
541 Dennis Arnold 12 585 127 87 86 58 27
542 Yair Pinto 13 582 98 77 51 47 39
543 Juan Manuel Alba 11 582 145 74 66 66 40
544 Maarten R. van Bommel 14 582 82 73 43 32 29
545 Willy Ssengooba 15 578 59 51 47 42 32
546 Benjamin Jelle Visser 12 577 184 50 48 46 41
547 Takkenberg R  Bart 14 577 68 46 39 34 33
548 Liza Mügge (née Liza Nell) 13 575 72 65 40 31 30
549 Marieke Fransen 14 573 82 74 62 49 30
550 Jakub Szymanik 13 570 78 56 43 28 27
551 Liliana Bounegru 7 570 326 148 19 12 11
552 Vincent Odekerken 7 566 391 55 43 15 14
553 Stephanie Steinmetz 14 565 90 80 52 44 35
554 Leyre Gomez 14 564 101 45 42 37 36
555 Froukje Demant 9 561 229 72 47 44 43
556 Eva F G Naninck 9 560 139 124 96 74 43
557 Vincent O'CONNELL 10 556 164 88 63 50 47
558 John Mackenzie Owen 12 553 84 68 63 38 36
559 Nicolas Leveille 7 550 316 82 65 35 18
560 Helle Larsen 16 547 73 62 57 39 31
561 Adam Booij 5 546 175 156 89 76 42
562 Dr. Santhosh Kumar Podiyanachari 9 544 185 90 64 53 38
563 Fenne M. Pinkster 12 542 71 55 52 45 43
564 Thijs Bol 11 539 129 76 75 63 50
565 Amanda Burson 8 539 189 118 80 64 43
566 Chintan Amrit 12 537 82 50 38 32 31
567 Jochem Liem 11 529 116 67 63 26 22
568 Christina Eckes 13 527 84 46 42 32 28
569 Eddie Brummelman 12 525 89 78 66 54 43
570 Bernardus C.J. Schimmel 10 524 145 66 66 51 45
571 Suzanne Jak 11 519 113 96 66 47 28
572 Katinka Quintelier 7 518 388 28 25 20 15
573 Helen Steingroever 11 517 125 98 63 50 33
574 Phillip Szepietowski 15 516 72 66 54 25 25
575 Benno van den Berg 11 514 115 57 52 32 23
576 Canh Ngo 14 510 60 37 31 29 28
577 J. Merijn Schuurmans 15 507 73 39 37 35 34
578 Dmitry Denisov 12 498 123 100 37 30 27
579 Kristine Krause 12 494 125 58 44 36 30
580 Flore Bridoux 8 489 177 78 70 49 40
581 Marco Loos 11 489 42 35 30 22 21
582 Evelyn Ersanilli 11 487 131 102 47 33 31
583 Willem R. Boterman 12 487 98 75 43 35 34
584 Erik Borra 9 486 195 101 38 36 22
585 Christian Bröer 12 484 57 55 45 44 41
586 Thomas Kipf 5 480 361 44 38 16 12
587 Sanne Kruikemeier 9 479 122 114 61 40 17
588 Malou van den Boogaard 9 477 126 104 93 26 25
589 Xiomara V Thomas 7 475 144 123 89 43 38
590 Mariliis Tark-Dame 11 473 81 65 53 45 44
591 Wilker Aziz 11 471 105 54 37 31 29
592 Sander van Triest 9 466 156 61 61 38 35
593 Peter Oosterhoff 11 465 80 60 53 48 46
594 Nienke Ruijs 5 464 231 89 74 38 15
595 Quentin F. Gronau 12 459 125 77 54 33 33
596 Jan Wiegerinck 12 457 49 41 36 23 18
597 Eileen Moyer 13 456 43 41 38 35 33
598 Antonio Capretti 12 455 72 67 37 37 36
599 Franca van Hooren 11 452 100 78 43 35 34
600 Linda Bos 10 451 104 59 52 41 35
601 Michelle Camenzuli 13 451 59 58 53 49 25
602 Bjarke Jensen 13 450 60 51 44 44 35
603 Anke Munniksma 9 447 170 75 49 40 34
604 Alithe van den Akker 12 436 86 66 61 49 45
605 Daphne van Weijen 9 435 138 67 56 48 27
606 Sebastiaan Dovis 7 432 149 103 57 43 34
607 Johan De Deken 11 426 63 35 33 29 28
608 Stevan Rudinac 11 422 120 49 34 29 21
609 Enzo Rossi 10 421 123 47 36 35 29
610 Jurgen Tijms 13 417 62 47 36 33 31
611 Irene van de Vijver 7 416 159 99 86 21 19
612 Esther Weltevrede 9 413 191 48 36 22 18
613 Sophie C. Boerman 11 411 116 61 46 37 22
614 Ali Bahramisharif 10 410 67 61 55 47 44
615 Carla M. S. Ribeiro 11 408 86 65 42 38 36
616 Suzanne Oosterwijk 9 408 112 77 71 44 22
617 Duncan den Boer 11 404 78 60 54 36 30
618 Daniel Sligte 7 403 80 79 74 59 56
619 Jorge Gómez Rendón 10 402 60 59 32 30 29
620 J. Strikwerda 9 397 85 75 41 22 17
621 Agnieszka Kanas 7 392 100 99 71 63 21
622 Marc Galland 9 392 92 71 60 56 40
623 Nicky Pouw 8 390 95 83 21 17 17
624 Damián A. Galante 10 389 111 63 50 47 23
626 Jakub M. Tomczak 10 384 66 39 27 25 21
627 Paul Mepschen 7 383 279 22 20 18 12
628 Mahdi Sargolzaei 10 381 143 33 31 29 28
629 Dr. T.G.V. Cherpanath 10 375 79 66 44 41 31
630 Chantal Mak 9 373 90 57 33 20 19
631 Gerben Nooteboom 7 368 164 68 26 15 11
632 Arthur W.G. Buijink 8 367 184 36 32 25 23
633 Marc W. Heerdink 8 366 105 62 60 41 33
634 Ravi Selker 8 361 125 94 33 30 18
635 Ties Korstanje 9 361 110 64 43 30 25
636 Emily Denise Melton 5 359 186 103 39 12 11
637 Judith Moeller 7 357 134 81 46 25 14
638 Jay Armas 12 355 50 38 34 25 23
639 Junfeng Wang 8 352 88 62 57 42 39
640 Ilya Markov 11 350 109 45 22 21 19
641 Rocco Bellanova 10 349 47 40 39 38 32
642 wim driehuis 11 347 60 31 22 21 21
643 Imke Harbers 8 347 161 37 29 27 21
644 Hans Borgman 9 346 132 40 22 20 19
645 Janet MacNeil Vroomen 10 346 98 72 27 25 16
646 Abbey Steele 6 344 98 96 51 32 19
647 Charles Beromeo Bheeter 10 341 82 49 48 33 24
648 Harald Thune Jørstad, MD, PhD 9 340 87 74 35 21 17
649 Fernando R. Velazquez Quesada 10 338 62 41 31 30 22
650 Erika van Elsas 10 338 72 72 52 38 37
651 Neil J. Robinson 8 336 104 83 76 21 14
652 Taco Cohen 8 336 108 50 37 34 31
653 Mendel Giezen 9 332 123 70 25 18 16
654 Marijn H.  C. Meijers 5 332 258 29 22 9 6
655 Ursula Daxecker 9 331 71 48 44 40 22
656 Bijoyendra Bera 7 331 114 78 46 41 23
657 Marco Pasi 11 331 24 22 22 21 18
658 Rob van Es 11 329 29 28 27 24 22
659 Jorge F. Mejias 10 328 46 46 42 31 28
660 Vincent de Rooij 11 324 49 49 32 29 22
661 Meike T Wortel 6 323 147 77 39 33 12
662 Joeri Scholtens 8 321 174 30 18 18 13
663 Emily Yates-Doerr 11 319 64 45 38 36 23
664 David Veenman 8 318 141 44 36 22 17
665 Anke Wonneberger 8 318 74 72 54 38 20
666 Simon Carter 7 317 131 42 40 25 22
667 Wendy Ellens 9 316 114 42 36 29 27
668 Alexander Rinnooy Kan 6 316 127 54 33 31 30
669 Arnoud den Boer 7 312 91 85 46 29 16
670 James Symonds 11 310 38 31 22 20 20
671 Masoud Mazloom 12 309 37 33 32 32 25
672 Alexander Alexiev 5 307 198 32 28 26 16
673 Aarthi Sridhar 9 307 129 23 19 18 13
674 Lewis Bawden 8 305 130 48 43 19 15
675 Ran Tao 7 303 142 59 32 25 17
676 Benjamin Kemper 11 302 51 35 28 24 23
677 Mark van der Veen 6 302 79 77 75 29 26
678 Alex van Venrooij 6 296 92 79 45 45 9
679 Jaap Kooijman 10 296 66 25 21 18 15
680 Anthonie W. J. Muller 10 296 48 38 29 23 23
681 Polly Pallister-Wilkins 9 296 71 28 26 25 25
682 Patty Leijten 8 296 102 39 35 24 23
683 Luca Valerio 8 290 128 38 29 22 13
684 Damian Trilling 9 288 49 46 40 36 25
685 Thomas D Russell 10 285 45 36 36 32 19
686 Herke van Hoof 11 283 38 32 32 27 24
688 Megan Reiniers 8 282 68 52 42 38 22
689 Carrol Clarkson 9 281 83 40 25 14 11
690 Ad Teulings 9 281 90 28 23 22 16
691 Tessa van Schijndel 7 281 116 61 24 23 20
692 Suzette Flantua 9 281 84 34 26 25 24
693 Jens Lange 6 280 85 75 55 37 9
694 Julia Bader 7 279 121 35 28 27 27
695 Terrence D. Jorgensen 6 272 173 44 11 9 8
696 Benjamin Mueller 10 270 58 40 31 24 19
697 John Kleinen 9 267 112 18 14 14 14
698 Raphael ‘kena’ Poss 10 264 29 21 20 19 17
699 Arjen Versloot 9 264 39 31 30 20 20
700 Sebastian Liem 5 264 184 29 27 7 6
701 Bowen Paulle 7 263 79 74 29 19 13
702 Federico Savini 8 261 36 32 29 23 21
703 Martijn Riool 9 261 38 37 34 29 27
704 Toni G.L.A. van der Meer 9 256 73 40 32 22 18
705 Laurens Bakker 8 254 58 18 18 16 16
706 Sharon Klinkenberg 3 253 134 104 5 3 3
707 Rick Quax 7 253 52 43 38 36 21
708 Ana-Maria Oprescu 7 251 114 32 17 13 12
710 Claire Stevenson 9 247 36 31 27 23 20
711 Nick de Jong 8 247 105 35 22 18 14
712 M. W. van Tol 10 246 39 34 27 25 14
713 Joris Ebbers 6 246 69 49 39 32 29
714 Hugo Huurdeman 10 245 25 20 17 17 15
715 Arlene L. Oei 8 245 71 51 25 16 16
716 Arjen Sutterland 5 242 129 50 26 18 11
717 Philip Schleifer 6 242 67 44 38 36 19
718 Nadine Bol 9 240 60 31 26 15 15
719 Han Peters 9 240 33 27 23 21 21
720 Marci D. Cottingham 8 240 64 23 22 19 18
721 daniel wiechmann 8 239 75 44 23 17 17
722 Pascal Mettes 7 239 53 34 34 32 25
723 Amandine Lassalle 8 238 61 56 21 18 17
726 Simon A. Broda 8 234 58 48 34 20 12
727 Matteo Biagetti 8 233 44 32 31 23 21
728 Bianca Groen 6 232 77 53 42 23 23
729 Julia Noordegraaf 7 231 102 27 27 10 8
730 Benjamin Bruhn 8 229 42 37 32 30 18
731 Gaurav Dugar 5 226 167 19 17 9 6
732 Anna M M Boers 8 224 53 36 31 21 17
734 Hebe Verrest 8 220 40 39 14 10 10
735 Zhenyang Li 8 219 66 32 31 20 18
736 A.A.C. Verhoeven 7 217 59 46 29 27 23
737 Mohammad Abdelghani 8 214 28 18 16 13 10
739 Floor Sietsma 9 213 37 35 22 20 11
740 Sumit Sourabh 6 213 45 37 35 32 31
741 Annemarie Zand Scholten 6 213 108 33 23 21 17
742 Federico Gobbo 8 210 19 17 15 14 11
743 Eline Möller 8 210 43 39 37 25 18
744 Serge A. Steenen 7 210 52 37 34 33 27
745 Eduard de Bruin 7 210 60 51 26 21 13
746 Maria-Hendrike Peetz 9 209 30 26 25 24 14
748 A.J. Bakermans 7 209 58 43 43 30 20
749 Veruska Zamborlini 10 208 38 16 16 14 14
750 DL Arts 8 206 59 31 29 22 20
751 Robert Zwitser 5 206 135 24 17 11 5
752 Viresh Patel 8 206 46 27 20 17 16
753 Loes Schenk - Sandbergen 7 206 36 25 22 20 19
754 Maarten Bode 6 204 58 51 34 10 8
755 Katjana Gattermann 9 204 43 29 28 16 14
756 Mark Assink 7 202 62 49 20 18 14
757 Christophe Costa Florencio 8 201 32 31 22 22 21
758 Michelle Westermann-Behaylo 6 201 71 34 30 22 20
759 Jet van Dam (van Isselt) 6 201 69 43 27 27 12
761 Alessandro Nai 8 200 33 15 15 14 14
762 Jelle Bruineberg 4 200 120 47 18 9 3
763 Michelle Parlevliet 7 200 50 40 39 16 13
764 P. Marcos Crichigno 9 199 39 29 21 16 14
765 Alexey Borisov 6 199 64 45 31 22 14
766 Marilisa Boffo 9 198 30 29 26 20 15
767 Mirte A.G. Kuipers 9 198 38 25 21 20 18
768 Alexandr Popolitov 8 197 50 30 24 16 14
769 Crelis Rammelt 6 196 98 14 10 9 8
770 Amanda Brandellero 7 196 42 38 19 11 9
771 A.F. (Annet) Lenderink 8 195 45 29 19 16 13
772 Ewa Masłowska 8 195 53 27 23 18 15
773 Lenny Taelman 8 192 44 25 19 19 11
774 Cody Hochstenbach 8 192 36 31 30 21 14
775 Ruud Wouters 9 190 30 28 15 13 12
776 Saar Mollen 6 187 74 31 29 18 16
777 Marco Felipe Raczka 6 187 118 19 16 13 6
778 Dirk van Moorselaar 5 186 58 38 31 31 10
779 Aatish Kumar 7 186 102 17 12 10 9
780 Shayan Shahand 8 185 31 30 26 14 13
781 Abe Hofman 5 185 135 12 7 7 6
782 Arthur Johan Kievit 8 184 42 30 23 21 18
783 Mieke Bus 7 183 51 50 25 18 13
784 Ping Zhou 8 181 45 22 20 19 15
785 H. Emrah Taşlı 7 180 60 37 15 9 8
786 Jelle W. Boumans 4 180 96 36 24 9 4
787 Fares Alnajar 5 176 53 40 39 17 15
789 Kaj S. Emanuel 6 173 97 25 15 13 6
790 Mehran Rahimi 6 173 64 38 23 14 13
791 Ivan Kryven 9 171 26 22 16 15 13
792 Diego Marcheggiani 8 170 28 27 23 20 14
793 Raphael Panhuysen 7 170 28 23 23 20 19
794 Corina Andone 7 170 37 20 19 18 10
795 Thomas Ernst 6 170 100 11 8 7 7
796 Ralph Koning 6 168 63 22 16 15 7
797 Beryl ter Haar 7 167 38 34 17 11 10
798 Frank Cornelissen 7 167 49 36 17 12 9
799 Lívia Maria Silva Ataíde 4 167 66 66 10 8 4
800 Jan Fichtner 7 166 26 25 16 16 15
801 Ana Causanilles 8 166 24 23 22 19 9
802 Bregje de Kok 8 165 30 22 20 15 12
803 Muhe Diao 5 165 75 35 27 15 6
804 Ilir Haxhi 5 163 97 18 15 11 10
805 Saad Al-owayyed 4 163 114 24 12 12 11
806 Karl de Leeuw 6 163 54 35 16 15 13
807 Ruud Schreurs 8 163 21 21 21 14 13
808 Manon Parry 6 163 59 30 17 17 13
809 Qinwei Zhang 8 162 31 31 24 24 15
810 Dimitris Bouris 7 162 47 29 19 16 12
811 Adela-Maria Isvoranu 5 162 77 50 13 7 7
812 Maarten Arends 6 161 73 29 27 11 9
815 Niels A. Kloosterman 5 158 56 38 25 18 15
816 Sietske van Viersen 7 156 39 30 21 21 14
817 Annemarie Eigenhuis 4 155 120 17 5 4 4
818 Ward van Zoonen 8 155 27 25 23 22 18
819 Thomas Pronk 7 154 46 29 27 17 13
820 Haralambie Leahu 6 154 50 32 17 16 10
821 Saioa Legarrea 8 154 28 25 16 16 16
822 Karlijn Meeks 6 154 36 34 34 7 7
823 Richard Berendsen 8 152 38 25 19 14 12
824 Zhongyu Lou 7 152 38 20 19 17 17
825 Linda van de Kamp 8 152 25 23 19 14 14
826 S. Koulouzis 7 152 25 24 17 13 13
827 Lukas Otto 7 151 42 31 22 19 11
828 Ameneh Deljoo 3 150 84 52 4 3 3
829 Roy Bakker 5 150 55 43 25 8 8
830 Mark Boukes 6 150 30 29 24 20 11
831 Annemieke van Dam 8 149 36 25 21 18 14
832 Wouter M.G. Vansteelant 7 148 46 26 20 19 16
833 Ruben G. Duijnhoven 6 148 50 36 21 18 13
834 Mohamad Shohibuddin 6 147 27 25 20 16 15
836 Matthijs Westera 6 146 50 22 14 14 12
837 Giorgio Patrini 8 144 36 28 18 11 11
838 Lotte Veenstra 6 144 49 48 23 9 8
839 Niccolò Pisani 6 144 71 18 10 9 8
840 Fam te Poel 5 143 79 20 14 12 11
841 Sylvie Lesuis 5 143 88 18 15 10 7
843 Matthijs Scheltema 7 142 22 22 19 18 16
844 Danielle Van der Giessen 8 141 27 24 22 15 15
845 Peter van Dam 5 140 68 14 12 8 7
846 Eduardo Umeoka 3 140 107 24 7 1 1
847 Matthijs Engelberts 6 140 17 15 9 8 6
848 Francesco Chiaravalloti 5 139 79 20 16 8 5
849 Mark Davids 6 139 79 18 12 11 10
850 Spencer Cappallo 6 139 32 25 24 20 15
851 Reginald Cushing 6 137 25 24 21 17 13
852 Sonja Cox 7 136 28 25 19 18 12
853 Louis Ates 6 136 53 27 21 14 10
854 Miguel Rios 7 136 29 20 18 18 12
855 Alan Mark Berg 7 136 31 19 17 12 10
856 Audrey Hu 6 135 48 42 12 10 8
857 Eelco Harteveld 5 134 73 28 9 8 5
858 Mathieu Renzo 5 134 57 31 20 14 7
859 Chris de Weerd 5 134 36 36 25 25 9
860 Dr. Wishwas R. Abhyankar 5 133 44 39 20 11 11
861 Reza Mohammadi 5 133 62 18 18 11 9
862 Katya Ivanova 4 133 52 36 18 13 4
863 Catalin Ciobanu 5 132 60 11 10 9 9
864 Adrienne de Moor - van Vugt 5 131 53 14 11 9 8
865 Eefje Steenvoorden 7 131 31 13 13 12 9
866 Peter Hoffenaar 5 131 41 33 21 14 7
867 Diederik L. H. Koelman 3 131 82 26 19 2 1
869 Assimakis Tseronis 6 130 44 15 13 12 6
871 Guus Regts 6 129 25 23 9 9 7
872 Jana Krause 5 129 38 38 16 15 7
873 Jan Teurlings 7 128 30 21 19 17 10
874 Ine Beyens 4 128 53 29 15 12 4
877 Nicholas Chesnaye 6 126 43 19 13 13 13
878 Mingmin Shen 6 126 46 21 14 9 8
879 Gijs Molenaar 6 126 36 32 24 11 9
880 Rowan Arundel 5 126 56 33 16 9 8
881 Rianne van den Berg 5 126 38 38 23 16 5
882 Joyce Neys 4 125 62 33 20 7 3
884 F.J.R. Hermans 4 125 88 14 4 4 4
885 Javier Garcia-Bernardo 5 124 26 25 24 12 10
886 Suzanne Aalberse 7 124 22 16 14 11 9
887 Fleur L. Bouwer 5 124 56 32 15 9 7
888 Jolien Francken 6 123 55 24 12 11 8
890 Jill Hilditch 6 122 46 18 12 10 8
893 Martijn van den Hurk 7 118 30 16 15 12 8
895 Sherianne Kramer 7 118 28 24 15 11 9
896 Dona Cherian 5 117 39 33 25 8 5
897 Pytrik Schafraad 7 116 18 16 16 13 13
898 Katerina Rozakou 4 116 56 28 14 4 4
899 Iacer Calixto 6 115 24 16 13 11 10
900 Sezer Karaoglu 7 114 30 16 14 13 12
901 Hosein Azarbonyad 6 114 18 14 14 11 10
902 Jian Fu 6 114 20 17 14 13 12
905 Christian Majenz 5 112 65 17 10 8 6
906 Jesper Jelle Rözer 4 112 81 10 10 5 3
907 Denise van Deursen 5 111 34 27 27 9 7
908 Luisa Steur 6 111 36 14 13 12 10
910 Stefan F. Bernritter 5 109 33 32 15 10 5
911 Marija Bartl 4 108 31 27 24 4 4
912 Bart Cortjens 6 108 42 23 16 9 6
913 Esther Witteveen 6 107 17 16 16 14 13
914 Isidoor Bergfeld 4 107 65 28 5 4 3
915 Alexandre Cremers 6 106 28 16 15 13 10
916 Lampros Mountrakis 5 105 34 24 13 11 8
917 Nanne van Noord 5 105 28 20 19 16 11
918 Jaron Harambam, PhD 4 104 36 34 25 4 3
920 Mike Medeiros 5 101 58 17 8 6 5
921 Gorka Fraga Gonzalez 5 101 33 18 17 16 7
922 Vittoria G. Scalera 7 100 17 17 13 9 9
923 Seyyed Hadi Hashemi 6 99 26 15 10 10 8
926 James Elsey 6 97 24 17 17 14 12
927 Sruti Bala 5 96 30 23 9 6 5
930 Tina Harris 4 95 36 21 17 6 3
931 Ton Nijhuis 5 95 15 11 8 8 6
934 A.F.Salomons 5 94 16 7 6 6 6
935 erella grassiani 5 94 26 20 16 7 5
936 Rebeca Ibanez Martin 5 94 43 15 13 9 7
937 Nils Köbis 4 94 43 24 12 9 2
938 Jeroen B. van der Steen 6 93 29 15 14 11 10
939 Jonas M. B. Haslbeck 5 93 28 21 18 7 6
940 Sophie Berrebi 4 93 30 20 13 7 3
941 Anne Marije M Kaag 6 92 17 16 13 13 12
942 Joyce Weeland 7 92 33 11 9 9 8
943 Koen Prange 5 92 40 13 12 9 9
944 Cosmin Dumitru 5 91 36 24 7 6 5
945 Ke Tran 5 90 31 21 13 8 7
946 Joen Hermans 5 89 24 15 13 13 12
947 Tim J. Boonen 6 88 13 12 11 8 6
948 Sophia G. de Vries 4 87 50 13 10 5 4
949 Corrie Jacobien Carstens 5 86 32 13 10 8 6
950 Josephine van Zeben 5 86 17 13 12 8 6
951 Jay Pandey 6 86 17 13 13 11 9
953 Lisa Vandeberg 6 83 22 13 11 10 9
954 Mieke H.J. Schulte 4 83 50 8 8 6 3
956 Ewelina Węglarz-Tomczak 5 82 33 16 11 9 5
957 Francesco Nicoli 5 82 35 14 5 5 5
958 Rachel Hardiman 4 81 31 27 12 4 3
959 Renan Sales Barros 4 81 40 21 7 7 2
960 Wouter Gude 6 81 23 12 8 6 6
961 Sijeong Lim 4 81 26 22 18 11 2
963 Tanit L Gabriel 5 80 35 22 9 7 6
964 Alex Gekker 6 80 17 15 14 8 8
965 Hao Zhu 5 79 36 18 8 6 5
966 Babak Rezvani 7 79 12 11 11 8 8
967 Jasper Blom 5 78 33 10 7 6 6
968 Shuai Liao 5 78 29 11 10 9 5
969 Seyed Ali Hosseini 5 78 17 15 14 8 7
970 Tomislav Suhina 4 77 33 22 9 8 2
971 Ridho Reinanda 4 77 21 14 10 9 4
974 Somayeh Koohborfardhaghighi 6 77 17 11 10 6 6
975 Panayiotis (Panikos) Georgallis 5 77 18 14 12 11 9
976 Matthew Weaver 5 76 19 16 12 9 6
978 Marius Mermet-Guyennet 5 76 18 17 15 14 11
979 Pascal van Alphen 5 76 35 13 10 8 6
980 Alyt Damstra 4 76 40 11 7 5 4
981 Camiel R. Verschoor 4 75 34 8 8 5 4
982 Robbie Rens 5 75 45 10 9 6 5
983 Milica Nikolic 5 75 43 9 7 6 6
984 Jan-Willem van Leussen 4 74 32 25 8 4 3
987 Alex Barco 4 73 22 14 9 7 4
988 Tania Salerno 5 73 29 16 7 7 7
989 Martin Brandenbourger 4 73 30 16 8 5 3
991 Thomas Jaarsma 5 72 28 18 11 8 6
992 Martha Lewis 4 72 22 21 10 7 3
993 Anirban Sinha 4 72 29 21 11 8 2
994 Joasia Luzak 5 71 12 10 7 6 6
996 Que Chen 6 71 14 14 10 8 7
1000 Wanhai Qin 5 68 14 13 11 8 5
1002 Jelke Bloem 5 67 17 14 9 7 5
1004 Henri de cagny 5 66 25 19 8 8 5
1005 Suzanne Adema 4 65 19 14 11 5 3
1006 Karolina Krzyżanowska 4 64 22 20 7 5 3
1007 Andreas C. Goldberg 5 63 16 12 11 10 6
1010 Samuël Kruizinga 4 62 25 7 6 6 4
1011 Joost Agelink van Rentergem 4 62 23 10 9 4 4
1014 Yuval Engel 3 60 37 17 3 2 1
1015 Anouk Spruit 4 60 20 19 6 6 4
1017 Bart Stellinga 4 59 18 16 12 5 4
1018 Laura Jacobs 5 59 16 14 7 5 5
1019 Kobe De Keere 5 58 14 14 7 6 5
1020 Arjen Zegwaard, PhD, MSc 3 57 39 11 5 1 1
1021 Ben Rodenhäuser 6 56 11 9 8 7 6
1022 Antonie Koetsier 4 56 28 9 9 5 3
1024 Peng Jin 3 56 20 15 12 3 3
1025 Gertrude Nsorma Nyaaba 5 56 14 12 9 8 7
1026 Josien de Klerk 4 55 14 12 10 9 4
1027 Mahdieh Shadi 5 55 13 10 7 7 6
1028 Harrie Oosterhuis 4 55 22 14 7 4 3
1029 Michael Hameleers 4 55 31 9 4 4 3
1030 Shane Steinert-Threlkeld 4 54 11 7 6 5 4
1032 Rogier Bartels 3 54 22 16 4 4 2
1035 Peter Hawke 4 53 18 8 6 4 4
1038 Roosmaryn Pilgram 5 51 14 13 9 7 6
1043 Thijs van Ommen 4 48 34 5 4 4 1
1045 Roderik Rekker 4 48 18 13 9 4 2
1048 Omri Har-Shemesh 4 46 23 8 5 4 3
1049 Chiel Kooijman 4 46 16 8 7 5 4
1050 Beste İşleyen 4 46 22 6 5 4 3
1055 Diliara Valeeva 4 44 10 9 7 4 4
1057 Alex Olieman 3 43 14 7 5 3 3
1058 Sandra Jacobs 4 43 15 8 7 7 3
1060 Gjorgji Strezoski 4 43 11 9 5 4 4
1061 Danilo Lewanski 4 42 13 10 5 4 4
1065 Myrte S. Hoekstra 3 40 18 9 8 2 1
1070 Hugo Meyer 4 38 8 5 5 4 4
1073 Huan Zhou 4 38 11 7 5 4 3
1074 Christopher Lazda 3 38 11 10 10 2 2
1076 Michele Piazzai 3 37 20 13 3 1 0
1077 Roy B.L. Sijbom 3 37 17 12 5 2 1
1078 NFJ Hilgersom 3 37 26 4 4 2 1
1081 Dr. Hege Elisabeth Kjos 3 35 26 4 4 1 0
1084 Robert Allen Cloutier 3 34 12 7 6 2 2
1086 Dávid Kopányi 2 34 28 3 1 1 1
1088 Jacob Turner 3 33 13 8 6 3 1
1090 Gleb Polevoy 4 32 8 7 5 4 3
1091 E.A. Huppes-Cluysenaer 4 32 6 5 5 4 3
1094 Anna Nikolaeva 3 32 16 8 3 3 2
1095 Marco Fabbri 3 31 14 11 3 2 1
1096 Francesca Pilo' 3 31 12 9 5 3 1
1097 Tycho Dekkers 3 31 23 4 4 0 0
1100 Merel Witteloostuijn 3 31 8 8 3 3 3
1101 Abolghasem Hedayatkhah 2 30 20 9 1 0 0
1104 Yang Hu 4 30 11 7 5 4 2
1105 Emiel Martens 3 30 11 8 5 2 2
1107 Karen Muñoz-Cárdenas 3 29 13 8 4 3 1
1108 Anniek De Ruijter 3 29 8 8 6 4 3
1111 Marlies van der Wees 3 27 11 6 5 2 2
1115 Zsófia Koma 3 27 8 7 4 3 2
1127 Julian Gruin 3 25 13 6 5 1 0
1128 Jakob van den Eijnden 3 25 8 7 4 2 2
1130 Yannis Tzaninis 3 24 8 6 6 2 1
1134 Seiki Tanaka 3 24 11 3 3 2 2
1135 ioana vrabiescu 4 24 7 5 4 4 2
1136 Mykola Makhortykh 3 24 6 5 4 3 2
1137 Patrick M. de Kok 3 23 8 6 4 2 1
1139 Peyman Jafari 3 22 8 7 4 3 0
1147 Wahideh Achbari 3 19 9 4 3 2 1
1156 Rebeca Fernández Rodríguez 2 17 4 3 2 2 2
1170 Geraldo Vidigal 3 15 5 5 3 2 0
1172 Frank Benneker 3 14 5 3 3 2 1
1176 Paul Doedens 2 14 11 2 1 0 0
1179 Imme Lammertink 2 14 10 2 1 1 0
1188 Etienne Jambon-Puillet 3 13 7 3 3 0 0
1191 annemarie e. (marieke) oderkerk 1 12 10 1 1 0 0
1193 Dirk Wolthekker 2 12 8 2 1 1 0
1201 Riccardo Pinosio 2 11 7 2 1 1 0
1203 Caitlin Meyer 1 11 9 1 1 0 0
1206 Marjet Brolsma 2 11 4 2 1 1 1
1207 Annisa Triyanti 2 11 3 3 2 2 1
1215 Fotarisman Zaluchu 2 10 7 2 1 0 0
1221 Konrad A. Antczak 2 8 3 2 2 1 0
1222 Aaron Kamm 2 8 6 2 0 0 0
1261 Joko Mulyanto 1 4 3 1 0 0 0
1278 Anika Altaf 1 2 1 1 0 0 0
