1 A.M. Clark 173 185262 18855 16192 15656 4711 3372
2 Roger Moore 163 139420 17248 3372 3349 2741 2667
3 d w schindler 166 134765 9152 7743 5785 3199 3083
4 Douglas M Gingrich 135 109654 18016 4309 4299 3910 3770
5 David Wishart 93 53239 2190 2138 2130 2103 1946
6 Kerry S. Courneya 108 42657 1578 1006 937 904 799
7 Philip F Halloran 86 37772 3218 1722 1476 1375 1284
8 Gary Lopaschuk 96 36060 1479 1266 1237 1180 1051
9 Randall Morck 59 35434 9495 2617 2559 1639 1266
10 Brian Rowe 91 34066 2139 2084 1354 937 580
11 Theresa M Allen 87 33305 3722 1852 1768 1469 1461
12 Arya M Sharma 89 32843 2784 1093 978 815 778
13 John Mackey 88 32850 1585 1249 1101 996 937
14 C.R. (Bob) Hinings 62 32620 3577 3577 2833 2590 2070
15 Richard N Fedorak 74 29109 1977 1464 975 915 913
16 Royston Greenwood 57 28168 3577 2833 1993 1804 1372
17 Lorne Babiuk 81 27710 488 368 302 264 261
18 Jörg Sander 41 26872 12729 3733 3214 1169 630
19 Jan willem cohen tervaert 79 25465 1297 1073 734 697 691
20 Mark S. Boyce 78 24113 1633 1290 991 817 763
21 Darren Grant 68 23914 4063 2743 1200 936 863
22 Gane Ka-Shu Wong 50 23602 3896 3360 2080 1651 1091
23 Dennis E Vance 82 22625 913 709 516 416 364
24 Jeffrey A. Johnson 74 22354 1478 1147 1008 949 761
25 Lonnie Zwaigenbaum 68 21467 1563 1547 1340 1318 834
26 Marek Michalak 75 20791 985 872 762 555 510
27 Dmitri Pogosyan 51 20799 3357 3034 2192 1219 772
28 Kim Solez 53 20686 3218 1722 1476 1123 1106
29 Mike Flannigan 67 18239 1714 768 767 739 703
30 Wayne Martin 63 18045 1467 1277 1102 850 599
31 Curtis Strobeck 56 17588 2066 1958 1094 648 647
32 Stan Boutin 71 17559 854 638 412 408 341
33 Michael Lounsbury 43 17265 1969 1867 1694 1364 1073
34 Raymond Lai 68 17012 1333 1152 475 378 361
35 Christian Beaulieu 50 16741 3538 1266 934 758 614
36 E.D. Michelakis 67 16607 1266 674 589 542 478
37 Karthik Shankar 41 16552 2397 2109 1289 1082 942
38 Russ Greiner 50 16516 1768 1767 1372 1150 835
39 Michael Mengel 62 16348 1722 1106 725 717 688
40 Péter Sólymos 19 16290 14484 14055 795 82 72
41 Wiktor Adamowicz 54 16225 1785 1580 923 834 651
42 Don Page 60 15984 1720 974 864 862 686
43 Clayton V Deutsch 43 15604 7616 1166 353 290 282
44 Robert E. Campbell 40 15590 3870 2483 1951 961 938
45 Zhenghe Xu 58 15550 1487 548 433 392 353
46 David N Brindley 70 15481 862 315 298 297 290
47 John Gamon 52 15392 1977 1386 851 765 726
48 Kenny Wong 55 15290 2017 1460 770 542 333
49 Mark V. H. Wilson 36 15054 10827 336 287 150 140
50 Mark Lewis 61 15045 1244 663 662 625 539
51 R F Egerton 45 14956 5315 1203 788 602 475
52 Richard Schulz 57 14755 2137 691 528 471 452
53 Glen Baker 62 14755 420 389 334 320 245
54 Chintha Tellambura 66 14709 462 456 337 284 261
55 Michael Brett 61 14606 1022 643 640 546 389
56 D.G. Pearson 61 14595 497 397 389 375 359
57 Craig Knox 23 14409 1859 1768 1767 1694 1480
58 Liang Li 61 14082 1767 1372 308 267 261
59 Juan G Abraldes 65 13989 775 516 470 390 370
60 Janis Miyasaki 42 13860 1712 1467 971 626 581
61 Michael Hendzel 61 13156 1626 943 678 409 334
62 S George Pemberton 60 13028 844 617 540 468 259
63 X. Chris Le 63 13032 432 340 313 252 244
64 Carole A. Estabrooks 59 12793 745 627 546 460 355
65 Martin Sharp 65 12582 637 380 343 334 256
66 Raj Padwal 53 12587 1147 830 823 737 652
67 Catherine Field 59 12489 779 475 446 438 390
68 Nicholas Ashbolt 56 12225 709 659 504 423 415
69 Arturo Sanchez-Azofeifa 56 12197 1721 661 510 435 369
70 Linda M. Pilarski 60 12068 734 694 520 361 332
71 Jillian Buriak 53 12042 1773 1079 470 396 393
72 Biao Huang 53 11711 890 563 296 246 224
73 Kim Noels 39 11470 1485 1321 1046 758 681
74 Robert A Creaser 57 11390 657 635 613 266 257
75 Karen Madsen 54 11372 1079 842 722 398 351
76 Andrew E. Derocher 59 11260 1042 899 475 267 263
77 William Shotyk 58 11253 724 417 305 300 281
78 Wilsun Xu 61 11250 503 330 302 278 235
79 Osmar Zaiane 54 11131 720 440 427 400 353
80 Banu Sis 49 11114 1722 1106 725 717 688
81 Tracey Derwing 46 10947 1272 826 799 589 546
82 James R Smiley 43 10924 5552 276 269 237 226
83 Richard Camicioli 51 10892 1712 485 424 335 310
84 Michael Gänzle 59 10872 288 276 232 204 204
85 Jonathan Schaeffer 54 10824 442 416 393 366 302
86 Jack Tuszyński 48 10664 1039 447 217 217 181
87 John C Spence 49 10569 1066 877 580 393 334
88 Rich Palmer 46 10477 2066 1094 579 518 383
89 K Muehlenbachs 59 10361 352 329 282 261 244
90 Csaba Szepesvari 45 10283 2052 630 536 330 294
91 Miodrag Belosevic 52 10198 424 396 394 328 264
92 Kurt Konhauser 55 10198 534 493 400 378 321
93 Valeri Frolov 51 10168 963 333 330 300 264
94 Greta G. Cummings 50 10122 684 627 436 411 322
95 David Coltman 53 9961 699 648 327 298 293
96 Alexander Wolfe 51 9953 1168 736 563 342 315
97 Yunwei (Ryan) Li 46 9944 924 742 628 342 324
98 Rik Tykwinski 53 9923 459 428 320 310 274
99 Joel Weiner 55 9879 490 396 311 279 167
100 Paul Stothard 36 9874 1859 1767 847 697 421
101 Uwe Hacke 47 9810 1027 946 654 543 463
102 Prasamsa singh 40 9819 295 191 152 125 100
103 Nelson Lee 47 9690 2067 378 308 272 260
104 Andrew Lawrence Mason 46 9471 806 506 412 336 286
105 Robert Holte 40 9298 1988 1069 623 443 396
106 Roman Eisner 19 9250 1768 1767 1480 1372 835
107 Andrew D Shaw 50 9245 842 512 451 316 249
108 Murray Gray 53 9174 344 201 200 199 163
109 Nancy L. Galambos 45 9017 1032 718 704 667 507
110 Jens Walter 44 9010 757 748 667 397 394
111 David Deephouse 22 9000 1652 1494 1131 1101 1001
112 Heather Kanuka 27 8977 2997 1544 847 485 328
113 Jun Ren 28 9052 4918 1553 174 151 138
114 Peter C. Boxall 38 8939 1580 923 834 651 264
115 Robert J Fisher 24 8895 1769 1613 1224 687 520
116 Brian Jones 52 8825 402 209 183 164 140
117 Rong-Cai Yang 30 8824 5412 488 193 171 170
118 Robert Wolkow 44 8658 798 693 637 411 355
119 Rob Shields 33 8580 2818 763 746 485 398
120 Ian Adatia 45 8501 1893 399 299 265 216
121 Victor J Lieffers 53 8397 325 273 219 198 181
122 John Spence 48 8387 486 464 277 223 219
123 Afsaneh Lavasanifar 48 8367 921 800 321 277 218
124 Sunita Ghosh 44 8170 575 253 249 165 164
125 Holger Wille 41 8082 1211 601 601 460 448
126 Fakhreddin Jamali 48 7994 481 212 209 187 152
127 Octavian Catuneanu 43 7959 1371 871 513 363 363
128 Ambikaipakan  Senthilselvan 43 7956 1921 243 160 146 138
129 Hasan Uludag 49 7930 671 263 261 250 208
130 Douglas G Ivey 43 7825 1487 415 217 189 150
131 David Hik 40 7821 773 558 466 438 399
132 Klaus Ballanyi 44 7765 1765 477 320 297 232
133 K Butcher 44 7673 856 856 684 307 290
134 Timothy Caulfield 43 7651 762 291 284 257 247
135 Fakhreddin Jamali 48 7628 481 212 209 187 152
136 Erik Rosolowsky 46 7584 444 350 322 313 266
137 Boris Gala-Lopez 38 7484 701 381 336 244 161
138 Kevin Haggerty 28 7416 1931 1723 489 450 311
139 Roseline Godbout 38 7388 2255 536 337 292 261
140 Larry Fliegel 50 7386 430 246 236 217 185
141 Nick Holt 47 7345 779 358 305 257 256
142 Johanne Paradis 39 7244 967 671 641 351 340
143 Michael Zaugg 42 7214 537 436 348 321 291
144 Dale Schuurmans 45 7147 542 426 324 259 203
145 Donald P Schopflocher 43 7090 525 281 239 218 200
146 Rupasri Mandal 27 7087 1768 1372 890 835 515
147 Felix Sperling 45 7045 639 323 289 287 221
148 Craig Heinke 45 7030 304 278 241 240 186
149 Karim Fouad 45 6960 521 366 341 273 255
150 David J. Bennett 45 6883 482 276 253 241 230
151 Charles FB Holmes 43 6762 1503 439 235 230 200
152 Hyun-Joong Chung 28 6767 2062 965 757 496 400
153 Raimar Löbenberg 32 6697 834 757 603 377 338
154 Mauricio D Sacchi 39 6675 410 324 311 285 243
155 Michael Overduin 39 6547 730 684 477 349 283
156 Patrick E. MacDonald 37 6540 2057 373 286 277 225
157 Simaan Abourizk 46 6475 338 199 193 187 171
158 Ian Mann 43 6474 394 375 241 224 205
159 Martyn Unsworth 36 6385 1087 417 378 348 240
160 Peter Senior 33 6390 1669 620 501 379 310
161 Joel Dacks 41 6375 709 407 306 243 234
162 Eleni Stroulia 41 6322 451 426 199 175 173
163 Ibolja Cernak 43 6289 401 367 356 343 216
164 Colleen Norris 39 6236 652 492 397 375 217
165 Richard A. Stern 43 6209 350 324 284 247 217
166 Duane Froese 39 6206 1005 593 412 370 215
167 Duane Szafron 43 6203 393 385 283 276 202
168 Catherine Chan 36 6187 971 403 394 351 286
169 Alois Haromy 25 6132 1266 542 468 454 395
170 Ian R Gellatly 22 6095 1697 1141 661 412 315
171 Joseph R Casey 42 6090 914 322 228 185 173
172 Rozmus, Wojciech 42 6049 284 212 175 166 162
173 Scott E. Nielsen 30 6050 1633 553 487 345 210
174 Jeremy Richards 41 6037 599 487 397 273 231
175 Dean T Eurich 37 6032 1147 417 413 276 240
176 Mohamed Gamal El-Din 42 6029 666 216 209 194 178
177 Murray Gingras 45 6009 211 201 166 165 152
178 Scott X. Chang 42 6014 184 138 119 114 111
179 Jaynie Yang 40 5987 514 387 331 294 244
180 Greg G Goss 46 5878 703 181 165 127 125
181 Cameron Wild 40 5872 280 250 198 191 182
182 Jeff Schimel 29 5813 1262 426 411 379 291
183 Judd Aiken 43 5778 317 296 258 196 188
184 Geoff Ball 33 5708 891 756 308 269 252
185 Yindi Jing 28 5679 1130 984 718 424 367
186 Marcia Spetch 41 5658 272 229 184 158 151
187 Liam Rourke 20 5623 1403 982 822 397 328
188 Hongbo Zeng 38 5593 422 311 265 244 172
189 Mark Freeman 41 5579 385 381 270 236 216
190 Serdar Dursun 40 5544 247 245 200 196 189
191 S. Ellen Macdonald 40 5529 995 158 157 135 132
192 P Devereaux Jennings 23 5499 1163 809 809 712 503
193 Yasser A.-R. I. Mohamed 43 5507 862 211 201 186 171
194 Mark J. Gierl 38 5460 395 371 359 352 181
195 J.D. Wilson 39 5449 412 351 252 219 210
196 Lynne Sigler 40 5401 695 272 170 155 140
197 Michael Y Li 32 5328 531 496 445 309 266
198 Brent M. Swallow 36 5341 325 307 270 263 199
199 William Tonn 35 5304 598 405 344 231 222
200 Gerald Häubl 30 5267 1789 394 362 311 256
201 Robert Ferrari 35 5270 1199 188 171 167 147
202 Jeffrey Bisanz 38 5245 461 389 359 291 282
203 J Veinot 40 5234 295 280 181 178 158
204 Tayfun Babadagli 37 5190 137 112 108 93 80
205 Robert Lambert 40 5137 304 220 202 182 178
206 Randall Weselake 39 5136 374 239 235 162 146
207 Alexander Penin 36 5092 675 348 231 178 173
208 Robert C. Welsh 39 5094 528 359 244 140 138
209 Andrew S Mackie 33 5086 1212 429 285 188 153
210 Yoshitaka Iwasaki 35 5073 556 450 415 242 160
211 Tatsuya Kin 36 5068 970 222 160 156 123
212 Tatsuya KIN 36 5065 970 222 160 156 123
213 John Reyes Ussher 26 5032 1237 1051 481 239 212
214 James (JC) Cahill 35 5027 926 225 223 162 157
215 Carla Prado 30 4999 977 578 472 321 292
216 Scot H. Simpson 32 4964 1147 437 331 251 240
217 Richard B Thompson 34 4939 1266 539 164 162 119
218 Yannick Djoumbou Feunang 12 4937 1768 1480 1091 126 86
219 Jianping Wu 42 4937 371 323 295 180 115
220 Hai Jiang 36 4890 456 321 303 263 177
221 Frank Hegmann 40 4882 310 270 260 178 161
222 Lauren Beaupre 36 4880 980 301 231 217 165
223 Venkata Dinavahi 39 4849 666 221 194 189 171
224 Hong Zhang 35 4779 403 191 148 147 129
225 Zhiquan Wang (ORCID: 0000-0002-5813-5368) 31 4785 847 388 363 199 181
226 Yee Hong Yang 37 4731 680 270 205 171 168
227 Masahito Oba 38 4724 521 300 185 173 153
228 Karen J Goodman 34 4705 380 335 319 298 267
229 Yan Boucher 31 4662 517 448 417 273 273
230 J.D. Jobson 15 4630 1840 1830 1827 1821 1820
231 Valerie Carson 35 4622 489 334 207 200 192
232 Zhi Li 30 4622 597 487 430 388 299
233 Elaine Leslie 27 4595 1269 406 263 257 234
234 Sally Leys 37 4588 717 583 162 151 119
235 David Eisenstat 29 4577 1366 499 280 257 147
236 Carsten B. Krauss 31 4579 439 384 365 352 330
237 Michael A Walter 38 4565 435 320 306 166 166
238 Alidad Amirfazli 37 4571 302 292 257 228 187
239 Adam Finn 29 4556 531 378 331 283 223
240 Dick Sobsey 27 4541 799 525 412 399 369
241 Monica Li 32 4540 277 266 234 216 205
242 Thomas Chacko 35 4506 447 352 340 333 246
243 Thomas Stachel 40 4505 305 194 175 159 145
244 Derek Sayer 23 4507 1840 468 342 263 223
245 Dion Brocks 37 4485 281 225 212 170 153
246 Andreas Hamann 36 4463 501 431 365 336 176
247 Horacio J Marquez 36 4458 504 233 165 151 139
248 Walter Bischof 35 4459 303 194 176 174 159
249 Trish Reay 28 4436 1031 537 371 323 282
250 Lisa Tjosvold 30 4418 544 420 334 326 259
251 Bin Han 35 4412 726 245 215 147 141
252 Keumhee Chough Carriere 32 4379 1144 551 165 94 86
253 Benoit Rivard 35 4377 369 232 192 178 168
254 Lynne Postovit 32 4366 556 432 405 270 133
255 Heather Proctor 28 4365 694 450 267 168 156
256 Harvey Krahn 34 4368 507 281 269 214 158
257 Xuehua Zhang 33 4381 348 308 263 229 213
259 Massimo Boninsegni 37 4356 245 224 221 220 203
260 Bryan F Mitchell 36 4354 379 334 256 208 183
261 Paige Lacy 34 4347 662 404 204 145 144
262 Frank Marsiglio 34 4308 261 211 196 139 135
263 Stephane Evoy 33 4309 387 274 256 237 204
264 Takahiko Masuda 20 4304 1202 655 476 397 395
265 Stefan Pukatzki 25 4309 813 489 426 404 270
266 Erin Bayne 36 4305 295 252 223 194 138
267 B Gino Fallone 31 4240 259 212 124 122 120
268 Michael Bullard 35 4244 307 256 249 233 226
269 Jie Chen 31 4236 759 300 280 237 153
270 F. G. West 39 4183 131 124 115 99 90
271 Gillian Stevens 26 4140 828 632 532 235 211
272 Suzanne Kresta 29 4122 1110 233 204 198 191
273 Jens Roland 35 4101 429 283 276 236 222
274 Natasha Ivanova 32 4066 552 383 272 244 184
275 Mrinal Mandal 31 4034 265 245 235 232 221
276 TY Gan 30 3989 460 278 270 250 217
277 Anup Basu 32 3963 526 168 151 136 135
278 Chris Westbury 26 3926 521 478 337 329 268
279 Kevin Devito 34 3912 362 217 215 207 156
280 Xihua Wang 19 3877 1001 729 310 274 250
281 Sandra Wiebe 25 3880 1200 566 377 156 141
282 Ravin Narain 39 3844 228 144 117 98 93
283 Lisa Stein 35 3834 262 212 182 178 171
284 Yunjie Xu 35 3835 200 141 117 112 96
285 Thomas Simmen 28 3826 340 261 254 240 239
286 Changxi Li 25 3818 847 388 199 198 174
287 Sambasivarao Damaraju or Damaraju Sambasivarao 27 3795 1249 250 222 166 151
288 Ben Willing 25 3784 626 407 373 352 324
289 Jonathan J Dennis 25 3729 1054 517 264 148 143
290 Douglas R. Schmitt 32 3710 455 204 108 94 92
291 Rachel Wevrick 31 3696 300 260 258 230 217
292 Dr. Linda Hall 31 3700 385 186 185 149 146
293 Stephen Strelkov 34 3695 191 133 130 104 103
294 Richard Coulden 30 3670 627 361 234 210 185
295 Randy Goebel 27 3662 732 453 131 111 109
296 Debbie McKenzie 31 3638 296 258 196 188 144
297 John R. Reddon 33 3624 374 180 164 153 147
298 Guohui Lin 31 3602 315 252 225 187 141
299 douglas r wylie 34 3585 207 179 133 132 129
300 Thomas K Flesch 33 3549 351 252 252 173 147
301 Bradley Kerr 23 3544 789 417 331 320 217
302 Marek Reformat 27 3511 1051 382 285 116 111
303 Colleen Cassady St Clair 33 3459 350 261 162 151 150
304 dean spaner 32 3436 388 263 205 128 105
305 Jason Carey 32 3383 276 188 134 131 129
306 Rene Jacobs 31 3358 281 230 209 202 184
307 Gregory R. Sivakoff 32 3345 253 159 154 116 116
308 Judy Belsheim/Judy Gnarpe 33 3332 194 156 145 141 135
309 V. Van 26 3323 461 373 248 248 179
310 Xuehai Tan 20 3331 487 430 388 299 260
311 Rolf Vinebrooke 29 3323 434 199 199 135 129
312 Martin Müller 27 3300 442 416 245 193 166
313 Michael Caldwell 34 3312 182 166 134 111 80
314 Michael Woodside 23 3297 475 349 314 307 292
315 Kenneth Cadien 30 3288 315 279 130 128 123
316 Matthew Macauley 28 3287 428 334 254 228 177
317 Kate Kerber 24 3296 619 354 306 214 188
318 Qingxia Chad Liu 28 3278 270 265 145 139 122
319 Consolato Sergi 28 3249 210 112 100 92 90
320 Richard Sydora 28 3243 929 236 123 74 69
321 Alinda Friedman 27 3240 845 423 169 143 134
322 Camilla L. Nesbø 28 3230 417 254 208 187 186
323 Paul Lu 23 3224 416 385 276 202 190
324 D. Ian Paterson 26 3201 1249 302 119 90 82
325 Marty Luckert 26 3169 304 240 201 155 102
326 Jacek Majorowicz 29 3135 184 117 90 73 72
327 Witold A. Krzymien 27 3128 156 121 116 102 97
328 Mirko van der Baan 29 3126 264 181 147 145 132
329 Ordan Lehmann 31 3108 359 227 177 139 132
330 Susan Armijo-Olivo 27 3104 557 436 343 175 145
331 Peter M. Hwang 21 3098 413 340 328 270 244
332 Pavel Kitov 29 3096 910 369 159 126 108
333 Brian C Olsen 14 3088 597 487 430 388 301
334 Robert W. Luth 33 3068 185 171 170 130 112
335 Ashwin K. Iyer 15 3032 1624 502 228 153 69
336 Ralf Schirrmacher 31 3029 164 126 105 101 81
337 Andrew Bush 28 3020 281 214 193 189 162
338 Basil Hubbard 16 3029 749 531 410 268 194
339 Feridoun Karimi-Busheri 23 3009 559 399 253 204 155
340 Norman R. Brown 30 2991 270 173 161 148 147
341 Israel Amirav 26 2989 438 203 195 134 127
342 Anna P. Farmer, PhD,MPH,RD 21 2983 351 293 279 247 241
343 Erin Wright 31 2980 365 240 240 181 178
344 Alan Wilman 30 2974 339 260 157 137 135
345 'Thomas Jeerakathil' or 'Tom Jeerakathil' 23 2962 525 409 320 259 154
346 Brian H Buck 25 2962 579 305 172 169 159
347 Abdulhakem Y. Elezzabi 31 2939 157 120 116 110 89
348 Alvaro Osornio Vargas 30 2937 276 232 199 182 124
349 Alice O. Nakamura 24 2930 254 183 149 128 124
350 Burim Ametaj 33 2926 194 174 158 135 132
351 Jason Myatt 31 2910 307 132 115 109 106
352 Peter L. Hurd 30 2907 386 163 130 126 108
353 Barry A Finegan 33 2905 169 152 128 111 101
354 Karim Jamal 29 2905 220 205 165 150 132
355 Clayton T Dickson 27 2901 314 202 178 141 139
356 Trent Bjorndahl 14 2908 1768 515 135 99 88
357 Kristi Baker 32 2891 268 179 153 149 126
358 Grzegorz Kondrak 29 2889 253 210 179 153 136
359 Gerda de Vries 25 2881 372 232 221 221 191
360 Toshifumi Yokota 25 2837 422 383 350 124 123
361 Vadim Kravchinsky 27 2823 295 288 181 167 163
362 Kassa Semagn Fentaye (PhD) 28 2815 530 227 206 132 122
363 David R. Marples 20 2793 1110 174 132 125 111
364 Todd McMullen 26 2771 361 337 321 218 122
365 Petr Musilek 20 2761 1051 327 116 111 72
366 Yang Liu 28 2722 278 216 183 127 112
367 Mahdi Tavakoli 26 2724 139 127 117 110 109
368 Christopher W Cairo 24 2688 665 356 131 130 95
369 Armann Ingolfsson 23 2687 452 278 195 183 172
370 Sylvie Quideau 31 2681 219 129 121 103 96
371 Robert Korkie 16 2679 742 565 311 282 282
372 Darren H. Freed 28 2666 172 170 158 129 127
373 Joseph Maciejko 23 2652 661 213 206 184 184
374 Jinfeng Liu 25 2652 408 215 206 156 140
375 Derek Emery 32 2647 215 149 143 135 132
376 Frances Plane 23 2638 497 223 222 204 140
377 Kelvin Jones 25 2628 445 425 240 195 109
378 Qing Zhao 25 2603 391 140 138 137 83
379 Gordon J. Walker 29 2592 187 135 124 119 117
380 Abram Hindle 29 2602 305 153 94 93 93
381 Jacqueline P Leighton 24 2580 359 352 164 156 92
382 Robert Rankin 29 2579 120 109 108 69 65
383 Gopinath Sutendra 20 2554 542 309 162 145 141
384 Andrew Greenshaw 26 2550 155 129 115 113 65
385 Georg Schmolzer 25 2553 210 210 142 116 101
386 Jeffrey A. Bakal 24 2538 244 183 163 141 137
387 Andrzej Weber 26 2544 259 230 174 121 90
388 Nadr Jomha 28 2523 267 180 162 160 138
389 Bruce R Sutherland 27 2519 316 202 177 99 73
390 Nat Kav 29 2510 135 121 119 112 112
391 R Szostak 21 2497 985 164 96 76 71
392 Y Y Tsui 27 2492 161 94 93 82 82
393 Douglas P. Gross 31 2491 134 122 115 106 85
394 Dylan T. Grandmont 19 2473 863 195 186 145 142
395 Constance Lebrun 22 2474 335 257 216 138 129
396 Eric Parent 27 2473 480 245 155 105 101
397 John Doucette 23 2441 566 192 167 162 123
398 Janet AW Elliott 29 2435 132 117 109 105 104
399 Dr. Michael Stickland 26 2421 321 159 140 109 98
400 Roger Zemp 27 2418 194 137 102 101 83
401 Brian Lanoil 22 2405 389 248 238 234 164
402 Kristof Van Assche 27 2392 137 120 103 94 81
403 Rhonda J. Rosychuk 24 2386 300 199 162 159 117
404 Constantine Karvellas 27 2381 379 315 226 80 78
405 Nadir Erbilgin 26 2384 136 134 127 125 100
406 R Todd Alexander 26 2374 388 133 130 129 122
407 ronald b moore 25 2368 237 144 128 123 99
409 Sadok El Ghoul 22 2366 933 151 147 110 84
410 Noreen Willows 26 2356 260 203 156 112 88
411 Christopher D.K. Herd 24 2347 229 223 118 117 106
412 David Bressler 26 2344 524 230 103 75 74
413 Ratmir Derda 29 2342 265 168 139 131 120
414 Alex Brown 30 2336 109 86 86 75 74
415 Jody Groenendyk 20 2324 497 228 199 140 130
416 Hongquan Zhang 23 2321 252 226 223 148 134
417 Leo Spyracopoulos 26 2308 266 216 205 122 106
418 Mohtada Sadrzadeh 29 2311 175 159 154 135 109
419 John Beamish 23 2312 321 186 168 137 112
420 Irina Dinu 21 2274 550 259 123 113 101
421 Ameeta E Singh 22 2249 607 146 133 118 81
422 M. Joanne Lemieux 19 2239 970 150 140 119 90
423 Daniel Mason 25 2242 297 258 117 93 87
424 Andrew M. MacMillan 24 2234 262 163 159 156 147
425 Nicolas Touret 23 2229 388 305 290 177 96
426 Jeremy C. Sit 23 2229 546 134 117 109 109
427 Ravi Bhargava 26 2227 244 171 141 114 105
428 Robert Driver 22 2223 326 326 189 173 130
429 Donna McLean RN BScN MN NP PhD CCN(C) 15 2225 257 251 219 218 206
430 Zhigang (Will) Tian 25 2204 195 187 150 139 130
431 gwen clarke 13 2198 687 466 398 207 69
432 Yuxiang Chen 11 2198 1694 143 143 103 55
433 Zengtao Chen 26 2190 98 85 73 62 53
434 NC Lovell 23 2189 478 179 110 110 104
435 NOBUO MAEDA 24 2176 308 259 120 117 113
436 John R Parkins 24 2156 324 152 128 120 89
437 Carl Mendoza 26 2139 276 217 125 98 95
438 Theresa Garvin 17 2139 443 287 243 181 176
439 Ming Lu 23 2130 160 122 107 101 85
440 Radovan Urban 22 2129 366 310 192 156 105
441 M Derek MacKenzie 19 2115 455 422 350 145 84
442 Long Li 15 2104 881 494 95 84 72
443 Carol Hodgson 17 2095 663 450 115 103 96
444 Jocelyn Hall 20 2057 248 226 201 168 168
445 Edmond Lou 26 2047 162 110 92 69 43
446 Karen D. Hughes 21 2047 371 269 269 249 164
447 Michael RW Dawson 23 2039 292 219 109 96 87
448 Edan Foley 19 2020 409 268 263 229 221
449 Aminah Robinson 22 2008 184 139 115 98 76
450 Robert Pauly 19 1991 360 256 168 160 157
451 Dr. Umar Qasim 25 1996 115 68 64 61 57
452 Nilanjan Ray 22 1976 254 249 165 139 88
453 Lia M Daniels 18 1979 521 250 228 147 99
454 Damian Collins 24 1962 147 140 134 132 132
455 Martin Jagersand 23 1961 226 113 113 65 50
456 Andrei Zelnikov 22 1954 140 125 117 108 102
457 Pierre Vernier 7 1952 1633 80 46 43 33
458 Tanya Berry 26 1951 163 102 96 79 73
459 Yasmeen Abu-Laban 21 1945 504 170 132 99 84
460 Vadim Bulitko 23 1928 184 131 130 86 54
461 Neil Burch 19 1917 416 283 184 145 99
462 Paul Richard Messinger 14 1912 426 409 388 175 135
463 Marianne Kulka 21 1907 336 279 251 102 88
464 Marian J. Rossiter 16 1897 302 272 220 218 164
465 Esther Fujiwara 20 1893 393 299 106 103 100
466 Weimin Mou 17 1896 415 366 336 127 80
467 Christina Gagne 20 1892 382 203 168 105 100
468 Kyle Elliott Mathewson 13 1894 585 464 206 125 118
469 Dan Sameoto 23 1876 256 218 130 99 67
470 Peter T.l. Popkowski Leszczyc 23 1863 232 217 134 109 107
471 Michael Hawkes 24 1852 135 132 105 93 91
472 Arno Siraki 19 1855 420 269 135 125 112
473 Mohammad Salavatipour 21 1840 238 184 143 140 135
474 Pierre Lemelin, Ph.D. 23 1834 192 165 163 112 99
475 Perrin H. Beatty 21 1828 277 213 201 148 128
476 Hassan Dehghanpour 23 1843 167 125 93 87 71
477 C. ronald Kube 12 1818 509 403 191 147 129
478 Davood Rafiei 14 1813 521 196 173 161 144
479 Herman S. Grutter 18 1817 259 235 145 135 130
480 EP Lozowski 21 1809 165 93 69 63 59
481 Peter Dromparis 14 1804 542 162 145 134 115
482 Haifang Huang 16 1803 401 287 210 126 112
483 Joanne Olson 17 1797 423 256 205 142 127
484 Claire Currie 20 1793 326 255 121 121 112
485 Douglas Wiens 21 1789 325 112 98 94 65
486 John Pracejus 13 1771 581 487 161 148 92
487 Elmira Memarzadeh Lotfabad 13 1770 388 353 250 195 99
488 Masoud Ardakani 23 1760 147 88 73 53 52
489 Kyle Nash 17 1742 287 214 210 150 119
490 Diana Mager PhD MSc RD 18 1741 732 69 61 56 55
491 Douglas A. Craig 25 1737 100 65 63 62 62
492 Professor Yongsheng Ma 22 1738 181 122 116 92 84
493 Colin C. Anderson 23 1728 341 128 121 96 83
494 HOON SUNWOO 21 1723 232 164 112 100 90
495 Adetola Adesida 20 1723 172 165 136 107 95
496 Maurice Ndagijimana 22 1699 157 145 141 130 102
497 Mark Loewen 21 1695 156 143 104 95 78
498 Diana Stralberg 19 1698 500 181 106 97 69
499 Valerie Sim 14 1692 855 279 85 78 62
500 Terry Elrod 16 1687 380 246 196 140 140
501 Barry Scholnick 16 1677 731 161 105 86 85
502 Mohammad Karkhaneh 13 1676 544 326 154 134 131
503 Ingo Brigandt 20 1669 173 155 111 106 96
504 Cressida J Heyes 15 1664 382 258 168 156 132
505 Jacob L. Jaremko 20 1660 311 140 71 71 54
506 James L Stafford 21 1654 240 144 133 113 94
507 Yaman Boluk, Ph.D., P.Eng. 25 1656 216 131 109 74 71
508 Manisha Witmans 19 1653 307 155 126 121 121
509 Arvind Rajendran 22 1646 295 79 77 68 63
510 Stephanie J Green 16 1642 277 169 147 142 110
511 Manijeh Pasdar 23 1643 242 235 133 97 75
512 Paul Myers 23 1636 129 124 87 86 70
513 J Nelson Amaral 19 1633 194 97 77 68 52
514 Klaus Buttenschoen 24 1630 162 136 126 124 89
515 Jason Olfert 18 1632 315 155 134 130 110
516 Toby Spribille 21 1625 182 156 133 69 64
517 Larry W Kostiuk 25 1625 197 112 108 97 71
518 Rogerio Manica 24 1620 189 182 116 90 73
519 Scott Dick 23 1620 174 139 104 86 78
520 Hélène Lemieux 20 1606 400 197 113 88 75
521 Nikolai Malykhin 22 1602 132 127 125 100 96
522 Lindsay J. LeBlanc 17 1595 220 144 143 139 130
523 Joanna MacLean 19 1592 329 218 146 104 87
524 Remant KC (रेमन्त के. सी.) 21 1591 216 117 109 108 98
525 Emily Block 7 1590 924 292 169 84 70
526 Keith Tierney 20 1584 293 195 97 86 75
527 Patrick Hanington 21 1583 396 121 98 90 88
528 Billie-Jean Martin, MD PhD FRCSC 17 1575 384 257 172 77 74
529 Amit P Bhavsar 18 1570 428 122 117 111 104
530 Marc Secanell 22 1573 188 179 105 90 82
531 Bruce F. Cockburn 20 1566 232 71 59 46 41
532 Peter Seres 22 1562 144 127 125 95 87
533 Kathryn Rankin 17 1557 320 217 198 101 97
534 Ryan B Hayward 21 1553 291 140 122 96 50
535 David Olefeldt 14 1554 675 161 152 80 72
536 Denilson Barbosa 22 1550 178 132 97 94 74
537 Michael Thomas Taschuk 23 1540 82 74 74 74 63
538 Sally Rice 18 1535 309 169 106 103 79
539 Mojgan Daneshmand 23 1537 85 76 68 64 55
540 Ammar Hassanzadeh Keshteli 22 1526 104 97 78 73 53
541 A Degeling 26 1520 152 132 132 86 67
542 Thomas Dienel 17 1514 326 303 106 104 90
543 Hao Liang 20 1514 124 118 103 100 91
544 Tian Tang 20 1505 240 116 115 107 88
545 Ellen Goddard 20 1500 119 86 79 71 45
546 Jayan Nagendran 16 1495 468 113 106 93 82
547 James Harynuk 22 1488 199 139 90 51 49
548 Bin Yan 18 1477 304 222 145 136 78
549 Nicola De Zanche 19 1472 172 170 153 138 117
550 Piyush Kumar 18 1467 322 213 128 91 78
551 Vera Caine 16 1465 613 154 145 72 46
552 Alison M Murray 20 1460 114 97 81 72 51
553 Vincent Bouchard 19 1457 245 235 202 118 83
554 Tariq Siddique 21 1449 152 138 120 119 96
555 Mark Berjanskii 19 1445 289 187 171 81 70
556 David S. Nobes 18 1439 247 123 118 56 54
557 Martin Zuidhof 23 1440 128 78 71 71 64
558 Robin D. Clugston 16 1438 291 119 116 103 102
559 John Newman 16 1428 376 230 65 62 45
560 Natalia Semagina 19 1424 174 110 96 94 94
561 Y. H. Chui 19 1423 68 58 54 54 54
562 Alireza Nouri 21 1422 105 75 69 69 61
563 Glen Hvenegaard 15 1414 207 195 149 129 113
564 Tarek El-Bialy 21 1446 126 112 89 82 64
565 Ruilong Deng 18 1412 238 167 119 114 103
566 Radha Chari 14 1397 475 171 136 64 64
567 Joseph Modayil 19 1390 242 152 106 81 80
568 C. R. (Bob) Koch 20 1377 102 73 70 69 64
569 HAMDY EL-HAKIM 23 1378 88 71 62 56 54
570 Corey Davis 20 1371 210 176 73 54 53
571 SA Khajehoddin 20 1366 158 106 81 81 80
572 Silvia Pagliardini 20 1358 143 139 121 95 94
573 Jennifer A. Graydon 17 1359 340 187 119 93 85
574 Katerina Maximova 22 1360 234 86 80 72 69
575 JJ Roger Cheng 19 1355 193 108 77 75 74
576 David Beck 19 1424 208 130 109 100 98
577 Jason Plemel 15 1352 452 312 73 69 57
578 Kyle Murray 17 1338 256 206 107 105 72
579 Samina Ali 20 1338 116 96 74 62 60
580 Stephen Tsoi 19 1328 243 112 111 92 65
581 Hao Zhang 20 1320 112 106 96 72 50
582 Michele R Richards 16 1314 339 251 158 76 73
583 Ian Winship 20 1311 229 189 108 90 79
584 Hien Quoc Huynh 21 1311 155 106 86 65 54
585 Katy Campbell 17 1307 157 153 132 93 85
586 Andrew Locock 21 1304 133 107 106 84 84
587 Dr. Shokrollah Elahi 17 1301 183 148 95 93 87
588 Nicholas Harris 20 1295 173 126 106 90 65
589 R. Todd Smith 18 1293 215 109 99 98 91
590 Barb R. Thomas 22 1294 127 104 62 59 57
591 maya bhatia 10 1296 428 415 105 99 83
592 Alex Potapov 19 1292 107 104 80 76 70
593 Jackie Whittaker 18 1297 220 177 98 87 86
594 Gavin Low 19 1295 216 150 89 66 65
595 Peichun Amy Tsai 15 1296 195 187 123 119 112
596 Bin Zheng 20 1289 200 109 94 74 65
597 Karim El-Basyouny 18 1282 190 170 112 93 57
598 Alexander E. Litvak 19 1279 202 123 88 87 79
599 Vakhtang Putkaradze 19 1275 170 155 79 67 59
600 Ali Shiri 19 1266 189 83 77 64 56
601 Siobhan A. (Sasha) Wilson 18 1265 172 118 108 81 80
602 GE Swaters 22 1264 93 78 77 54 44
603 Tim A Wollin 10 1262 226 208 191 153 131
604 Douglas Hedden 18 1258 145 120 92 92 78
605 Elizabeth Halpenny 17 1253 343 109 106 70 47
606 Candace Nykiforuk 20 1246 98 76 71 70 69
607 Esther S Kim 16 1229 363 87 67 60 59
608 Julianne Gibbs-Davis 21 1226 137 106 96 71 59
609 Jane E Yardley 16 1226 205 200 189 123 106
610 Pamela Brett-MacLean, PhD 19 1223 128 120 98 73 73
611 Deanna Santer 16 1221 252 117 117 102 100
612 Alan Lynch 20 1222 100 92 70 63 55
613 Elzbieta Mietkiewska 17 1222 178 125 88 82 78
614 Christine A Hughes 18 1217 125 101 75 74 67
615 Thomas Spalding 20 1214 131 100 77 75 68
616 Rodrigo Siloto 14 1211 327 167 162 85 60
617 Petr Nikrityuk 18 1210 95 92 78 75 74
618 Richard P Fahlman 18 1190 183 143 99 85 63
619 Stuart Landon 14 1194 406 355 59 33 31
620 Vinay Prasad 17 1186 159 123 75 61 45
621 Joel Gehman 16 1186 191 179 164 135 116
622 Arul Vadivel 20 1165 163 143 98 90 73
623 Ommoleila Molavi 16 1162 199 182 111 80 74
624 Arulmozhi Kandasamy 18 1161 263 146 110 98 66
625 Jason Matthew Harley 11 1160 588 88 70 68 46
626 kurata ht 18 1155 145 108 79 77 73
627 Thomas Creutzig 21 1154 102 54 52 50 48
628 Fariba Kolahdooz 18 1155 249 89 59 53 52
629 Justine Karst 14 1139 495 161 85 46 40
630 Andrei Fagarasanu MD PhD FRCPC 16 1130 159 150 123 120 94
631 Majid Khabbazian 17 1131 229 173 98 87 51
632 Janet Ng 11 1134 240 230 203 129 104
633 Pedram Mousavi 17 1132 111 66 57 42 39
634 Lindsey Leighton 19 1125 111 95 88 54 50
635 Lisa Strohschein 14 1127 344 145 118 115 76
636 Di Niu 15 1116 240 185 109 103 89
637 Greg Thomas 18 1113 165 98 92 67 60
638 Dangzhi Zhao 17 1115 185 110 88 76 64
639 Brian Fleck 14 1113 302 116 71 59 53
640 Veronica Smith 11 1112 326 159 138 134 86
641 Hesam Izakian 17 1099 210 122 99 88 76
642 Albert Vette 18 1098 171 90 83 63 62
643 Andrew Luchak 13 1097 315 237 138 93 64
644 Ray DeCorby 18 1092 84 72 51 51 46
645 Tara McGee 15 1088 172 135 118 85 70
646 Michael Joyce 19 1085 150 96 95 87 81
647 Emilson C. D. Silva 17 1081 152 110 84 64 50
648 Kim Adams 11 1086 688 58 47 34 33
649 Bernard Linsky 13 1067 223 128 125 103 42
650 Sheena Wilson 5 1068 1015 12 10 7 6
651 Alberto V. Reyes 19 1060 168 106 92 71 60
652 Irwindeep Sandhu 11 1063 324 315 157 76 27
653 Patrick M. Pilarski 18 1053 152 86 79 76 65
654 Catherine Cullingham 14 1043 293 210 81 54 51
655 Stevan Dubljevic 16 1041 116 99 88 82 45
656 Frances  R. Fenrich 16 1042 145 139 126 117 96
657 Margie Davenport  17 1039 161 107 82 68 63
658 Ubaka Ogbogu 13 1028 284 259 59 59 48
659 Jilu Feng 13 1027 232 168 122 79 76
660 Michelle Noga 13 1025 428 65 60 50 35
661 Erik Luber 18 1025 195 113 91 83 44
662 Daniel S. Alessi 17 1025 133 110 90 59 57
663 Hamzeh Khazaei 14 1019 314 84 65 63 58
664 Hanyong Peng 16 1013 186 109 95 79 67
665 Lars K. Hallstrom 12 1019 557 116 75 63 40
666 Susan Slaughter 17 1015 160 101 93 66 59
667 Kimberley J. Mathot 18 1008 153 107 83 63 61
668 Suzanne Tank 17 1001 259 101 72 70 53
669 John P. Davis 18 997 76 72 69 67 55
670 Andre McDonald 16 994 90 76 74 74 55
671 Kent Rondeau 17 992 110 92 73 64 60
672 Dana Cobzas 21 988 113 57 50 48 46
673 Michael George Lipsett 10 986 343 95 78 72 27
674 Seyyed Mohammad Reza Kazemi-Bajestani 18 992 125 104 95 65 65
675 Dominik Wujastyk 15 985 164 123 86 42 40
676 Maya Evenden 19 984 63 49 47 45 38
677 Xiaoli Tan 17 986 199 92 80 69 53
678 Armin Gamper 12 980 375 211 62 60 42
679 Louis Ozeke 17 979 169 83 68 66 50
680 Khaled Barakat 19 979 105 82 58 47 45
681 Sven Anders 16 971 207 62 57 51 41
682 Tony Qiu 15 972 73 53 51 46 43
683 Mustafa Gul 15 974 152 88 75 75 49
684 Jim Horley 16 971 196 133 79 50 43
685 Kumaradevan Punithakumar 17 966 174 65 62 51 46
686 Eric Woolgar 17 964 167 91 71 68 60
687 Samir H. Mushrif 15 960 310 171 70 29 25
688 YUHE HE 14 957 145 109 108 82 80
689 Sharla King 14 953 165 157 152 64 52
690 Abebaw Jemere 16 951 159 117 111 65 59
691 Moritz Heimpel 18 948 164 90 86 70 60
692 Fred Berry 17 948 110 99 85 82 71
693 Jesse Jackson 17 948 207 69 65 64 60
694 Elena Konstantinovskaya, Konstantinovskaia 15 945 144 122 84 74 47
695 Guanqun (Gavin) CHEN 17 955 161 76 74 65 63
696 Trish Chatterley 12 947 313 271 271 71 62
697 Lisa Guirguis 16 940 101 95 82 66 64
698 Donna Manca 17 939 93 66 62 46 45
699 Mayukh Banerjee 16 933 89 84 81 78 77
700 Carla L. Peck 12 1001 296 177 125 104 79
701 Richard R Schneider 14 922 217 106 92 61 60
702 Francois D Roy 14 923 281 136 82 59 46
703 Guibin Ma 18 917 118 71 62 61 47
704 Krishna Neupane 15 905 122 95 86 83 78
705 Erhan Saglamyurek 12 903 401 108 99 69 45
706 Zhehui Jin 13 897 178 116 113 70 63
707 Xiaoyu Shi 8 890 688 85 24 17 11
708 Jay Newby 17 888 291 60 43 41 41
709 Monireh Faramarzi 11 884 240 235 108 67 48
710 Michael Kolber 14 873 159 97 69 61 61
711 Denise Koufogiannakis 14 871 163 144 78 73 38
712 Nathalie Daude 16 873 128 106 96 70 60
713 Juan Jovel 12 870 244 106 81 56 51
714 Anwar Anwar-Mohamed 19 867 65 56 54 53 44
715 Patrick Gibson 11 864 226 201 175 55 52
716 Sherilee Harper 13 865 130 101 101 88 85
717 Morris R. Flynn 16 859 125 74 67 61 58
718 C Jardine 15 862 132 91 91 63 57
719 Danielle Maia de Souza 15 858 235 79 75 61 57
720 Catherine Adams 13 857 185 128 74 66 64
721 Dimitre Karpuzov 14 855 260 80 80 73 64
722 Astrid Ensslin 15 852 102 98 93 63 58
723 Aloke Kumar 16 849 91 62 62 56 49
724 Elaine Hyshka 10 845 631 51 28 26 19
725 Craig D Steinback 15 839 96 91 77 60 53
726 Linda C Reif 11 834 250 192 138 48 33
727 Sarah Forgie 18 832 120 80 68 45 43
728 Lili Liu 19 832 121 82 46 45 41
729 Derek Sellman 15 828 112 92 66 61 61
730 Mi Zhou 11 828 215 180 117 60 57
731 Dip Kapoor 14 826 125 108 62 56 40
732 Hassan Safouhi 18 818 43 40 39 35 34
733 John C. Bowman 16 816 104 59 57 55 45
734 Alvin Schrader 16 815 86 85 57 56 48
735 Robert J Losey 17 818 98 64 48 47 43
736 Samer Adeeb 15 811 58 58 56 56 51
737 Zhixin Wang 15 811 148 91 79 76 69
738 Daniel O'Connell 17 811 71 65 60 44 43
739 Derek Truscott 13 803 231 104 74 61 52
740 Antti Arppe 13 802 100 90 86 74 67
741 Guillermo Hernandez Ramirez 17 800 121 94 60 42 38
742 S M Ibrahim Al-Rafia 14 799 123 97 88 85 81
743 John A. Nychka 16 798 104 76 39 38 35
744 Harleen Kaur 11 802 154 129 95 85 75
745 William M Foster 15 795 148 107 103 53 47
746 Lori Thorlakson 11 789 237 126 99 77 60
747 Matthew Steele-MacInnis 16 789 95 82 78 54 52
748 Clement Lagrue 16 787 108 56 53 49 40
749 Vincent Biron 15 788 125 88 67 47 37
750 Nabi Goudarzi 15 785 105 83 55 53 50
751 Cary A Brown 16 785 77 54 45 45 44
752 Theresa Charrois 13 781 251 61 53 48 47
753 Cor-Paul Bezemer 9 783 220 215 138 39 36
755 Evan G. R. Davies 14 775 154 104 88 60 48
756 Julie Rak 14 765 145 100 67 62 58
757 Tomasz Lipiński 15 758 189 78 48 48 36
758 Ravi Gaikwad 13 751 238 77 61 59 46
759 Emily Herman 8 751 243 234 86 68 32
760 Kara Schick-Makaroff 15 752 116 78 63 52 45
761 Keith Wachowicz 14 748 122 70 66 62 44
762 Lawrence Richer MD, MSc 14 742 140 137 114 49 37
763 Kristofor K. Ellestad 13 738 125 113 103 78 63
764 Tiesen Cao 14 738 84 73 69 63 61
765 Amr Radwan 10 739 201 154 101 66 52
766 Janice Miller-Young 10 731 199 140 129 46 37
767 Nan Wang 13 730 122 88 75 66 61
768 Huazhou Li 15 725 109 54 42 41 40
769 Anais Medina Martín 13 724 218 140 104 72 30
770 Rouslan Krechetnikov 16 711 103 73 66 63 50
771 Yangjun Chen 14 705 134 63 62 47 47
772 George Richardson 15 695 173 49 35 34 31
773 Craig S. Chapman 16 708 96 62 54 38 38
774 Deepak Pudasainee 14 692 139 108 83 56 53
775 Troy I. Wellicome 17 689 63 49 47 46 44
776 Glen W. Armstrong 14 692 123 74 62 54 48
777 Or Sheffet 12 689 85 84 83 76 67
778 Adam Kinnaird 11 683 197 162 115 67 29
779 Nidhi Gupta 11 680 330 83 59 48 35
780 Anastasia Elias 12 674 115 71 70 62 52
781 Rhonda Breitkreuz 12 667 132 110 79 57 53
782 Zhiqiu Hu 14 662 100 61 60 41 40
783 Xuejuan Su 8 657 274 130 96 57 35
784 Weiwei Wang 15 654 106 83 66 45 41
785 Tara-Leigh F. McHugh 14 652 123 77 46 45 41
786 Nathan Seifert 10 652 255 100 56 51 34
787 Dr. Michael P. Major 14 648 167 84 59 38 35
788 Andy Kale 12 648 169 118 51 46 40
789 Pawan Kumar 15 640 70 54 42 41 40
790 Ferrante S. Gragasin 9 640 262 117 89 35 35
791 Martin Guardado 11 636 174 162 43 40 38
792 Cameron N Carlyle 12 636 153 118 83 32 31
793 Dr. Uttam Anand 14 639 113 82 51 50 50
794 Jan Andersson 14 631 83 61 60 58 56
795 Nariman Sepehrvand 15 632 63 53 31 28 25
796 Joseph Marchand 11 628 141 99 86 80 73
797 Brad Pinno 15 625 68 42 41 34 33
798 Cheryl Sadowski 13 626 130 95 66 32 23
799 Prashanthi Kovur 16 623 59 44 43 37 35
800 Roopesh Syamaladevi Mohandas 15 621 90 68 56 47 41
801 Sara Dorow 11 622 317 317 317 317 68
802 Andrew R Martin 15 619 82 37 36 35 34
803 Christiaan Willem Langenberg 15 613 52 50 46 44 26
804 Matthew Wheatley 10 612 135 114 98 71 44
805 Haiying Bie 13 614 94 66 61 39 36
806 Mahua Maulik 9 608 237 120 78 46 40
807 dipankar roy 11 605 115 80 64 63 48
808 Gabrielle M. Siegers 14 603 131 73 53 46 38
809 David Rast III 9 604 196 186 64 52 19
810 Md. Aynul Bari 13 604 122 75 54 54 49
811 Xinwei Yu 11 603 124 94 69 44 41
812 Dr. M. Chalamaiah 9 599 311 95 26 25 21
814 Sina Ghaemi 13 596 105 64 60 51 41
815 Farzam Nejabatkhah 8 597 195 184 60 43 43
816 Bin Ma 12 591 123 89 76 61 34
817 Isabelle Colmers 6 588 155 150 132 81 49
818 Javix Thomas 12 596 130 75 51 37 34
819 James Rude 13 582 46 34 31 28 25
820 Mijung Kim 12 577 85 55 47 45 45
821 Keith K Fenrich 10 576 162 102 61 57 49
822 Mark Poesch 12 575 90 85 68 61 43
823 Hossein Rouhani 13 572 105 91 60 44 36
824 John Considine 9 571 154 124 104 18 11
825 Gonzalo L. Vilas 11 566 115 94 84 59 43
826 samira farsinezhad 14 568 93 52 45 37 36
827 Daniel Foster 5 567 349 78 66 53 18
828 Vladimir Troitsky 14 565 45 39 37 29 25
829 Steven Chaulk 12 564 122 62 55 48 45
830 Britta J.L. Jensen 13 564 68 54 52 50 45
831 Zhongshan Liu 14 573 54 46 45 39 37
832 Corinne Langinier 12 561 159 100 50 38 33
833 Kate R St.Onge 8 564 173 111 84 65 46
834 Howard Harshaw 12 557 100 56 54 49 32
835 Yongfeng Gao 12 558 103 103 55 36 28
836 Anbu Kumar Karuppannan 11 557 131 98 66 62 40
837 Anna Taylor 14 556 114 69 60 47 37
838 Thea Bechshoft 13 554 84 66 40 40 34
839 Tanvir Sajed 9 562 263 80 60 51 35
840 Humam Saltaji DDS, MSc, FRCD(C), PhD 14 555 49 38 37 34 33
841 Francis Davoine 12 556 84 80 60 49 34
842 Maria Cutumisu 13 551 83 69 56 47 37
843 Mario Pineda 11 546 107 68 59 57 53
844 Christine L. Covell 12 543 123 79 50 47 42
845 Aman Ullah 12 541 77 70 60 57 49
846 Kambiz Moez 12 544 54 53 48 42 35
847 Theresa J Schindel 13 541 132 70 54 50 28
848 Dustin Ritchie 11 540 76 76 66 59 53
849 Jun Huang 14 542 134 46 32 31 31
850 Maju Joe 12 540 136 95 52 48 39
851 Laura K Gray 8 536 141 108 85 68 47
852 Japan J Trivedi 13 534 78 41 28 25 23
853 Bharat Shrestha 12 536 96 69 52 48 45
854 Lynette Shultz 10 530 161 58 40 35 23
855 James Neufeld 5 529 426 46 21 12 5
856 Leslie (Jamie) Robbins 11 536 187 60 56 45 42
857 Waheed Asghar 10 526 209 78 47 45 28
858 Stacey Hume 12 525 105 84 59 55 44
859 Sarah Nadi 13 528 90 47 44 41 37
860 Joshua Evans 13 521 97 67 41 34 30
861 Caroline Richard 11 521 97 67 59 54 46
862 Chunyan Zhang 14 518 65 54 48 44 44
863 Justin M Pare 9 514 107 99 96 68 40
864 Plamen Tchoukov 13 514 56 51 50 46 39
866 Lauren Albrecht 9 516 169 103 46 43 42
867 Diane Conrad 13 513 174 40 31 29 23
868 Pamela R Willoughby 11 511 140 92 54 38 26
869 Florin Sabac 12 508 122 71 61 48 27
870 Sarah A. Styler 12 509 114 99 81 31 27
871 Larry Prochner 14 506 57 38 35 35 35
872 Sarah Forgie 13 505 68 45 41 39 36
873 Benjamin V. Tucker 12 505 53 44 44 43 32
874 Anil Kumar 12 504 93 62 52 50 47
875 Peter Baskerville 13 503 73 71 31 28 28
876 Bipro Ranjan Dhar 11 504 105 87 51 50 45
877 Mustafa Supur 12 504 118 56 50 47 30
878 Amin Pourasghar 12 501 109 88 35 30 28
879 Rongfu Huang 15 501 43 39 35 31 31
881 Yifeng Zhang 12 500 135 52 51 42 34
882 Linglong Kong 9 495 125 93 52 52 36
883 Vivian Huang 13 497 102 62 44 31 22
884 Ryan Dunch 6 492 210 147 63 48 6
885 Runjuan Liu 7 490 165 94 86 69 46
886 Hamed Asadi 16 491 44 34 29 29 26
887 Matthew Benesch 13 489 54 48 37 35 33
888 Patricia Boechler 9 486 103 77 47 41 31
889 Ana Paula Belon 10 487 190 101 43 32 25
890 Lisa McDermott 9 483 101 98 95 67 20
891 Matt Larouche 9 481 160 86 78 49 40
892 Mesbah Sharaf 11 481 107 57 52 25 24
893 Damien C. Cormier 10 475 125 88 49 27 23
894 Pavel Zhabyeyev, PhD 12 473 115 59 43 29 29
895 Amos Ben-Zvi 12 470 78 52 49 43 32
896 Sandra M. Durán 8 474 182 81 68 46 18
897 Jarret Morrow MD CCFP 4 467 438 9 7 7 3
898 Makere Stewart-Harawira 7 464 306 300 43 31 20
899 Bo Cao 12 466 93 44 33 32 26
900 Sarah Moore 9 465 135 81 61 51 34
901 Beatriz Bicalho 11 464 86 58 52 44 39
902 Louxiang Wang 12 463 137 56 51 31 29
903 Hollis Lai 11 459 80 75 38 35 25
904 Douglas Ridgway 10 457 148 77 77 50 22
905 Subha Kalyaanamoorthy 9 458 134 133 35 32 32
906 Jean DeBernardi 11 456 88 79 35 28 23
907 Faria Sana 7 456 382 17 15 11 11
908 Axel Perez Trujillo 1 456 454 1 1 0 0
909 Md Tazul Islam 12 455 70 57 39 36 35
910 John Andersen 12 458 81 70 51 45 29
911 Nese Yuksel 11 453 84 79 66 25 21
912 Sandeep Kumar Agrawal 11 455 74 48 43 38 27
914 Chris L. Schneider 12 450 81 35 24 21 20
915 Jocelyn Shulhan 6 449 123 97 81 64 50
916 Doug Klein 10 438 101 65 39 35 26
917 Kevin Morin 11 437 61 51 47 43 38
918 Olivier Julien 12 436 65 45 44 33 32
919 Jin-Hyeob Kwak 13 436 46 32 28 27 24
920 Qiumin Tan 11 438 81 74 48 48 40
921 Miles Dyck 11 439 50 43 35 23 20
922 Anastassia Voronova 11 434 92 53 46 39 34
923 Gordon A. Gow 12 433 76 31 26 25 18
924 Reidar Hagtvedt 11 433 125 87 35 31 21
926 Jonathan Choy 9 429 87 68 47 43 40
927 Erin Walton 13 428 65 39 31 26 25
928 Sandra Hodgetts 9 426 95 65 53 49 37
929 Hamed Piri-Moghadam 12 426 78 44 39 33 31
930 Dileepan Joseph 11 425 74 53 29 26 25
931 Mansoureh Takaffoli 12 425 79 67 39 36 33
932 Anand KRISHNAN 10 423 121 55 41 37 30
933 Jennifer Ann Foote 9 422 189 47 44 31 22
934 Ryan T. Tucker 12 421 66 52 40 38 34
935 R. Glen Uhrig 9 417 71 63 60 52 49
936 Sherry Dahlke 9 416 127 73 57 44 25
937 Danuta Chamot 9 414 92 78 62 62 42
938 Ashkan Zolfaghari 11 414 73 69 32 29 27
939 Martha White 11 411 82 77 33 30 23
940 Jorge Sousa 10 411 120 59 52 33 20
941 Diane Kunyk 7 410 256 27 23 23 16
942 David A. Galvez 7 408 114 108 71 47 41
943 Davoud Moulavi داود مولوی 7 410 163 76 72 36 30
944 C Gutiérrez-Ibáñez 13 409 47 35 30 28 27
945 Andrew C Gow 10 403 98 81 43 33 26
946 Kacey C Neely 8 405 113 72 65 52 48
947 Najeh Rekik 13 399 32 28 28 26 24
948 Brian P. Soebbing 11 399 44 39 27 27 24
949 Greg King 8 399 77 74 69 53 46
950 Brendan Pass 12 392 45 44 30 25 23
951 Lael D. Barlow 6 392 217 86 44 14 12
952 Amir Reza Hanifi 13 392 31 30 27 25 25
953 Dion Pasichnyk 8 390 140 82 51 25 23
954 Matthew D. Johnson 11 390 41 38 25 23 22
955 Ali Habibi 11 391 93 46 36 35 26
956 Ross Lockwood 9 387 145 44 42 29 24
957 Cagri Ayranci 8 388 188 43 21 15 10
958 Mohamed A. M. El Gendy 14 386 46 44 31 28 25
959 Nicholas Kuzik 9 387 147 58 55 23 20
960 Prashant Waghmare 12 386 56 41 35 30 27
961 Hooman Vafakhah 9 381 107 54 51 49 34
962 Homa Foroughi 7 380 142 83 70 25 19
963 Daniel Limonta 10 380 128 62 33 31 24
964 Gregory Kish 9 376 127 116 34 18 14
965 Lee Foote 10 375 71 42 34 32 23
966 Nolan Bard 9 376 104 45 41 35 31
967 Haitham El-Sikhry 9 370 74 52 41 34 34
968 Michael Chae 10 370 201 26 19 18 15
969 Christopher R Dennison, PhD PEng 10 369 59 46 35 32 28
970 Tanya Park 10 368 68 58 30 29 29
971 Chun Il Kim 9 369 70 57 51 50 39
972 Joseph Losby 13 367 56 36 29 26 25
973 Dr. Supratik Sen Mojumdar 12 367 53 39 37 32 30
974 Taras Fityo 11 365 71 57 33 32 32
975 Amin Ghazanfari 7 369 101 84 73 73 32
976 Ahmed Jawad QURESHI 11 366 77 49 26 24 22
977 Sukhvinder Dhillon 10 367 72 66 43 38 31
978 Neil McMillan 9 364 117 64 23 20 18
979 Kent den Heyer 12 364 53 37 26 24 22
980 Amir Landi, MD PhD 11 363 69 62 36 34 33
981 Maria Aguilar 7 363 234 40 24 17 15
982 Edyta Jasinska 9 361 88 55 47 43 29
983 Beyza Ural Marchand 7 358 79 78 77 41 33
984 Rashid Mirzavand 9 358 66 23 20 15 15
985 Laura Gioia 13 356 38 30 26 24 23
986 Manisha Gupta 8 356 161 44 39 24 18
987 Arash Mohammadpour 9 354 73 56 37 34 32
988 Matthew Gaudet 5 354 194 84 56 7 6
989 Ermias Azeria 12 354 45 36 33 32 31
990 Zaid H. Almaayah 12 350 54 47 36 36 28
991 Adam Galovan 8 348 140 50 47 28 16
992 Ariane Thaise Frello Roque 10 346 63 57 57 51 39
993 Hui Hong 11 344 58 57 34 19 18
994 toni samek 7 345 96 60 41 19 18
995 Kevin Skoblenick 11 343 40 36 34 33 31
996 Chad W. Cuss 12 342 61 41 40 31 21
997 Peter Kwan 9 341 113 58 49 36 22
998 Christine Guptill 9 341 103 68 35 27 27
999 Sarah Treit 9 339 86 69 36 30 29
1000 Sotirios Zervopoulos 5 340 106 82 82 50 20
1004 Pilar Lecumberri-Sanchez 9 334 82 78 52 23 22
1005 Md Omar Reza 9 338 59 41 37 29 22
1006 Zhichun Zhai 11 336 69 52 36 25 22
1007 Joan Laur 7 334 74 67 65 49 38
1008 Jennifer Klutsch 7 336 162 54 19 15 13
1009 Dongming Zhou 周东明 10 332 89 43 32 29 28
1010 Claudia M. Landeo 10 330 60 60 25 24 24
1011 Helly (Rachel) Goez 10 333 73 43 27 21 19
1012 Liz Dennett 11 329 76 34 20 19 18
1013 MariaElisa Perez-Munoz 6 328 123 84 60 19 17
1014 Abu Sadat Nurullah 10 328 104 36 28 25 24
1016 Atul Bhardwaj 13 324 37 30 24 23 23
1017 Mia Lang 9 325 62 56 53 45 18
1018 Omid Ardakanian 9 322 78 59 45 35 22
1019 Jennifer J. Crawford 9 322 89 47 28 27 23
1020 Lien Luong 10 323 51 46 23 21 19
1021 Derek B Apel 7 323 166 19 17 12 12
1022 David Favero 9 322 85 45 43 25 25
1023 Anne McIntosh 9 321 166 24 21 20 19
1024 Colin J. Deal 3 322 303 8 4 3 3
1025 Viktoria Wagner 10 321 47 41 28 23 22
1026 Noha Sharafeldin 8 320 74 59 45 37 28
1027 Danielle Peers 8 319 78 55 43 43 28
1029 Rika Maruyama 8 322 57 56 55 44 24
1030 Mark Khosa (PhD, P.Chem, PMP) 10 318 57 38 35 32 31
1031 Jingyi Wang 11 316 72 31 27 23 22
1032 Ivor Cribben 6 314 146 54 49 16 15
1033 Susanne Luhmann 6 314 254 8 7 7 7
1034 Malik Shukayev 10 310 46 38 38 32 23
1035 S. Jeff Birchall 7 311 201 44 20 12 9
1036 Craig Sherstan 3 310 270 19 14 3 2
1037 Rebecca McCourt 6 306 149 38 38 25 24
1038 Christoph Frei 9 306 97 39 36 33 20
1039 Michelle C. Tappert 10 305 49 40 34 28 27
1041 Yi Shen 8 305 61 53 50 42 32
1042 Erin Wiley 5 305 158 63 44 15 9
1043 Lin Li 8 304 136 53 25 20 16
1045 Stephen Hunter 6 304 147 58 55 16 10
1046 Sarang Gumfekar, PhD 9 301 59 54 41 21 19
1047 Serene Wohlgemuth 10 302 89 46 33 27 26
1048 Roseanne Yeung 9 301 78 66 35 23 20
1049 Pascal Tétreault 9 301 60 49 39 32 26
1051 Sue-Ann Mok 7 300 134 50 39 30 21
1052 Megan Strickfaden 10 299 29 21 20 19 15
1053 Keren Dali 11 300 38 26 19 18 18
1054 Mikael Adolphson 8 298 110 53 33 32 23
1055 Guanmin Meng 8 299 66 58 41 35 27
1056 A. Junaid 9 299 80 52 33 30 29
1058 Michael T Hendry 9 298 27 21 18 17 16
1059 Lijun Deng 10 312 77 50 28 27 23
1060 Nan Shang 8 296 68 56 47 29 25
1061 Orion Fausto Reyes-Galaviz 10 296 65 48 20 19 19
1062 Okan Bulut 8 296 125 21 18 16 14
1064 Lois Harder 9 293 50 40 33 26 25
1065 Dr Vincent Agyapong 8 292 90 35 22 15 14
1066 Anushka Ataullahjan 6 291 84 75 37 36 30
1067 Dmytro Hryshko 7 292 78 54 51 28 28
1068 Michael Maier 6 291 132 90 15 11 9
1069 Monique Charest 6 290 67 67 60 58 57
1070 Amalesh Dhar 9 290 40 36 35 24 21
1071 Srilata Ravi 10 289 44 34 22 14 13
1072 Ebrahim Ghanbari 6 293 71 58 56 45 32
1073 Samuel F. Bartels 7 288 105 49 37 35 19
1074 Chris Kazala 9 288 108 108 41 33 22
1075 Chun-Chao Kuo 9 288 64 51 25 19 19
1076 Roger Graves 9 287 44 43 39 30 18
1077 Abel Torres Espín 10 285 60 40 25 24 22
1078 Guanxiang Liang 10 286 62 46 25 23 14
1079 Omid Taheri 7 285 101 59 36 33 33
1080 Yan Yuan 9 284 35 33 31 29 27
1081 Lexuan Zhong 8 283 63 60 38 37 17
1082 Jeffrey P. Battigelli 8 282 83 32 32 30 15
1083 Chamila Nimalaratne 9 284 67 54 36 27 21
1084 Ali Faghihnejad 8 280 70 57 49 34 24
1085 Adam Worrall 8 279 52 32 21 19 18
1086 Purushothaman Kuppan 6 279 108 69 35 22 18
1087 James David Hogan 10 277 38 26 23 19 17
1088 Scott D Findlay 10 278 59 32 30 29 28
1089 Michael Frishkopf 11 277 29 29 26 23 23
1090 Carrie DEMMANS EPP 8 275 95 38 26 20 14
1091 Tetsuto Miyashita 9 275 43 36 32 16 14
1092 Philippe Marcoul 9 275 48 34 31 29 22
1093 Dr. Jacqueline Hebert 10 273 49 34 34 26 19
1094 Pouyan Motamedi 9 274 60 54 40 29 17
1095 Rosa Vázquez-Fresno 8 274 80 45 42 35 20
1096 Eskinder Demisse Gemechu 8 271 74 52 29 28 22
1097 Lianne M. Lefsrud 8 267 147 19 17 15 13
1099 Erik Youngson 9 264 69 40 28 18 15
1100 Ki-Yong An 7 266 91 47 31 28 27
1101 Linda Laidlaw 8 262 88 59 27 13 12
1102 Janak Acharya 7 262 75 74 34 22 12
1103 Obinna Daniel Ezulike 9 265 55 50 30 19 15
1104 Jan-Hendrik Pohls 7 263 65 60 41 36 24
1105 Joshua M. LaForge 10 261 47 38 24 24 20
1106 Jared Wesley 9 261 57 46 19 17 14
1107 Vedran Jelic 5 261 161 46 28 13 6
1108 Sandra Bucerius 9 262 61 43 41 36 25
1109 Mohammed A.Q. Al-Saleh 8 262 41 39 38 38 18
1110 Hashem Etayash 9 259 51 38 30 21 21
1111 Saeed ur Rehman 8 225 57 32 29 22 21
1112 Troy Bornes 7 261 91 42 41 35 28
1113 Mehdi Nosrati 11 258 39 27 24 20 18
1115 Tannaz Eslamparast 6 257 129 41 38 17 16
1116 Trevor Barss 9 257 56 49 24 20 18
1117 Charl Els 8 257 47 38 23 14 12
1118 Joanna Harrington 9 255 38 36 36 32 26
1119 Juliana Leung 11 255 31 24 21 21 20
1120 Tyler Nechiporenko 5 253 116 70 54 7 5
1121 Cody A Freas 8 253 63 47 25 21 19
1122 Yuzhe Li 10 253 74 28 27 23 17
1123 Shannon E. MacDonald 8 252 54 38 36 22 19
1124 Bogdan Cristescu 9 252 81 30 21 15 14
1125 E Ann McDougall 10 248 28 25 18 18 15
1126 Jeffery C. Chan 8 247 75 49 37 22 15
1127 Robert J. Summers 6 248 173 16 11 6 6
1128 A.O. Oni 10 246 50 32 23 21 20
1129 Kyle Whitfield 8 247 55 54 34 25 24
1131 Heather Graves 10 246 49 43 18 18 16
1132 Morteza Seifi, Ph.D. 9 245 44 18 15 14 13
1133 Tamzin Blewett 11 244 34 21 20 17 16
1134 Meisam Nouri 7 242 61 45 35 33 25
1135 Yiyu (Jason) Wang 9 241 48 30 30 28 22
1136 Sean C P Coogan 10 241 51 32 28 23 19
1137 Ken J. Caine 6 238 94 55 40 17 9
1139 Amir Afshar 9 235 53 27 24 23 22
1140 Prashanth  Komirishetty 8 238 122 18 16 15 15
1141 Caroline C. Jeffery (Xu) 8 234 57 37 30 17 17
1142 Rachel McQueen 9 232 52 41 20 15 12
1143 Cristian Estop Aragonés 8 232 61 41 29 24 23
1144 Jerry Varsava 8 231 57 40 35 12 9
1145 Dingliang Xing 7 229 50 38 35 32 21
1146 Richard Gibson 8 229 45 41 25 21 18
1147 Neda Nazemifard 8 229 35 31 30 30 25
1148 Jihong Lian 9 229 38 33 32 18 16
1149 Yu Fu 9 228 48 42 40 19 12
1150 Babatunde Olateju 7 227 55 53 34 22 14
1151 Mohammad Rashidi 10 224 35 29 27 25 23
1152 Baljot S. Chahal, BMedSc 4 225 83 65 39 38 0
1153 Jean Chaw-Kant 7 223 63 59 24 18 15
1154 Mohammad Hossein Tavassoli-Kafrani PhD 8 220 60 40 29 20 20
1155 Saeed Kaviani 7 218 45 40 34 30 27
1156 James D. Ede 6 218 118 31 27 10 8
1157 Laura Reyes Martinez 8 219 41 36 22 21 20
1158 Michelle Maroto 8 217 45 37 24 19 18
1160 Yuntong She 9 216 49 26 21 16 15
1161 Geoff Hollis 8 215 49 44 24 22 22
1162 Dr. Prasanta Das 7 214 83 35 20 20 15
1163 Ghader Manafiazar 8 214 83 24 16 13 12
1164 Karim Ali 6 214 67 48 24 16 16
1165 Mohammad Salameh 7 213 50 42 31 31 13
1166 Yinghua Shen 8 213 46 41 40 21 21
1167 Jasmine Thomas 6 214 125 24 14 10 8
1168 Ghazi Saud Alotaibi MD PhD 8 214 53 35 26 19 17
1169 Rabab M. Abou El-Magd 8 212 35 35 32 32 21
1170 Heather Coleman 6 255 103 43 42 22 10
1172 Rob McMahon 9 211 42 28 23 20 18
1173 Maria Eloisa Hasing 5 210 114 46 21 18 7
1174 M. Reza Poopari 9 211 34 32 24 20 18
1175 Hoan Linh Banh 7 210 61 33 20 16 13
1176 Mohammad Mohammadtabar 5 208 133 34 13 12 9
1177 Sarah A Elliott 9 210 44 20 20 17 14
1178 Bei Jiang 5 209 163 16 7 6 6
1179 Fabini Orata 6 207 102 47 14 13 8
1180 Melanie Grob 7 207 59 38 30 26 20
1181 Andrew McGee 7 206 65 32 27 25 21
1182 BINDU THAPA (बिन्दु थापा) 6 206 98 24 23 21 15
1183 Alison Criscitiello 8 205 66 45 21 20 18
1184 Yohannes Haile 8 205 61 38 25 18 16
1185 Yao Zheng 9 206 56 31 19 16 16
1186 Postdoctoral Fellow, Jing Shen 7 205 52 34 34 25 21
1187 Shaiful Alam Chowdhury 8 205 66 29 17 16 13
1188 Dr. Everestus C. Akanno 10 203 31 29 28 16 13
1189 Nariman Roshandel Tavana 6 203 48 40 29 27 23
1190 Olivier Soueidan 7 203 50 33 27 24 16
1191 Peyman Hessari 9 202 59 29 24 12 11
1192 Jae Young Lee 8 203 79 31 13 13 11
1193 Weijuan Huang 7 202 57 43 32 22 20
1194 Keren Jiang 7 201 38 34 30 20 18
1195 Branko Hilje 7 200 86 36 30 17 11
1196 Mingxiang Xu 7 201 87 29 25 23 11
1197 Yasser Tabana 7 199 88 17 13 12 11
1198 Stephen Paskaluk 5 200 96 39 25 20 8
1199 Md Hosnay Mobarok 8 200 44 28 20 17 15
1200 Ilan S. Schwartz 7 199 36 28 27 11 11
1201 Dhruv Lavania 6 199 82 32 28 25 19
1202 Wenming Zhang, Ph.D., P.Eng., Assistant Professor 8 198 36 32 29 18 17
1203 Brian Lee 9 198 34 32 26 23 12
1205 Brian Stewart 4 198 104 41 23 10 4
1206 Kajsa Duke 7 196 53 28 19 15 10
1208 Vera Brencic 9 193 30 25 24 22 18
1209 Megan Jarman 9 192 32 32 21 19 18
1210 Dornoosh Zonoobi 7 191 73 20 15 15 8
1211 Joshua Charles Campbell 6 192 79 40 31 16 9
1212 Roy D Coulthard 5 191 69 67 25 9 9
1214 Mimmi KM Nilsson 5 190 81 33 27 26 13
1216 Michael Laffin 5 189 112 47 11 5 5
1217 Shu-Ping Chen 7 189 49 44 31 13 13
1218 Stepan Hlushak 9 188 24 21 17 13 12
1219 Samy S. Soliman 8 188 50 32 18 17 16
1220 M Farhad Ismail 6 189 46 37 20 17 17
1221 Hamed Saghaei 8 186 27 23 23 15 14
1222 Nabeela Nathoo 6 186 78 29 25 19 10
1223 Christen Klinger 8 186 64 28 21 19 14
1224 Amy Kirkham 8 187 58 27 19 12 12
1225 Ermia Aghaie 7 187 41 29 29 23 13
1226 Jingqi Yang 4 186 136 20 20 7 3
1227 Zhi-Gang Cheng 6 185 54 39 37 22 17
1228 Mohammad Mahdi Honari 7 187 66 31 14 12 7
1229 Rene Breault 5 185 71 50 40 17 5
1230 Karim Abou-Moustafa 8 184 41 39 20 16 13
1231 Maxi Miciak 5 185 85 40 31 12 10
1232 Harm van Seijen 7 183 54 48 19 17 9
1233 Fenglin Liu 9 183 40 31 18 16 14
1234 Maren Elfert 9 184 46 15 13 13 12
1235 Cortez Leonardo M 8 182 62 24 19 18 10
1236 Tian Dong 8 182 56 18 18 14 14
1237 Jeffery M. Venner 6 181 49 47 25 24 20
1238 Shahab Jabbari 7 180 53 37 20 14 10
1239 Ahmed Najar 8 184 63 22 21 15 15
1241 Jonathan A. Cale 8 180 25 19 19 17 15
1244 Anton O. Oliynyk 8 187 34 33 26 26 13
1245 Alberto Suárez-Esteban 7 174 48 43 21 18 16
1246 Jing Zhang 8 174 39 27 25 22 19
1248 Marlos C. Machado 7 173 45 25 23 19 17
1250 Sean  E Moore 6 173 51 43 22 21 12
1251 Katherine Mifflin 7 174 51 47 18 14 13
1252 Ling Zhang 8 173 32 28 25 22 21
1253 Yonghua Ji 6 173 61 37 26 16 11
1254 Abhay Pratap Singh 6 172 55 37 23 17 16
1256 Jaimie Baron 5 172 105 23 21 13 6
1257 Hamid Moghadas 7 172 26 19 19 16 14
1258 Lauren Davies 8 172 42 29 19 18 16
1259 Ali Jazayeri 9 172 29 26 26 26 22
1260 Lindsey C. Felix 5 170 118 27 10 7 6
1261 Andrew Leach 3 171 119 36 9 2 2
1262 Shela Hirani, PhD Candidate, MScN, BScN, IBCLC 8 169 40 21 21 11 10
1264 Mohammad Abdolrazzaghi 8 169 36 30 18 13 11
1265 Xunchen Liu (刘训臣) 8 166 41 26 21 15 14
1267 Hao Tian 7 166 32 22 20 20 16
1268 Douglas Tomlinson 7 166 48 31 24 15 15
1269 Xavier Gutierrez 5 165 67 42 21 20 7
1270 Subiao Liu 7 166 57 29 21 18 14
1271 yousef alipouri 9 164 19 18 15 13 12
1273 Michael Clark 4 164 144 6 6 5 1
1274 Daniel Bachman 6 163 30 28 22 21 15
1275 Amy Miyoung Kim 8 162 22 16 13 11 11
1276 Jingjie Xiao 8 162 35 27 21 18 15
1277 Menglian Wei 5 162 103 27 13 6 6
1278 Penny Smyth 6 165 57 30 18 15 13
1279 Liuhong Chen 8 161 33 30 28 15 14
1280 Marawan Ahmed 8 161 21 19 18 13 12
1281 Márcio Bezerra Machado 7 164 43 26 25 15 10
1282 Anandram Venkatasubramanian 7 160 44 33 29 13 13
1283 Kelli Buckreus (née Ralph-Campbell) 7 160 66 21 21 21 16
1284 Bukola Oladunni Salami 6 159 47 30 17 13 8
1285 Zhengtao Shen 8 164 41 27 19 18 12
1287 Keshab Sharma 4 157 91 23 19 6 6
1288 David Graham 7 156 31 30 22 17 11
1289 Haran Yogasundaram 7 156 33 30 18 17 16
1290 Muhammad Amirul Islam 7 156 51 26 15 15 9
1291 Jonathan T Abele 6 155 46 22 18 17 10
1292 Dagmara Chojecki 3 154 71 66 17 0 0
1293 S. Reza Bagheri 6 154 58 21 19 16 10
1294 Anni Hämäläinen 8 154 36 23 19 16 14
1295 Sayantan Jana 5 154 49 36 23 19 18
1296 Mutasem M. Al-Shalalfeh 6 154 64 30 16 16 15
1297 Korhan Ayranci 7 154 56 19 14 14 13
1298 Mahdi Vaezi 6 153 49 31 26 16 9
1299 Rouzbeh Maani 7 153 49 33 14 12 11
1301 Jun Liu 7 151 39 34 16 12 11
1302 Sadegh Kazemi 6 150 31 30 28 19 19
1303 Alan Tsay 5 149 75 41 11 6 5
1304 Lesley Harrington 6 149 67 20 15 15 14
1306 Renato Macciotta 8 148 20 16 14 11 11
1307 Susan M. Christian 5 148 65 25 19 18 9
1308 Ankur Goswami 7 150 37 34 15 9 8
1309 Diego M. Coraiola 8 146 22 18 18 17 12
1311 Feng Qiu 7 147 48 14 10 10 9
1313 Lance Doucette 7 145 44 28 25 12 11
1314 XIONG MING 6 145 38 34 28 26 9
1315 Leith Deacon, PhD, RPP, MCIP 4 145 107 13 8 4 4
1317 Stacy L Lorenz 7 144 33 23 20 18 14
1318 Victor Cheng 6 142 45 26 23 16 14
1319 Amirreza Sohrabi 5 143 51 27 25 21 12
1320 Francisco Voeroes Denes 6 143 65 15 14 14 9
1321 Aarran Shaw 6 142 28 25 20 14 11
1322 Jordane Preto 7 143 36 22 16 16 14
1324 Bonnie Stelmach 6 141 33 25 24 11 11
1326 Sajib Barua 7 139 32 27 26 12 10
1327 Nicolas Vozza 5 139 68 35 13 9 6
1329 Jeyasundar Radhakrishnan 3 138 128 3 3 2 1
1330 Payam Masoumi Farahabadi 6 138 77 18 12 12 10
1331 Nidheesh Dadheech 6 139 48 28 18 16 16
1333 Jo Onoda 8 136 32 17 15 11 10
1334 Geraint Osborne 6 137 55 20 20 9 8
1335 Srikrishna Bodepudi 5 136 55 23 17 11 9
1336 Sanaz Hatami 8 137 15 15 15 13 13
1337 Rui Zheng 6 138 36 35 22 10 10
1338 Abdelrahman M. Askar 7 135 24 19 17 16 15
1339 Honglan Jiang 5 136 60 28 22 13 12
1340 Victor Guana 7 134 24 20 14 12 9
1341 Liza Chan 5 136 76 18 14 7 5
1342 Douglas Gleddie 8 134 33 16 10 9 8
1343 Haizeng Li 5 133 42 26 19 15 14
1344 Zhongyi Quan 6 132 62 17 12 10 10
1345 Fatemeh Fani Sani 5 132 67 21 17 13 5
1347 Ty T Kim 6 132 39 27 22 16 11
1348 Kory Mathewson 5 131 70 22 8 8 7
1349 Ali Shahbazi 7 130 44 17 15 12 11
1350 Ankush Roy 5 129 64 22 16 10 7
1351 Oscar Ramirez 7 130 24 13 13 10 9
1352 Mounir EL BAKKARI 8 129 19 19 19 15 14
1353 Advaita Ganguly 7 128 21 17 10 10 8
1354 Honey Isabel Hubbard 4 130 66 22 21 10 4
1355 Garrett Nicolai 7 127 32 16 14 13 10
1356 Mengcheng Shen, MSc, PhD 7 130 39 32 17 15 11
1357 Hallie P. Street 5 127 53 25 20 17 7
1358 Michael Peers 6 126 40 32 20 11 7
1360 Zhihong Zhang 6 126 38 27 19 14 12
1361 Housam Khalifa Bashier 6 126 58 18 12 11 11
1362 Sachitha Kusaladharma 7 123 38 14 13 11 8
1363 Hosna Jabbari 6 122 34 24 16 12 12
1364 Salman Safari, Ph.D. 6 123 36 29 19 18 8
1365 Ruitong Huang 4 122 62 30 7 5 4
1366 Marius Stanescu 7 122 23 16 13 11 10
1367 Tushar Shuvra Biswas 7 122 28 22 18 14 10
1368 Sibel Cetinel, Ph.D. 5 121 66 13 10 9 8
1369 Selamawit Ashagre Messele 6 122 37 26 18 15 13
1370 Paul Atta Boakye 6 124 43 21 16 13 13
1371 Chenxing Angela Sun 7 121 20 20 17 16 13
1372 Manish Shirgaokar 5 120 45 17 14 11 6
1373 Marc Higgins 6 120 29 21 19 10 8
1374 Abhishek Bhattacherjee 6 120 32 26 15 10 8
1375 Fatheema Begum Subhan 4 120 42 32 29 6 4
1376 Mahmood Reza Yassin 6 122 33 17 16 14 13
1378 Li Ding 4 122 56 33 17 11 3
1379 Atlantic D'souza 6 120 31 28 11 7 6
1381 R. R. Zaari 8 119 23 20 18 17 13
1382 Oksana Babenko 4 120 45 30 7 7 4
1384 Hossein Rafiei Renani 4 118 45 30 21 10 3
1386 Dr. Naresh Miriyala 6 116 43 20 18 14 10
1388 Allan L. Beaudry 7 115 38 17 17 15 12
1389 Ali Sajedi Badashian 5 116 33 24 15 13 7
1390 Roberto Vega 5 115 39 38 14 8 8
1391 Scott R. Smith 6 114 25 23 20 11 8
1392 Xian-Zong Wang 7 115 30 21 17 10 9
1393 Colin Bellinger 5 113 27 13 13 12 7
1395 Randy Reichardt 5 113 46 27 13 13 6
1396 Faezeh Rasi Marzabadi 6 112 17 16 14 13 12
1397 Krishna K. Ramachandran 6 112 25 22 14 13 8
1398 Tae J. Kwon 6 112 37 23 18 14 7
1399 Samaneh Khanpour Ardestani 5 113 47 27 16 13 7
1400 Adam Gaudry 6 112 39 15 11 8 6
1401 Muhammad Saad Yousuf 4 111 27 22 19 18 4
1402 Arghya Basu 8 111 21 18 13 11 11
1403 David Sharon 6 111 28 22 13 12 10
1404 Kisha Supernant 5 111 29 27 9 7 7
1405 James R. Vallerand 5 112 31 26 21 15 7
1406 Bradley Holinski 6 110 33 24 17 8 7
1407 Sourayan Mookerjea 6 110 23 15 12 9 7
1408 tong shu 6 110 32 22 20 12 8
1409 Marc Cassiede 6 110 24 20 18 17 12
1411 Stephen Henry James Andrews 5 111 40 24 20 13 6
1412 Jack Stecher 7 109 24 15 11 11 8
1413 Shuang Zhao 7 109 28 17 16 10 9
1414 Seyed Milad Mahpeykar 6 108 44 15 13 11 10
1415 James Ivey 6 108 24 24 14 11 10
1417 Kimberley A Campbell 5 107 33 23 19 11 9
1419 Zhongwei Shen 5 105 38 13 9 7 7
1420 Brooke Madden 5 105 29 29 21 10 5
1421 Mostafa Shahabinejad 5 104 36 17 13 13 10
1422 Neil Haave 5 104 24 15 12 10 9
1424 Craig DeMars 5 101 34 28 9 7 6
1425 Jie Gao 6 102 27 27 22 14 12
1426 Sonbol Yazdanbakhsh 6 106 29 16 12 11 8
1428 Zhaochen Guo 5 99 50 11 8 8 6
1429 Ali Imanpour 6 99 20 14 10 10 10
1431 Thakur Ujwal Kumar 6 101 23 17 14 12 9
1432 Xinda Li 7 99 24 22 12 11 9
1433 Ali Safari Mamaghani 6 99 29 10 9 9 9
1435 Masoud Mohammadalizadeh Shabestary 5 99 35 18 12 6 6
1436 Masoud Bozorg Bigdeli 5 99 43 22 17 8 5
1437 Masood Dehghan 5 98 38 22 18 5 5
1438 Phil Corkum 5 98 52 10 9 7 7
1439 Alireza Agharazi 6 99 24 18 14 9 8
1441 Joseph Hill 4 97 29 19 19 7 4
1442 Hugh Ramp 5 98 34 23 11 10 7
1443 Moein Shakeri 6 98 25 18 15 7 6
1444 Jinkun Cheng 5 97 43 16 8 6 5
1445 Steven K Khan 6 97 19 14 12 8 8
1446 Blake Murdoch 3 97 68 9 8 3 3
1447 Libin Liu 5 99 25 20 19 19 6
1448 Sandra Elizabeth Pineda-Sanabria 5 95 33 20 10 10 8
1449 Majid Ghanbarinejad 6 94 33 19 9 7 6
1450 Sanja Schreiber 5 96 40 15 13 8 7
1451 Ahmed T. Ayoub 5 94 31 20 14 9 8
1452 Tiago R. Simões 5 98 23 18 12 12 9
1453 Dan Romanyk 6 93 21 15 10 9 8
1454 Eric Forcier 6 95 31 16 12 11 9
1455 Hadley Friedland 6 91 21 15 11 8 6
1456 Christopher Lupke 5 91 37 10 6 5 5
1458 Geoffrey Dipple 6 91 29 12 11 9 6
1459 Mohammad Tabesh 5 90 42 13 9 9 7
1460 Mohanathas Gobikrushanth, BVSc, PhD (Candidate) 7 91 21 12 11 10 9
1463 Hamid Zaman 5 90 37 15 9 9 7
1464 Sherif Hanafy Mahmoud 5 89 28 20 13 12 5
1465 Shauna Wilton 5 89 20 17 14 13 5
1466 Alexandra Fidyk 6 87 21 10 10 8 8
1467 Parisa D. Hossein Zadeh 5 86 30 22 12 9 8
1469 Sourayon Chanda 3 88 50 19 16 2 1
1470 Hexu Liu 5 86 37 14 8 6 6
1472 Jeffrey S. Newton 4 85 35 22 16 6 2
1473 Peter Binkley 4 85 46 14 8 4 4
1474 Jay Anthony Anderson 6 86 37 8 7 7 6
1475 Laura Beard 5 85 21 13 11 9 8
1477 Mennatullah Siam 5 84 22 15 12 9 8
1480 Thanh Giang La 6 84 23 10 9 9 7
1481 Manoj B. Parmar 5 83 16 15 10 9 6
1483 Stephanie A. Chamberlain 5 83 27 16 16 9 7
1484 Barry Gergel 6 83 19 13 13 9 8
1487 Mostafa Mohammadkarimi 4 82 41 11 9 6 4
1489 Nasser Kazemi 5 81 30 12 10 7 6
1490 Dong-Woo Kang 5 83 26 17 16 12 8
1491 Jennifer Hinnell 5 80 21 14 13 10 6
1493 Julia Shonfield 5 79 24 19 12 9 8
1494 Max Lukenbach 6 79 20 14 10 10 9
1495 Abhineet Singh 5 79 25 17 8 8 7
1496 Sarah Hewko 4 82 33 26 13 4 3
1497 Mohammad Abu Hasan Khondoker, E. I. T. 4 78 33 15 14 14 1
1498 Brent W Rudyk 7 79 13 12 10 8 8
1499 Abhilash RH 5 77 14 12 11 9 7
1501 manoj rout 5 80 42 9 7 6 5
1502 Mohammad Hossein Doranehgard 5 78 26 15 12 10 9
1503 Xuebin Qin 5 77 22 11 8 8 6
1505 Hossein Shahandeh 4 77 34 19 14 4 3
1506 Sherif Idris 3 76 53 12 7 2 1
1508 Alex M. Ma 3 76 39 18 10 3 3
1509 qiong wu 4 76 21 21 20 5 4
1510 K. Meaghan Carey 3 75 53 11 8 2 1
1511 Iman Sharifi 4 75 37 8 5 5 3
1516 Allison Sivak 3 74 48 10 4 3 2
1517 Souren Shamsinejad 3 74 41 15 7 3 3
1519 Anne-José Villeneuve 5 74 23 10 10 8 7
1520 Max A Levine 5 74 29 12 12 10 7
1521 Gour Chand Daskhan 5 73 20 12 11 7 5
1523 Long Yang 5 72 14 13 12 10 8
1524 Clayton T Lamb 5 75 17 14 14 10 6
1525 Yussef Esparza 5 72 33 9 9 7 6
1527 Bitan Banerjee 3 71 32 20 6 3 3
1530 Yuba Raj Paudel 5 72 28 10 9 8 7
1531 Eric Adams 5 71 15 9 9 7 6
1532 Triratna Muneshwar 5 71 30 8 8 8 7
1534 Rafiq Ahmad (Dr.) 5 70 17 14 12 10 6
1535 Cyrus Khazaei 4 70 38 12 8 7 3
1537 Mina Gheiratmand 5 70 20 15 9 8 6
1538 Arindam Phani (PhD) 5 70 20 11 8 6 6
1539 Fadi Ibrahim 5 69 21 14 12 10 8
1541 Catherine Kellogg 4 69 22 14 9 7 4
1543 Yiming Qian 4 69 23 18 9 8 4
1544 Mahmood Mazrouei-Sebdani 5 68 21 19 14 14 7
1545 Alexander Carpenter 5 68 24 8 7 6 5
1548 Vickie Plourde 5 68 26 11 10 9 6
1550 Jill J Hall 5 68 21 17 9 6 6
1552 Adrian Lopera Valle 7 68 16 12 10 9 7
1553 Abishek Iyer 5 67 12 11 7 7 7
1555 Tiffany Playter 5 67 23 8 8 5 5
1556 Muhammad Babar Javed 6 66 22 14 7 7 7
1557 Vinoj Kurian 4 66 38 7 5 4 4
1558 Maral Aminpour 6 66 13 12 12 9 8
1559 Tooba N. Shamsi 3 68 26 17 6 3 3
1560 Ellina Lytvyak 4 67 43 8 6 5 4
1562 Golam Mezbah Uddin 6 65 16 12 11 7 6
1564 Hossein Saghlatoon 3 66 21 16 14 3 3
1566 Arash Ilbagi 5 65 17 14 8 7 5
1567 Angelia Wagner 4 65 31 11 10 6 2
1570 Brock Debenham 4 65 30 19 9 4 1
1572 Hadi Nazaripoor 6 64 12 12 11 10 9
1573 Mark Hall 5 64 15 10 10 9 5
1574 Bernardo Ávila Pires 5 64 23 15 8 6 6
1575 Conor Ruzycki 4 64 30 11 11 4 4
1576 Ryan Starko-Bowes 5 64 17 17 9 9 6
1582 Prasanna Herath 5 62 14 8 8 7 5
1583 Trevor Steve 4 62 26 19 6 4 4
1585 Odile Cisneros 4 61 26 13 5 4 3
1587 Matthew Joseph Comeau 2 61 39 17 2 1 1
1588 Sebastian Fossati 6 61 16 12 12 8 6
1589 Karyne N. Rabey 4 63 30 12 9 6 2
1590 Mohammad Ebrahimi 4 59 31 9 5 4 3
1593 Khashayar Ebrahimi 5 60 14 14 6 6 5
1594 Mahtab Hassanpourfard 5 60 18 13 10 7 5
1595 Eva Lemaire 4 60 21 10 6 4 4
1596 Behzad Jandaghi 5 60 19 9 7 7 5
1599 Ryan Kisslinger 5 60 12 12 10 9 9
1600 Salima Meherali 4 59 21 10 8 5 4
1602 Anne Boerger 4 58 25 18 6 4 3
1603 Jeeva Paudel 4 58 21 16 9 6 2
1605 Tayyaba Firdous 4 58 30 13 10 4 1
1606 Jaime G. Wong 4 57 22 15 13 4 2
1607 Jihane Mriouah 5 57 18 16 7 7 5
1609 Kirubakaran Velswamy 3 57 26 8 7 3 3
1612 Allison Oliver 4 57 18 18 9 7 4
1613 Albert Remus R. Rosana 3 57 22 14 11 3 3
1614 Md Nasir Uddin, PhD 5 56 16 11 10 9 7
1615 David Barona 4 56 38 6 4 4 3
1616 Mafijul Bhuiyan 4 56 20 16 13 4 2
1618 Diego Serrano 5 56 12 11 8 8 6
1619 Yang Wang 5 56 14 13 8 7 6
1620 Zhan Li 3 56 27 7 4 3 3
1621 Christopher Lepock 4 55 26 8 8 6 3
1622 tianwu wang 3 55 21 19 6 3 3
1623 Boniface Bahi 5 55 16 11 10 8 5
1624 Jennifer Nafziger 4 55 27 12 6 4 2
1625 M. Elizabeth Boone 3 55 21 20 5 3 2
1626 Hengshuai Yao 5 54 13 10 10 8 6
1627 Sabin J. Bozso 4 54 16 14 8 5 4
1629 Zhen Xu 5 54 16 14 9 7 5
1631 Yingkun Fu 4 55 14 12 9 6 3
1635 Bruno Wichmann 5 54 12 7 6 6 6
1636 Mohammad Afrouziyeh 4 53 13 10 7 5 3
1637 Eric Koch 4 53 29 7 5 4 3
1639 Janis Geary 4 53 20 9 5 5 3
1640 Aziz Takhirov 4 54 22 11 6 4 4
1642 Brody Todd 4 52 12 10 9 6 3
1643 Abraham Assefa Tsehayae, PhD 5 52 14 11 8 7 5
1644 Nicole B.Webster 3 53 24 17 8 2 2
1645 Mohamed Eldeeb 3 52 20 17 9 3 2
1646 Enid Perez Lara 5 52 13 12 9 6 6
1647 David Brown 4 52 13 7 5 4 4
1648 Olga Mameeva (Olga Lozovaya) 3 52 37 4 3 2 2
1649 Cameron A Elliott 3 52 22 11 5 3 2
1650 Md Ahsanul Karim 4 51 16 10 8 6 3
1651 Almond Aguila 3 51 28 8 6 3 3
1652 Amirhossein Firouzmanesh 4 51 24 8 8 5 4
1654 Zhenhua Li 4 51 24 8 5 5 4
1655 Nicole Denier 3 52 31 9 3 2 2
1656 Babak Nami 5 52 17 12 7 7 5
1658 Vern L. Glaser 4 51 22 8 7 6 3
1660 Lynn Williams 4 53 21 18 5 4 4
1662 Maik Kecinski 5 51 9 7 6 5 5
1663 Xiaodong Xu 4 50 19 9 7 4 4
1665 Dat T. Tran 3 51 18 12 3 3 3
1669 Mayank Sabharwal 4 50 18 13 11 6 2
1670 Gary RS Barron 4 50 17 17 10 4 2
1671 François-Nicolas Robinne 4 49 27 7 7 6 2
1672 G. Adriana Camino 5 49 15 7 7 6 5
1674 Jenna Congdon 4 49 11 9 8 7 3
1675 Jacqueline Torti 4 49 19 10 6 4 4
1676 Ryan McGee 3 52 18 16 9 2 2
1677 Clark Pennelly 2 49 45 2 1 1 0
1679 Natalie Loveless 4 49 14 7 6 5 4
1681 Todd Kristensen 4 48 23 10 6 5 3
1682 Babak Soltannia 4 49 12 10 10 7 4
1686 Aladdin Alwisy 3 48 23 15 6 2 1
1688 CHAO KANG 4 47 13 7 6 4 3
1689 Paulina Jimenez-Huidobro 5 47 13 9 5 5 5
1690 Curtis Firby 4 46 13 7 7 6 4
1691 Lawrence A. Adutwum 5 50 10 10 9 9 7
1692 Nancy Goebel 4 46 14 13 8 7 2
1698 Carolyn Furlong 4 45 8 7 5 5 4
1699 Madhur Bhaiya 4 45 18 16 6 4 1
1701 Nazanin Tahmasebi 2 45 38 4 2 1 0
1703 David E. S. Breakey 3 46 24 13 3 3 1
1704 Wei Victor Liu 3 44 19 9 4 3 3
1705 Ian Douglas Wilson 4 44 10 9 5 5 3
1708 Sanjeev Sharma 3 43 19 9 8 3 3
1715 Mohammad Rashedi 4 43 16 12 5 5 3
1718 Trudy Cardinal 5 43 13 7 7 6 5
1723 Lindsay A Gaudet 3 42 22 11 7 1 1
1725 Mohammad Badrul Masud 4 42 22 8 7 4 1
1726 Gregory Burlet 3 42 16 9 6 3 3
1729 Elisabeth Richardson 4 42 13 10 6 5 4
1731 Robyn Lee 4 43 19 5 4 4 4
1732 Kevin Byrne 3 42 12 11 10 3 2
1735 Ran Zhuo 3 41 17 16 4 3 1
1736 Zhiwei (Martin) Ma, Ph.D., E.I.T. 5 41 15 5 5 5 5
1738 Sen Cao 4 41 14 8 5 4 3
1740 John Miklavcic 2 41 28 5 2 2 1
1743 Nasim Hajari 2 40 26 10 2 2 0
1744 Matthew Wiersma 5 40 7 6 6 6 5
1746 Devin Phillips 4 40 15 10 7 4 2
1748 Cameron S G Jefferies 3 40 23 5 3 3 2
1750 Dawit Teshome 2 40 29 5 2 1 1
1751 Devin Baillie 4 39 11 9 6 6 4
1752 Tanvir Mustafy 3 39 25 6 6 1 1
1757 Suzette Bremault-Phillips 4 41 14 6 4 4 3
1759 Francesco Gentile 3 39 16 14 4 3 2
1761 Li He 4 40 19 6 5 4 3
1762 Anna K. Farquhar 4 39 15 11 5 4 2
1764 Ala Shariati 4 39 13 8 6 4 3
1765 Matthew Serge 3 38 15 9 5 3 2
1766 Joel Hutchinson 4 38 21 7 5 4 1
1767 J.N. Westwood-Bachman 4 38 10 10 6 6 2
1768 Megan R Beggs 3 38 16 14 3 2 2
1769 Gaurav Shrivastava 4 38 12 11 8 4 3
1772 Hamman Samuel 4 37 13 6 5 5 4
1773 Mélanie Methot 3 37 15 11 3 3 1
1774 Liangzi Shi 4 38 9 6 6 5 4
1780 Congzhe Cao 4 37 12 4 4 4 3
1782 Mariana Nagy-Reis 4 37 10 6 6 4 4
1784 Muntaseer Kainat 3 36 10 8 5 3 3
1788 Wenjing Wang 4 36 9 7 5 4 4
1789 Weiduo Hao 3 36 13 8 8 3 2
1795 Mehdi Alipour 3 35 19 6 5 2 2
1798 Qiang Chen 4 35 15 7 5 4 4
1800 J. Antonio Guzmán Q. 3 35 12 8 6 3 2
1802 Yoones Vaezi 3 34 13 13 10 10 10
1803 Kyle Potts 4 34 13 8 7 6 0
1808 Nabil Magbool Jan 3 33 10 6 5 3 3
1810 David Lewkowich 3 33 6 3 3 3 2
1815 Geoff Fink 3 32 14 9 4 2 2
1816 Wisam Kh Abdul Jabbar 3 32 5 4 3 3 3
1817 Kamyar Khodamoradi 3 32 21 4 3 2 1
1825 Jessica C. Sacher 3 31 13 10 6 2 0
1826 Benjamin Osipov 2 31 22 8 1 0 0
1827 Farzan Tavakoli 4 31 10 9 6 6 0
1828 Mohammed Elmorsy 3 31 12 6 4 3 2
1829 Shawn Greig 3 31 9 7 7 3 2
1832 Zichen Vincent Zhang 3 31 12 9 3 2 2
1834 Eddie Antonio Santos 3 31 11 4 3 3 3
1835 Shadi Nayeri 3 31 18 9 3 1 0
1838 Layth Mula-Hussain 3 31 10 9 5 2 2
1839 Mohammad Maadi 4 30 7 6 6 4 3
1843 Vahid Abdollah PhD Postdoctoral Associate 3 30 16 8 4 1 1
1844 Yunfeng Chen 3 30 18 7 4 1 0
1848 Katelynn Crick 3 31 12 9 6 3 1
1850 Shazan Jabbar 3 29 10 6 4 3 2
1851 Mohammad Shafiee 4 29 8 6 5 4 4
1853 Ramin M.H. Dokht 2 29 18 8 2 1 0
1861 Daniel Brenner 3 28 5 4 3 2 2
1863 Natalie Sánchez 4 28 10 8 4 4 2
1869 Brian Fauteux 3 27 5 4 4 3 2
1870 Nikhil Shah 2 27 23 2 2 0 0
1872 Suzanna So-Har Wong 3 27 11 5 4 3 2
1874 Kristina M Barclay 3 27 9 6 4 3 2
1875 ADAM ABBA AJI 3 28 14 5 5 3 1
1877 Jeff Bone 3 26 11 8 4 2 1
1883 Kevan Bell 2 26 17 3 2 1 1
1888 Nicole Gehring 4 26 9 4 4 4 2
1891 Alex Jarauta 3 25 11 6 4 3 1
1892 Tomáš Bartoň 3 25 14 4 3 2 1
1893 Jonathan S. Simmons 2 25 14 7 2 1 1
1894 Stephanie Kowal 2 27 14 11 2 0 0
1899 Yiyi Ma 3 25 12 5 4 2 2
1902 Jean-François Soublière 3 25 13 7 4 1 0
1904 Morteza Hajihosseini 3 24 9 6 3 3 2
1909 Nathalia Carolina Fernandes Fagundes 3 24 5 5 4 3 2
1910 Yong Li 3 24 5 5 4 3 3
1917 Victor Silva 3 23 8 4 3 3 3
1918 Neelam Punjani 4 25 6 5 5 4 2
1919 Tamar Meshel 2 23 12 5 2 1 1
1923 MaryElizabeth Luka 3 23 8 5 4 3 2
1925 Subhayan Mukherjee 3 22 8 7 3 2 2
1927 Hannah McGregor 3 22 6 3 3 2 2
1929 Hali Morrison 2 22 9 4 2 2 2
1931 Isaac Odoom 1 22 16 1 1 1 1
1936 Milad Nazarahari 3 22 12 7 3 0 0
1940 Arman Hemmati 3 22 8 4 3 3 2
1942 Timothy P Just 3 21 10 4 4 2 1
1943 Arif Rabbani 3 21 6 4 4 3 1
1944 Vahid Vajihinejad 3 21 10 3 3 2 2
1946 Wenfei Zhang 3 21 5 4 4 2 2
1955 Bihter Daş 3 20 7 4 3 2 2
1959 Benjamin Decardi-Nelson 3 20 9 4 4 2 1
1960 Ali Kiaee 3 21 8 3 3 2 2
1962 David C Deane 2 19 6 4 2 2 2
1963 Poliana G. Barbosa 2 19 8 3 2 2 2
1969 Mostafa Abolfazl Zadeh 3 19 8 4 3 3 1
1971 Yuejian Chen 3 19 5 4 3 3 2
1974 Maryam S. Ghoraishi 3 19 8 4 4 3 0
1979 Janice Y. Kung 1 18 17 1 0 0 0
1980 Michelle Speta 3 18 10 4 3 1 0
1986 Devang Mehta 2 17 11 5 1 0 0
1991 Derek Tannis 2 16 10 3 2 1 0
1992 D M Thekkoot 2 16 11 3 2 0 0
1999 Tony C. Bruinje 3 17 7 4 3 2 1
2007 Behrooz K.Hosseini 2 15 5 3 2 2 1
2011 Huangchao Yu 3 15 6 5 4 0 0
2013 Thomas R Jones 2 15 6 5 2 2 0
2019 Thaiany Pedrozo Campos Antunes 2 14 4 2 2 2 1
2021 Dana C. Andersen 2 14 9 3 2 0 0
2023 Houssam Bouloussa 2 14 5 2 2 2 1
2039 Nathan P. Beahm 2 13 6 3 2 1 1
2042 bang liu 2 13 6 6 1 0 0
2043 Denis Lacroix 3 12 6 3 3 0 0
2045 Piet Defraeye 2 12 6 2 1 1 1
2046 Shila Shamsadini 2 12 9 2 1 0 0
2051 Nicole V.T.  Lugosi 2 12 7 2 2 1 0
2055 Erin N Scully 2 12 3 3 2 2 1
2071 Juliana Marini Marson 2 11 5 3 1 1 1
2072 Quinn Barber 2 11 4 2 2 2 1
2074 Juan More Bayona 3 11 4 4 3 0 0
2081 Jiangchen Li 2 10 4 4 3 2 1
2084 Mahmud Rashedul Amin 1 10 9 1 0 0 0
2091 Rui Zhu 2 10 6 3 1 0 0
2095 Brett Carnio 2 10 4 3 2 1 0
2106 Dr. Jarret Morrow MD 2 10 7 2 1 0 0
2109 Negar Hassanpour 2 9 4 3 2 0 0
2119 Stephen Pollo 1 8 7 1 0 0 0
2123 M. A. B. Narreto 2 8 3 3 2 0 0
2136 Shadi Ansari 2 8 5 2 1 0 0
2138 Tyler Franconi 2 8 4 2 1 1 0
2151 Adam B Kashlak 1 7 5 1 1 0 0
2159 Taslima Anwar 1 8 7 1 0 0 0
2161 Y. F. Al-Eryani 2 7 2 2 2 1 0
2165 Sean Luyk 2 6 3 2 1 0 0
2168 Malcolm Lavoie 1 6 2 1 1 1 1
2193 Sigong Zhang 2 5 2 2 1 0 0
2204 Natalie Logie 1 5 1 1 1 1 1
2223 Michelle Sims 2 4 2 2 0 0 0
2263 Neeltje Slingerland 1 2 2 0 0 0 0
2267 A. J. Antony Chettupuzha 1 2 1 1 0 0 0
2275 Ryan Clements 1 2 1 1 0 0 0
2300 Rohit Lodhi 1 1 1 0 0 0 0
