1 Viktor N. Staroverov 46 133300 109251 10373 4118 1355 1355
2 John P. Meyer 58 78554 13730 11433 7062 6954 6507
3 Natalie Allen 39 61764 13730 11433 8591 7062 6897
4 Adrian M. Owen 98 47262 2271 2198 1336 1241 1127
5 M. A. Goodale 92 45053 5703 5687 1540 1166 1108
6 Rob Hegele 104 42577 2534 1119 1050 844 707
7 Ann F. Chambers 93 37297 8787 3531 1899 1009 557
8 Amit X. Garg 88 31860 2737 1292 1203 963 685
9 Paul Beamish 77 31117 2193 1965 1938 1772 1139
10 Richard B Kim 89 28976 2060 1177 1113 1034 647
11 J. David Spence 79 28304 3321 1539 924 822 701
12 Yuri Boykov 37 25772 7925 4784 4255 2036 715
13 Ravi Menon 71 25623 3810 1870 1145 608 538
14 John Whalley 69 23596 1833 1530 905 903 829
15 Shawn Shun-Cheng Li 48 20746 434 431 347 208 194
16 David A Wolfe 71 20129 1401 989 891 806 790
17 Mary Crossan 39 19788 5133 1700 1480 1359 1051
18 Heather Spence Laschinger 73 19743 1240 780 764 727 596
19 Ingrid Johnsrude 49 19735 4079 2795 1656 1182 1127
20 Robert Teasell 69 19020 1506 748 647 497 389
21 Terry M  Peters 54 18253 3047 1384 782 777 540
22 Joseph L. Chin 58 18034 1691 1152 1140 1014 978
23 J. P. Rushton 72 18001 971 868 821 754 546
24 Xueliang Sun 69 17505 854 757 585 343 340
25 joy macdermid 70 16985 513 440 426 374 358
26 Verinder Sharma 57 16595 708 676 650 450 365
27 Claudio Martin 49 15346 4640 4633 1160 1160 1077
28 T. K. Sham 62 15311 757 397 356 340 304
29 Peeyush Lala 66 14798 700 606 525 424 379
30 Timothy John Bussey 68 14476 1134 581 454 453 407
31 Gail Atkinson 59 14445 1369 836 596 594 495
32 Olga Veksler 32 14002 7925 1027 612 447 443
33 Klaus E. Meyer 51 13941 1315 959 780 685 638
34 Martin Kavaliers 63 13903 533 235 233 229 203
35 Fred Longstaffe 43 13718 7352 310 142 120 110
36 Dale Laird 61 13108 960 691 593 489 385
37 James Olson 54 12945 1542 1352 798 453 306
38 David J. Jeffrey 33 12818 4864 2430 740 706 562
39 ajay ray 55 12789 1133 705 546 521 400
40 Pratima (Tima) Bansal 34 12269 3181 1862 999 534 487
41 Rod A. Martin 46 12188 1676 1248 756 668 631
42 Lance Lochner 32 12120 2080 1804 954 932 896
43 Donald H Paterson 59 12018 812 560 487 344 313
44 Pauline Barmby 51 11866 1289 592 531 473 446
45 Lorelei Lingard 57 11710 1053 540 530 528 360
46 Eva Turley 58 11606 954 503 451 367 361
47 Morris Karmazyn 61 11433 641 422 303 257 247
48 Saverio Stranges, MD PhD 48 11405 1382 1272 703 611 426
49 Subrata Chakrabarti 64 11212 240 237 234 193 179
50 Peter C. Williamson  52 11104 1836 521 488 478 354
51 Jesse Zhu 53 11091 644 280 260 220 208
52 Rajni Patel or RV Patel or Rajnikant V Patel or Rajni V Patel or Rajnikant Patel 51 10939 543 465 297 222 198
53 Nicholas A. Kuiper 52 10763 2031 568 505 386 375
54 Peter Jaffe 46 10608 1401 989 493 405 374
55 Wayne Martino 43 10504 4655 454 344 248 228
56 Bhagirath Singh 46 10443 2161 735 523 411 308
57 Roderick White 21 10426 5133 1216 699 672 484
58 mikko karttunen 58 10407 425 376 272 266 265
59 Lisa Saksida 56 10373 1134 453 407 385 340
60 Ruth Lanius 53 10332 678 521 488 478 352
61 Jin Jiang 49 10315 1671 391 344 341 339
62 richard neufeld 49 10083 521 488 478 354 305
63 VA Miransky 46 9997 854 646 515 485 429
64 Daniel Ansari 55 9986 599 562 387 377 343
65 David Litchfield 58 9636 1068 670 327 286 274
66 John R Bend 54 9616 334 328 284 262 253
67 John Barron 23 9582 5804 1493 738 152 83
68 Jacek Malczewski 33 9521 3248 1232 1200 350 335
69 Robert J Petrella 52 9394 288 257 256 253 251
70 Victoria Esses 49 9376 757 689 641 631 385
71 Martin Stillman 51 9361 450 387 373 239 193
72 John M Murkin 41 9318 990 676 611 584 436
73 Jacob (Jake) Van Dyk 51 9285 690 621 366 276 247
74 Douglas L. Jones 40 9222 2194 1314 487 269 227
75 Guido Filler 49 9011 878 387 387 279 212
76 David Shoesmith 49 8995 516 372 330 268 256
77 Kaizhong Zhang 43 8856 1367 944 407 399 291
78 Christopher William McIntyre 48 8735 943 407 286 250 245
79 david w holdsworth 52 8669 461 326 315 297 252
80 david laidler 44 8473 1113 563 321 314 284
81 Anabel Quan-Haase 25 8319 2098 1320 800 779 450
82 Ken McRae 40 8315 713 705 587 528 476
83 David Dozois 45 8314 1335 288 285 283 258
84 Simon C. Parker 43 8264 1406 1056 284 277 269
85 Elizabeth Hampson 39 8263 611 584 574 510 478
86 Jody Culham 42 8249 809 608 544 536 523
87 Stefan Everling 43 8167 1015 590 490 361 359
89 L Stan Leung 49 8126 1178 200 171 164 161
90 James E. Cote 32 8049 1222 683 660 567 394
91 David F Sherry 39 8030 1121 622 494 433 404
92 Dwight Moulin 42 7998 641 603 510 480 474
93 Timothy J. Doherty 40 7857 1777 721 431 367 313
94 Gilles Lajoie 43 7854 944 595 556 365 288
95 Gerhard Pratt 34 7793 1242 1156 890 487 252
96 Derek Mitchell 37 7746 877 776 647 523 445
97 Eric Arts 50 7320 494 271 249 226 205
98 Klaus-Peter Ossenkopp 49 7272 235 233 229 171 167
99 J Kevin Shoemaker 43 7180 640 242 218 205 198
100 Tutis Vilis 46 7158 376 364 332 301 269
101 Mark Biesinger 25 6903 1711 1209 1047 742 526
102 Greg Gloor 39 6887 496 473 405 385 347
103 Carol Wong, RN, PhD 37 6837 684 411 367 339 315
104 R Greg Thorn 24 6816 1938 1474 938 629 253
105 David G McCormack 44 6802 760 573 474 393 180
106 Janet Martin 37 6791 1094 825 596 500 305
107 Andrew J. Watson 51 6743 944 347 194 188 178
108 A. I. McLeod 34 6725 1223 1191 419 258 255
109 Charles X. Ling 36 6697 840 702 338 266 232
110 S. Jeffrey Dixon 45 6680 686 275 201 186 185
111 Wayne Hocking 47 6667 375 360 225 188 146
112 Timothy G Conley 27 6495 1620 1283 460 417 378
113 Lars Konermann 44 6487 405 262 260 182 164
114 Glenn Bauman 45 6451 594 377 356 248 234
115 James B. Davies 35 6439 961 580 528 408 323
116 Chris Brandl 29 6412 1080 1080 1007 814 419
117 Laszlo Orloci 33 6408 1175 620 518 419 344
118 Zhiqiang Wang 39 6432 383 335 294 220 147
119 George Nakhla 44 6254 175 133 125 125 117
120 Charles L. Rice 40 6052 373 344 286 280 259
121 Geoffrey Pickering 44 6033 444 415 267 249 217
122 James Voogt 31 6036 1562 339 329 311 254
123 Marc-André Lachance 39 5999 274 204 201 168 161
124 Harry Prapavessis 46 5986 278 273 242 221 201
125 Frank Beier 46 5974 251 215 210 166 166
126 Peter Brown 39 5919 376 260 252 231 222
127 Charles Weijer 41 5938 269 217 215 202 187
128 Colin Baird 32 5892 1492 1445 317 257 210
129 Charles McKenzie 35 5885 419 325 300 274 272
130 Stephen Lomber 41 5879 815 304 292 246 217
131 Chunbao (Charles) Xu 42 5834 660 265 208 204 177
132 Xianbin Wang 34 5793 606 325 232 230 155
133 Zhifeng Ding 37 5782 766 757 357 345 141
134 Richard Malthaner 36 5745 426 423 400 298 284
135 Brent J. Sinclair 44 5706 337 181 167 161 157
136 Stephan Vachon 22 5621 1063 1046 440 378 355
137 Tony Frost 8 5580 2801 938 920 500 285
138 Pei Yu 40 5570 253 194 187 168 152
139 Richard Goffin 30 5547 1697 477 375 253 204
140 David Palma 41 5543 481 336 257 202 151
141 J. Robert Giffin, MD, FRCSC, MBA 35 5469 625 455 384 314 310
142 Stanley Dunn 40 5391 539 302 265 246 221
143 Xingfu Zou 38 5369 467 458 266 261 247
144 David E. Heinrichs 43 5322 341 329 210 182 165
145 Marco Antonio Maximo Prado 41 5308 540 159 152 136 132
146 Alan Tuck 38 5290 322 287 287 248 242
147 C.N. Wathen 33 5275 868 594 542 353 303
148 Frank Boers 35 5205 581 398 282 180 176
149 Paul Frewen 37 5152 302 285 270 265 257
150 John K McCormick 34 5127 937 702 521 285 167
151 Steve Williamson 33 5093 1109 732 455 266 190
152 Christopher G. Ellis 37 5069 472 384 283 255 249
153 Dr. Qingping Feng 38 5035 269 215 211 202 190
154 Jeremy Burton 38 4995 437 258 250 207 186
155 Bryan Neff 40 4905 555 203 186 136 135
156 Ernest Yanful 39 4893 289 227 163 140 137
157 Moncef L. Nehdi, PhD, P. Eng. 35 4856 302 236 174 174 151
158 William R. Avison 33 4783 531 391 317 307 184
159 Lorne Campbell 29 4722 674 650 397 272 256
160 Michael L. Anderson 30 4713 1245 745 255 255 255
161 albert n.katz 37 4652 447 321 269 180 178
162 George S Athwal 38 4647 169 137 128 122 103
163 Sarah C. Gallagher 35 4644 265 250 228 202 200
164 Manuel Montero Odasso 30 4615 490 350 315 296 214
165 Robert D. Austin 25 4551 1305 1080 315 287 168
166 Els Peeters 31 4506 501 463 331 313 194
167 Robert Bartha 32 4485 354 266 248 215 201
168 Michael O Poulter 34 4452 383 366 272 242 232
169 Jessica Grahn 22 4431 903 700 467 347 206
170 Rennian Wang 34 4420 460 282 218 208 206
171 Gregory Dekaban 35 4413 576 290 147 146 140
172 Grace Parraga 38 4373 397 315 184 145 126
173 Ian Cunningham 29 4363 649 280 274 268 244
174 Hesham El Naggar 37 4352 180 133 132 123 108
175 Irena Creed 34 4323 296 283 217 134 130
176 Cedric Briens 32 4300 187 141 99 97 93
177 Paul F. Tremblay 24 4295 1011 867 472 194 156
178 Andrea Soddu 36 4298 565 282 229 180 164
179 Maria Drangova 37 4291 345 227 141 139 132
180 Dr. Shannon L. Stewart 18 4266 909 636 453 357 334
181 Joe Mymryk 37 4264 307 224 188 150 148
182 Ben Li Luan 26 4228 2413 112 111 104 101
183 Eric Morse 14 4173 1113 840 707 412 269
184 Stefan Köhler 33 4159 376 295 269 268 253
185 Rajiv K. Varma 26 4152 1195 370 255 204 147
186 Gary Shaw 34 4133 540 198 198 170 129
187 Kostas Kontogiannis 36 4128 324 293 225 181 159
188 todd stinebrickner 24 4115 535 403 332 261 241
189 Dianne Bryant 30 4071 663 329 310 306 265
190 Christopher Schlachta 36 4058 489 179 150 147 126
191 Sung Ouk Kim 27 4055 1305 481 230 222 136
192 Robert Hammond 24 4032 1632 303 180 150 135
193 Etienne P. LeBel 18 4032 2262 313 285 251 124
194 Alexander G Ivanov 38 3990 304 183 175 153 114
195 Claire VS Crooks 28 3988 989 327 318 276 131
196 Vania Prado 35 3976 711 175 159 132 118
197 Liwen Vaughan 32 3975 364 355 328 220 216
198 Hong Ling 22 3975 910 617 431 382 217
199 Qing Shao 33 3927 487 302 218 198 186
200 Debbie Rudman 30 3924 1045 293 187 152 146
201 Andrew Hrymak 33 3878 313 307 253 187 167
202 Katherine Salter 37 3853 258 224 215 214 195
203 Peter Ashmore 36 3833 368 318 226 172 170
204 Donglin Bai 28 3824 487 385 372 302 268
205 Jacquelyn Burkell 21 3817 868 626 360 336 268
206 David A. Hess 27 3814 751 430 368 363 323
207 Marc F. Joanisse 30 3808 500 414 320 193 181
208 Gordon R. Osinski 34 3794 130 125 121 114 112
209 Roderic Beaujot 26 3768 1250 183 173 92 76
210 Amarjeet Bassi 36 3758 262 227 190 125 117
211 Terry Sicular 27 3755 510 501 331 222 163
212 Robert Gros 33 3741 314 254 251 220 183
213 Christine D. White 36 3729 229 177 145 142 115
214 Jayne Garland 36 3729 242 241 229 163 162
215 Lena Gorelick 14 3718 1642 1303 321 238 114
216 Lisa Cameron 27 3690 729 242 197 188 168
217 Scott A. MacDougall-Shackleton 38 3684 153 127 124 123 114
218 Silvia Penuela, Ph.D. 30 3589 593 302 233 227 201
219 Piotr Wilk 23 3571 780 596 280 268 212
220 Shantanu Basu 34 3556 334 252 184 180 160
221 Martin J. McGavin 29 3534 1234 200 165 159 140
222 Rachel Calogero 31 3531 321 255 150 148 138
223 Kristy Tiampo 34 3519 174 128 110 101 101
224 Kaiping Yang 36 3506 189 148 133 118 105
225 Stuart Webb 26 3500 476 401 333 277 231
226 Susan O Meakin 29 3493 685 236 223 222 194
227 Abdallah Shami 31 3486 232 193 182 137 129
228 marcelo kremenchutzky 26 3483 523 378 285 269 200
229 Madhumita B Ray 32 3480 383 213 189 132 126
230 Mark Bernards 30 3470 438 219 217 193 166
231 Graham J Thompson 19 3436 1474 632 347 95 79
232 (James) Wing-Yiu Choy 25 3379 340 233 232 216 210
233 Jason Gilliland 28 3369 572 388 290 213 150
234 Alison Doherty 34 3327 228 196 182 181 141
235 Stephen Foerster 19 3282 1157 355 310 306 293
236 Robert Terry Thompson 30 3276 222 157 156 134 120
237 Jay T. Stock 32 3272 244 196 161 158 157
238 Shahar Lavi 27 3258 496 359 264 170 157
239 Erin Heerey 20 3257 467 420 382 351 245
240 Matthew Thomson 11 3244 1899 658 228 141 72
241 David Driman 32 3232 287 240 166 162 146
242 Douglas D. Fraser 27 3228 737 178 141 137 115
243 Robert Andersen 27 3225 483 329 309 235 145
244 Prof. Brian L. Pagenkopf 32 3221 571 184 147 132 112
245 Luiz Fernando Capretz 32 3217 270 163 141 107 82
246 Debra Jared 20 3214 418 375 273 251 235
247 Jerzy M. Floryan 30 3204 332 209 197 133 112
248 Alison L. Allan 27 3203 430 366 287 186 160
249 Clive Seligman 27 3185 335 241 204 197 180
250 Mark Cleveland 25 3164 432 409 286 253 222
251 Kem Rogers 31 3150 825 120 113 89 87
252 Art FY Poon 29 3145 847 159 149 120 90
253 Tianqing Peng 34 3139 211 161 157 151 142
254 Rodney P. DeKoter 19 3131 712 394 338 326 251
255 J.F. Jardine 19 3099 1411 386 252 114 86
256 Paula J Foster 28 3075 274 243 240 233 233
257 Isaac Luginaah 30 3074 285 108 94 92 89
258 François Lagugné-Labarthet 35 3065 181 144 133 106 97
259 Seyed M Hosseini-Moghaddam 29 3066 281 208 183 168 106
260 Dean H. Betts 33 3049 225 221 182 174 117
261 Andrew M. Johnson 32 3148 200 175 149 140 140
262 Livio Tornabene 29 2986 307 218 129 115 109
263 Tony Withers 30 2974 306 246 174 154 147
264 Cheryl Forchuk 32 2953 109 101 96 96 81
265 Fred Dick 30 2947 270 230 153 143 135
266 John F Corrigan 31 2922 217 141 116 70 69
267 Matthew Heath 29 2870 193 186 120 114 113
268 Michael R King 27 2835 450 208 185 171 137
269 Professor Liana Y. Zanette 24 2807 367 316 247 175 134
270 Greta Bauer 26 2790 352 254 231 194 134
271 John R de Bruyn 29 2781 197 186 152 129 106
272 Anna Zajacova 23 2756 958 247 145 139 116
273 Jagath Samarabandu 24 2746 384 301 218 179 175
274 Neil Banerjee 27 2742 329 174 156 138 135
275 Robert Hudson 28 2740 284 205 156 98 98
276 Daniel B. Hardy, PhD 22 2729 475 270 259 204 188
277 Nagalingam Rajakumar 26 2703 264 244 188 181 161
278 Gregory Zaric 29 2690 247 161 121 114 112
279 Alan Leschied 25 2641 308 160 135 116 115
280 Lisa Archibald 22 2639 463 208 206 181 172
281 wilma Koopman 18 2619 599 523 200 163 150
282 Mark Workentin 30 2621 108 104 97 89 85
283 Brian D Corneil 25 2599 813 152 123 120 117
284 Paul A. Wiegert 22 2574 669 145 144 118 112
285 June Cotte 22 2570 317 296 288 190 155
286 Trish Tucker 21 2519 572 333 290 150 129
287 Lindsay S. Nagamatsu 20 2515 466 374 317 207 170
288 Ryon M Bateman, MESc, PhD 17 2501 384 291 283 249 246
289 Murray Junop 25 2487 401 276 175 116 114
290 TRH Regnault 28 2486 241 134 127 109 105
291 Kibret Mequanint 28 2482 293 180 116 97 87
292 Danielle Way 26 2444 437 278 154 116 109
293 Stanimir Metchev 27 2443 186 184 132 120 110
294 Christopher G Brown 18 2430 1216 231 79 67 58
295 Audrey Bouvier 14 2433 1260 272 150 118 101
296 Anders Holm 22 2429 430 279 263 173 141
297 Paul Ragogna 29 2419 125 124 97 78 74
298 Bryan Heit 20 2420 545 439 215 155 133
299 Susan Hunter 20 2410 345 315 296 189 158
300 Robert Linnen 27 2411 242 209 170 155 114
301 Chris Hall 20 2399 415 264 249 216 209
302 Walter L Siqueira 32 2390 155 125 125 89 71
303 Brian Shilton 26 2375 339 226 170 118 107
304 Martin Houde 26 2358 448 150 137 111 103
305 Robert C Cumming 20 2351 430 421 244 205 186
306 Elizabeth Anne Kinsella 26 2330 271 181 157 128 128
307 Richard O'Reilly 26 2322 294 131 123 91 88
308 Dimitre Karamanev 26 2318 192 190 125 116 98
309 Salvador Navarro 15 2313 722 463 328 186 164
310 Jinfei Wang 27 2281 136 134 115 115 98
311 Ryan A Stevenson 24 2281 202 198 153 142 98
312 Qian Sun 29 2268 146 136 124 119 115
313 David R. Smith 25 2260 450 299 98 87 74
314 Rithwik Ramachandran 23 2253 331 251 225 141 111
315 Perry Klein 19 2238 427 250 193 188 153
316 Daniel J. Belliveau 19 2237 527 229 198 184 178
317 Mark Vandenbosch 16 2237 769 194 189 163 143
318 Ronald S. Flannagan 19 2235 677 486 131 120 120
319 Amin Rizkalla 28 2233 190 148 104 84 77
320 Xiufen Zheng 27 2220 272 129 114 101 91
321 James Noel 28 2216 156 88 87 80 71
322 Nica Borradaile 16 2203 426 244 212 139 127
323 Marc Moreno Maza 26 2198 311 126 92 91 90
324 Lei Zhang 23 2187 338 222 186 174 137
325 Patrick Lajoie 16 2169 304 290 268 258 243
326 Nusha Keyghobadi 18 2159 402 283 237 236 130
327 P Fraser Johnson 21 2146 774 128 115 89 75
328 Arash Reyhani-Masoleh 26 2116 260 174 115 115 96
329 Joe B. Gilroy 26 2113 280 142 94 84 72
330 Lena K. Palaniyappan 25 2101 300 165 121 94 83
331 Peter Leong-Sit 24 2088 139 138 135 128 127
332 Robert Shcherbakov 21 2062 365 231 149 123 107
333 Liying Jiang 24 2061 246 161 122 98 89
334 Doug Hamilton 23 2049 240 168 157 140 104
335 W Glenn Rowe 16 2042 437 307 190 164 144
336 Michael Lock 25 2033 366 141 102 91 88
337 J Bruce Morton 22 1998 314 267 265 163 85
338 Neville Suskin 23 1997 257 162 108 98 83
339 JB Orange 25 1986 255 227 106 105 95
340 Mahi R. Singh 25 1985 90 61 60 58 54
341 Anita Kothari 24 1996 142 136 119 94 84
342 Jaques Milner 15 1982 461 327 251 193 193
343 John Paul Minda 17 1974 493 243 232 143 124
344 Geoff Wild 18 1924 347 269 243 197 144
345 Jessica Sontrop 22 1913 210 163 146 115 103
346 Lauren Flynn 21 1905 221 200 174 161 120
347 Sean R Shieh 25 1898 136 108 104 101 98
348 David M. Walton 23 1896 374 179 138 101 89
349 Louis M. Ferreira 25 1885 109 103 68 66 61
350 Kersi D. Antia 13 1884 382 341 145 143 132
351 Derrick NEUFELD 15 1871 314 224 205 172 141
352 Nathalie Berube 24 1858 171 151 136 128 124
353 Eric Savory 23 1847 171 137 90 80 74
354 Bernd Frohmann 20 1844 248 217 203 177 168
355 Penny A. MacDonald 18 1847 652 167 129 122 116
356 Patrick O'Donoghue 24 1813 216 170 157 108 104
357 Yang Zhao 24 1815 196 196 171 124 99
358 Dazhi Jiang 23 1791 213 174 148 89 83
359 Matt Davison 19 1792 275 153 150 128 124
360 Steven M Kerfoot 15 1784 400 301 207 189 155
361 Horia Hangan 23 1749 161 83 78 76 65
362 Desmond E. Moser 24 1745 193 108 92 80 73
363 Ahmed Y. Musa 21 1728 166 161 159 123 121
364 Weihan Li 26 1728 146 141 137 97 85
365 Oana Branzei 18 1695 290 192 175 146 134
366 Shauna M Burke 23 1693 345 147 76 71 60
367 Miranda Goode 6 1689 1196 343 56 53 24
368 Brian L. Allman, Ph.D. 24 1686 189 88 85 82 82
369 C A Seguin 16 1675 273 254 182 135 124
370 Audra Bowlus 19 1652 203 162 159 145 143
371 Sandrine de Ribaupierre 21 1645 359 107 82 66 45
372 Hardiljeet K. Boparai 13 1642 726 428 82 76 69
373 Jim Dickey 22 1630 130 116 112 107 90
374 PJ McKenzie 20 1619 427 97 90 88 74
375 George K. Knopf 20 1611 153 78 54 53 47
376 joy Parr 18 1606 278 202 197 126 110
377 Emma Duerden 20 1600 297 175 124 96 91
378 Paul Picot 16 1592 640 229 150 102 71
379 bekim sadikovic 19 1587 218 184 113 98 94
380 Philip M Jones 20 1581 180 174 102 97 97
381 Donald E. Abelson 16 1577 332 303 171 129 76
382 David R Edgell 20 1571 293 149 91 91 73
383 Tony Weis 12 1550 598 248 137 109 103
384 Janis Oram Cardy 20 1543 177 152 133 116 109
385 Zoe Lindo 22 1533 137 104 99 99 87
386 Mary-Anne Andrusyszyn 21 1520 180 172 165 97 67
387 Lauren E Cipriano 21 1515 194 171 150 115 70
388 Milford Green 21 1511 105 102 101 71 48
389 Robert E Mercer 20 1510 132 104 95 66 66
390 Elizabeth A. MacDougall-Shackleton 22 1500 196 153 91 82 70
391 James Staples 24 1498 92 83 78 76 70
392 Eugene Wong 21 1492 135 100 91 91 67
393 Guy Holburn 15 1469 361 304 134 112 77
394 Susanne Schmid 25 1468 117 95 78 73 70
395 Anthony Nichols 24 1455 114 104 93 83 72
396 Christopher J Ellis 22 1427 173 96 69 60 59
397 Chris Watling 21 1421 163 115 97 88 70
398 Dan Shrubsole 19 1416 356 112 74 51 47
399 Michael Groden 12 1393 437 288 156 144 64
400 Neil Bendle 12 1375 540 330 203 45 29
401 Anne F Simon 14 1373 440 216 203 100 77
402 Clare Robinson 18 1369 264 134 119 105 83
403 Maged A. Youssef, Ph.D., P.Eng. 17 1366 153 119 108 101 95
404 Jean M Macklaim, PhD 17 1356 212 210 135 125 96
405 Mary Jane Walzak 18 1344 134 134 131 116 95
406 Jamie M. Kramer 16 1337 169 138 121 118 104
407 C. A. Johnson 18 1331 227 126 124 113 79
408 Keith St Lawrence 21 1319 117 80 72 72 71
409 Colin Denniston 22 1317 145 142 90 63 54
410 G.T. Bitsuamlak 21 1315 98 69 60 60 52
411 Miriam A. M. Capretz 17 1305 215 95 56 55 38
412 Jason D Roberts 11 1295 407 311 218 87 29
413 Caroline Schild-Poulter 20 1284 219 139 105 103 80
414 Dave Armstrong 13 1286 623 123 87 68 64
415 Stephen D. Barr, Ph.D 13 1282 404 237 115 86 83
416 Kamran Sedig 19 1281 112 104 92 87 73
417 Rado Dimitrov 11 1274 202 185 154 146 143
418 Chantelle Richmond 12 1276 295 274 151 132 84
419 Ilia G. Polushin 18 1270 127 121 70 69 68
420 Kim M Shuey 13 1258 357 257 162 83 81
421 Alexander V.  Timoshenko 16 1251 205 148 112 58 57
422 Wataru Inoue 16 1238 360 103 96 88 78
423 vipul jairath 20 1233 99 80 66 58 52
424 Walter Rushlow 21 1230 188 93 82 67 65
425 Heng-Yong Nie 18 1229 116 79 70 58 56
426 Rick Csiernik 21 1223 59 50 45 42 37
427 Daniel Lizotte 16 1186 166 128 111 110 72
428 Ewan Macpherson 14 1185 354 104 76 74 72
429 Frank Davey 13 1169 180 118 106 71 60
430 Marlene Bagatto 15 1166 256 200 118 80 76
431 Michael Buzzelli 18 1160 127 116 81 80 73
432 Margaret Campbell-Brown 17 1151 252 97 73 65 62
433 Sonil Nanda 19 1142 136 122 105 94 76
434 Craig Dunbar 10 1137 395 164 164 142 103
435 Sheila Moodie 14 1125 256 179 118 102 75
436 Aleksandra Zecevic 15 1124 222 205 110 82 82
437 Roberta Flemming 20 1120 117 91 76 64 63
438 J. Andrew Pruszynski 16 1119 160 157 133 111 78
439 sisira sarma 19 1112 120 111 82 81 57
440 Godwin Arku 20 1110 80 78 66 61 53
441 Andrea Willson 11 1102 357 257 162 83 61
442 Agnieszka Leszczynski 15 1102 168 160 129 99 61
443 Marc Mitchell 6 1097 877 125 29 17 9
444 Andrew J Nelson 18 1090 103 77 63 61 59
445 Molly J. Henry 19 1080 156 95 74 67 63
446 Jin Zhang 16 1078 261 134 105 82 81
447 Sashko Damjanovski 18 1074 114 106 82 79 66
448 Michael C. Ott 17 1070 201 74 64 61 61
449 JP Vergne 11 1069 354 151 147 116 92
450 A.B. MacIsaac 13 1066 278 135 117 89 88
451 Lawrence Plummer 11 1066 296 172 147 107 83
452 George Gadanidis 16 1064 102 88 64 61 51
453 Thomas Drysdale 16 1062 223 103 95 86 65
454 Belinda Dodson 19 1061 149 122 73 58 52
455 Timothy Scholl 18 1057 78 50 50 41 34
456 Rogelio Luna 12 1037 273 203 183 75 70
457 Ana Luisa Trejos 18 1035 98 79 71 56 45
458 John A Ronald 14 1033 274 243 113 79 52
459 Laura Misener 16 1028 258 93 87 62 58
460 Dan Christensen 18 1019 156 92 79 74 58
461 Roy Eagleson 17 1007 151 60 53 47 37
462 Aleksander Essex 15 1005 184 182 113 85 74
463 Simon Bonner 15 1005 211 203 81 76 54
464 Benjamin  D Hedley 13 1001 430 93 86 66 44
465 Lars Rehmann 20 996 74 58 58 51 42
466 Wenxing Zhou 18 992 68 68 68 57 53
467 Ali R. Khan 18 980 160 66 65 62 61
468 Matthew J Meyer 17 971 83 66 66 64 63
469 Robert Sibbald 14 972 160 137 125 77 39
470 Vaughan S. Radcliffe 15 969 146 142 106 86 84
471 Sree Ram Valluri 13 950 269 115 48 43 42
472 James C. Lacefield 16 947 119 92 66 61 48
473 Hossein Yadegari 17 948 91 89 74 61 59
474 Ataul Bari 14 943 151 104 97 67 67
475 Andrew Wheatley 15 943 114 107 95 81 61
476 Rob Mitchell 8 933 215 186 146 101 87
477 Shawn Whitehead 17 936 108 81 73 68 62
478 Ken K.-C. Yeung 17 933 149 79 51 51 49
479 James MacGee 11 931 428 163 66 62 44
480 Roberto Solis-Oba 17 924 127 108 65 55 51
481 Michael Naish 17 908 98 79 45 42 34
482 Haojie Mao 17 891 152 101 65 53 48
483 Kari Veblen 16 882 145 120 116 98 69
484 Stephen Renaud 15 871 113 103 101 84 80
485 Laura Huey 18 866 64 62 60 51 50
486 Pankaj Chowdhury 10 859 222 196 159 125 41
487 Jeffrey T Wood 16 854 110 93 90 67 63
488 Katherine E. Willmore 13 851 263 111 85 82 70
489 Mehrdad R. Kermani 18 847 76 66 45 41 40
490 Allyson Page (Dykstra), PhD 10 846 517 79 56 42 24
491 Susan L. Ray 14 841 157 125 67 65 41
492 Feipeng Zhao 17 828 105 100 88 74 71
493 Rogemar Mamon 17 818 111 65 60 56 39
494 Jian Chen 17 815 137 79 50 49 48
495 Queena Chou 7 811 592 53 49 37 34
496 Robert J. Klassen 16 804 110 67 63 41 33
497 D. Adam McLean 13 803 140 93 87 79 77
498 Lindsay Bodell 16 800 148 70 50 46 37
499 Leonard Luyt 18 799 87 78 59 46 37
500 Valeriy G. Ostapchenko 18 789 104 82 72 55 51
501 Stephen Sapp 17 785 119 92 75 47 43
502 Treena Orchard 15 782 154 118 73 64 58
503 Cathy Benedict 13 773 174 158 73 45 43
504 Xiang Yu 11 772 243 93 93 63 56
505 Katina Pollock 13 765 222 186 37 30 29
506 Tomonori Kaneko 14 762 143 61 56 55 54
507 Allison R. Johnson 10 758 244 141 132 72 53
508 Stephen Lawes 8 752 196 196 124 74 48
509 Björn Herrmann 17 747 74 67 53 51 47
510 Ze-Chun Yuan 11 740 134 105 91 84 80
511 jonathan teichroeb 13 734 170 106 73 73 60
512 Marie Savundranayagam 14 736 208 133 49 46 38
513 hanxin lin 12 734 94 92 90 88 87
514 Kevin T. Hansen 9 727 151 133 95 77 71
515 David B. O'Gorman 15 727 122 101 70 57 52
516 Dr. Giuseppe Guaiana 13 725 79 79 72 71 70
517 Diana Mok 9 724 310 241 33 30 23
518 Jamie Melling 13 719 158 130 53 47 43
519 David Steven 16 719 89 66 56 51 41
520 Laura Melnyk 10 715 213 127 97 68 65
521 Ileana Paul 14 714 118 110 38 30 26
522 Adam Harmes 10 711 151 133 113 64 54
523 Wayne Myrvold 14 710 83 67 59 46 39
524 Tamie L. Poepping 15 712 106 75 64 56 54
525 Dan Jorgensen 16 703 89 74 63 44 39
526 Derek W. Cool 15 701 122 68 49 49 47
527 Dawn P Gill 15 702 119 73 51 42 36
528 Hossam Isack 5 699 479 186 13 7 7
529 Maya Shatzmiller 16 699 127 56 53 51 42
530 Loretta Norton 12 690 246 90 82 63 29
531 Timothy D Wilson PhD 16 690 61 48 47 40 37
532 Mark Goldszmidt 13 686 106 72 65 60 54
533 Haroon I Sheikh 15 687 109 75 70 38 37
534 Shannon L. Sibbald 12 688 162 119 94 39 30
535 Paulette Rothbauer 12 674 240 152 32 30 26
536 Ilka U Heinemann 14 667 224 71 46 39 39
537 Samuel Clark 11 660 210 119 88 48 39
538 Christopher Alcantara 15 662 65 49 47 40 34
539 AX Li 12 657 98 98 70 69 54
540 Lars Stentoft 12 652 159 131 74 53 37
541 Mamadou DIOP 16 647 64 54 46 38 29
542 Laura B. Stephenson 13 641 83 56 56 54 43
543 Hao Yin 13 643 134 71 70 46 40
544 Ruth Wright 13 634 110 100 62 48 27
545 Nicole Haggerty 11 634 132 94 84 80 44
546 Kathryn Hibbert 12 628 157 70 48 41 36
547 Paula Dworatzek 10 612 223 97 70 65 33
548 Carol Hunsberger 12 610 93 88 80 62 38
549 Kelly K. Anderson 15 611 106 44 34 34 33
550 Amy Reichelt 14 610 104 67 58 53 39
551 Rodrick Lim 15 609 66 65 59 37 34
552 Susan G Stanton 12 609 158 72 46 38 38
553 Jennifer E. Sutton 14 606 160 86 52 30 26
554 Matthew G. Teeter 13 605 56 42 35 30 26
555 Joanna R. Quinn 12 604 75 70 59 51 37
556 Sanjay Kharche 16 604 71 55 54 40 32
557 J Seeley 13 602 208 80 47 36 30
558 Christopher R Shaler 14 599 149 55 47 47 42
559 Rachel Margolis 9 592 157 145 66 43 37
560 Russell J Dickson 7 593 212 210 91 31 15
561 Henrik Lagerlund 14 591 60 51 38 30 25
562 John Costella 8 589 397 33 30 29 28
563 Amanda Moehring 11 575 128 70 65 55 46
564 Dang Ho 8 571 170 168 70 45 40
565 L Graham Smith 10 558 238 82 61 55 30
566 Mohammad Reza Najafi 11 552 158 63 58 57 44
567 Daniel Milej 16 549 66 43 39 36 31
568 Mojtaba Momeni 10 547 124 79 68 55 46
569 Katarina Grolinger 10 546 215 95 32 31 24
570 Saidur R. Chowdhury, Ph.D, P.Eng 5 547 289 95 73 46 38
571 Silvia Perpiñán 7 545 336 62 38 30 18
572 Tirumala Kasanneni 13 541 104 82 52 51 33
573 Nicholas Power 12 542 76 76 54 40 33
574 Dennis G. Michaelson 10 527 157 74 74 50 44
575 Laurel C. Austin 8 524 373 38 33 23 15
576 Adam R Fremeth 9 521 329 32 27 25 24
577 Graham Denham 13 520 114 45 32 26 21
578 Ben Woodard 7 522 367 54 40 23 15
579 Danielle Glista 12 515 200 46 36 29 28
580 Bryan E.G. Lucier 14 509 71 50 50 45 44
582 Marianne A. Larsen 11 505 87 78 52 36 25
583 Min Tae Matt Park 11 504 119 105 45 38 31
584 Neal Ferris 12 503 73 56 44 37 28
585 Abouzar Sadrekarimi 13 504 62 60 55 47 38
586 Matthew Cecchini 13 509 75 70 55 37 37
587 akshya vasudev 12 501 58 46 39 37 34
588 Marina Cvetkovska 8 500 142 110 67 55 35
589 Gregory Pavlov 7 492 219 79 62 61 23
590 Cameron Anderson 11 490 237 33 32 21 20
591 Adam G Yates 14 484 88 45 40 35 26
592 Ian C. Colquhoun 9 480 132 90 58 51 29
593 Changhong Wang, Ph.D. Candidate 7 481 146 142 68 58 22
595 Dominic S. K. Lim 7 473 172 107 107 44 20
596 Ananth Ramanarayanan 6 468 310 85 28 21 11
597 Hisham Mahmood 9 468 157 74 50 44 34
598 Anwar Haque 9 464 225 45 26 23 22
599 Johanna Weststar 13 460 77 75 50 20 18
600 Mingu Kim 11 459 129 44 39 39 31
601 Ayan Sadhu 13 459 67 39 39 34 34
602 Manina Jones 10 446 233 49 26 18 14
603 Timothy A. Burkhart 10 443 101 70 41 32 31
604 Farahnaz Faez 11 438 82 82 51 36 32
605 Mehmet A. Begen 8 437 173 117 36 18 14
606 Ning Su 8 433 175 62 52 41 36
607 Maria Goltsman 6 432 219 83 79 14 14
608 Tara M. Dumas 11 433 80 63 48 34 32
609 Carri Hand 9 431 140 74 58 27 25
610 Diane-Laure Arjaliès 6 430 160 118 73 23 12
611 Andreas P.J. Schotter 10 425 105 73 31 31 27
612 Quazi Rahman 7 423 204 114 15 9 8
613 Thomas Tieku 8 422 138 70 53 44 19
614 Matthew FD Brown 10 421 199 63 36 21 16
615 Adam Riese 8 419 130 116 54 39 26
616 Bonnie Simpson 8 420 128 114 45 43 29
617 Sally McNamee 9 417 140 74 46 31 24
618 Marilyn Randall 9 415 142 72 51 20 17
619 Carol Beynon 8 415 240 240 39 26 20
620 Adrienne Vanthuyne 11 412 40 31 28 24 17
621 Sayra M Cristancho 12 409 34 27 24 23 20
622 Cameron Tsujita 11 409 79 51 42 34 27
623 Abram Oudshoorn 12 404 62 47 41 36 25
624 Samantha Joel 12 402 72 58 40 26 24
625 Kaitlin E W Laidlaw 6 400 139 119 59 36 12
626 rakesh joshi 12 395 54 40 38 34 25
627 Wilson A. Higashino 7 387 215 95 15 11 8
628 Paul Tarc 10 387 119 40 33 29 27
629 Erica A Giammarco 8 387 169 46 42 40 34
630 Domenico Santoro 10 385 78 52 51 39 31
631 Ivan Culum 4 385 246 104 21 9 3
633 Marlene Janzen Le Ber 6 379 146 91 71 33 17
634 Hamidreza Abdolvand 9 372 73 69 69 46 44
635 Elizabeth Russell-Minda 8 370 104 72 51 42 38
636 Angela Mendelovici 10 370 136 39 35 32 32
637 Hadi Ghofrani 10 367 97 47 45 31 27
638 A. Wren Montgomery 3 363 152 109 97 3 2
639 Abdelkader Ouda 7 361 137 41 37 34 32
640 Ezugwu Sabastine 11 361 41 33 30 20 16
641 Firouz Badrkhani Ajaei 10 359 84 60 49 35 27
642 Manar Jammal 5 359 182 137 17 11 5
643 Richard Gardiner 12 358 49 43 33 31 24
644 Eric Johlin 7 355 219 41 20 16 14
645 Reza Faieghi 10 350 86 48 40 29 26
646 Shawn Garner 10 350 86 47 39 34 26
647 Kristin Hoffmann 6 348 159 159 71 62 16
648 Augusto Riveros 8 348 148 41 37 15 13
649 Christine L. Brown 6 345 237 22 22 21 13
650 Ryan Willing 10 343 46 36 34 22 19
651 Sarah McLean 6 342 104 65 53 46 39
652 Gail Teachman 10 339 64 49 43 32 26
653 Andrew R. Dykstra 9 339 113 74 34 25 17
654 Bryce Traister 9 339 156 39 23 23 18
655 Lauren A Solomon 8 335 74 63 60 53 27
656 Jahirul Mazumder 8 334 196 35 26 21 20
657 Alvin H Li 8 330 113 40 40 35 26
658 John J Kelly, Ph.D. 11 327 62 47 35 26 22
659 Andres Carvajal 9 325 54 48 31 26 19
660 Margaret McNay 9 326 108 35 32 27 24
661 gal raz 6 324 66 59 53 49 42
662 Chris Kapulkin 8 323 150 64 31 16 15
663 Gabriel A. Huppé 6 323 219 24 22 14 14
664 Helium Mak 5 322 266 22 12 9 8
665 Mohammadali Tabatabaei 7 320 61 60 52 40 34
666 yige bao 7 319 153 57 33 15 14
667 Xiaoyuan Zeng 10 319 77 34 28 27 19
668 Kelly Olson 8 318 121 37 37 35 29
669 Mostafa Taha 9 316 66 48 27 25 23
670 David A. Rivers 6 315 186 49 21 17 17
671 Katja Klein 11 314 62 43 33 23 22
672 Ivan Barker 9 313 73 51 37 33 23
673 Jury Gualandris 8 312 76 71 60 38 22
674 Yimin Chen 7 309 77 65 62 38 27
675 Masuduz Zaman 6 307 117 85 63 18 14
676 Elvis C.S. Chen 10 306 25 24 21 17 16
677 Daniel Thompsen Passos 11 303 28 27 27 26 24
678 Richard Booth 6 296 84 66 42 27 20
679 Ali Asadian 10 295 38 37 31 26 25
680 Wonkyong Beth Lee 8 294 104 39 27 25 20
681 Muhammad Badrul Islam Chowdhury 8 293 107 41 34 29 26
682 Dante Pirouz 8 292 76 55 35 27 18
683 Dr Arif Raza 10 291 44 36 29 24 19
684 Taylor Kohut 11 290 48 35 30 24 23
685 Bipasha Baruah 10 287 42 41 33 31 20
686 Abhijit Saxena 6 285 101 86 29 23 16
687 Konstantin Fedotov 9 284 93 43 34 31 17
688 Katherine Kasper 8 285 112 43 32 25 18
689 Leigh M. Vanderloo 10 281 53 46 29 27 13
690 Tayyab Shah 7 279 84 71 23 21 13
692 Eric Taylor 9 278 60 51 31 26 24
693 Grigori Erenburg 6 277 93 62 47 38 14
694 Syed Ahmed Raza Naqvi 7 277 94 46 41 34 14
696 Karen P. Nicholson 7 276 90 55 55 55 42
697 Jacqueline Sullivan 8 271 82 37 33 14 13
698 Christopher Keep 7 273 63 52 41 28 19
699 Erin Hannah 8 271 119 40 22 16 14
700 Peter James Henshaw 9 268 114 19 16 15 12
701 Sharifa Nasreen 8 267 115 35 21 17 17
702 Stephanie E. Coen 7 267 99 52 30 22 20
703 Andrew F. Clark 9 266 35 30 30 27 26
704 Vahid Dehnavi 6 256 111 47 30 29 25
706 Dora M.Y. Tam, BSW, MSW, Ph.D. 10 249 27 24 24 22 14
707 Neil H Merritt 7 249 82 55 14 13 12
708 M. Abdul Mumin 9 244 64 39 31 25 22
709 Deanna Friesen 8 250 81 34 27 23 17
711 Tara M Farrell 10 240 42 36 27 22 19
712 Stacey Guy 8 237 107 27 24 17 13
713 Norma Coates 7 236 111 51 23 12 8
714 Jun Du 9 236 58 23 21 20 19
716 Deanna Alexis Carere 8 230 33 32 28 24 20
717 Liya Ma 6 229 116 48 26 16 14
718 Marcie Campbell 7 227 56 43 30 27 15
719 Laura Brunton 7 226 62 51 29 21 19
720 Reza Mousavi 9 225 46 37 31 22 19
721 Jordana Costa Soares 6 224 74 57 17 17 15
722 Shengtai Zhou 9 223 54 26 25 20 19
723 Maxwell J. Smith 8 218 49 28 28 17 12
724 Haley Sapers 7 217 91 27 17 14 12
725 Ehsan Abolhasani, M.D. 9 217 68 26 20 17 16
726 Patrick Joseph Ryan 8 216 93 28 18 16 12
727 Juan Chen 9 212 37 34 32 26 16
728 Blake E. Butler 10 212 35 28 25 23 16
729 Brendt C. Hyde 8 211 70 51 21 14 9
730 Idowu Ajibade 5 210 75 67 35 6 5
731 Aaron David Price 7 209 80 19 15 9 9
732 David MacGregor 5 208 80 49 31 10 8
733 Shahbaz Sheikh 8 208 69 32 26 22 15
734 Jeffrey Weiler 10 208 25 23 19 19 17
735 Michael J. Ravenek 6 207 56 40 35 34 12
736 Lisa Hodgetts 8 208 40 24 19 17 16
737 Saman Maleki 8 206 30 28 23 21 20
738 Andre Schardong 9 203 40 18 18 16 16
739 Melissa Battler 8 202 33 33 21 16 14
740 Gaston Keller, PhD 7 200 78 27 25 19 18
741 Michael Tighe 8 199 78 25 19 18 17
742 Susan Wingert 8 197 39 34 26 25 24
743 Zhifan Gao 8 195 42 38 15 12 11
744 Chowdhury Mohammad Jubayer 7 193 63 35 23 11 10
745 Andrea Di Sebastiano 7 193 43 40 37 24 18
746 Erika Simpson 6 193 57 33 33 33 18
747 Haitham Aboshosha, PhD, PEng 8 192 44 24 23 19 17
748 Jonathan McLeod 8 188 25 22 14 14 13
749 Brandon Schaufele 5 188 99 27 22 8 5
750 Paulo Miles-Páez 7 186 72 19 13 11 10
751 Patel, Jigs 6 186 76 34 33 14 13
752 Noha Nasr 6 185 83 37 37 11 9
753 Joseph R. Stinziano 6 184 63 40 24 18 16
754 Immaculate Kizito Namukasa 9 183 19 17 14 13 12
755 Debra Dawson 7 181 39 27 26 20 10
756 Corey A. Baron 9 181 42 21 19 15 14
757 Jonathan C. Lau 3 178 137 19 13 2 2
758 Katerina Rnic 7 178 54 35 32 19 13
759 Francine McKenzie 8 178 36 32 31 11 11
760 Kate H. Choi 8 177 39 34 29 21 21
762 Simona Cociuba 6 174 92 41 11 11 6
763 Jing Zhang 8 173 31 22 18 17 17
764 Daniel Brou 5 173 69 40 31 16 8
765 Cassandra Lowe 7 172 38 28 24 20 19
766 Christine Di Cresce 5 169 70 33 24 21 14
767 Michael Pest 7 168 45 26 22 20 14
768 Sheila A. Boamah 6 168 50 36 28 17 6
769 Adam Rankin 4 168 136 13 4 4 3
770 Michael Dixon 5 166 45 33 25 18 6
771 Rahel Rabi 5 166 104 27 14 12 7
772 Kyle F Paradis 7 165 35 25 24 17 16
773 Robert MacDougall 7 164 45 30 19 14 11
774 Kasey Stanton 7 163 45 17 16 12 12
775 Joana B. Vieira 7 162 39 31 22 19 14
778 Mohammad Z. Hossain 8 159 31 21 16 14 12
779 Behzad Hassani 8 158 34 23 21 18 13
780 Krista Marie Vincent 7 157 27 26 19 18 16
781 Lorbergs, AL 8 156 33 32 15 14 14
782 Yulong Liu 7 158 47 26 15 15 14
784 Rasha Kashef 6 155 55 42 15 8 8
785 Colleen McGrath 4 155 69 42 17 9 3
786 Heather Hill 6 154 50 23 13 13 10
788 Tracy Robinson 6 153 41 27 26 23 16
789 Xiang Li 7 152 21 17 15 14 10
790 Ahmed Ishtiaque Amin Chowdhury 5 154 69 33 29 12 8
791 Mike Szekeres 5 151 52 32 19 15 9
792 Amy C Burke 6 152 40 37 28 21 9
794 Tyler Desjardins 7 149 48 21 20 16 14
795 Corey Dyck 6 146 37 26 14 10 9
796 Laura G Rosen 9 145 22 21 17 16 13
797 Christopher T. DeGroot 7 145 32 21 21 19 16
798 Krista Lysack 5 144 80 21 14 13 7
799 Denis Vida 7 144 17 14 14 14 13
800 Timothy Pok Chi Yeung 7 143 42 24 16 15 12
803 Klajdi Puka 7 143 25 16 14 13 9
805 Pirathayini Srikantha 6 139 42 21 18 14 13
806 Saba Shahab 5 136 92 12 11 9 7
807 Cornelia Hoogland 7 135 32 14 12 12 10
808 Alexandre Garreau 5 134 38 38 24 19 5
810 Alex J Benson 7 133 24 22 16 10 9
811 Andreu Fernández-Codina 6 133 40 17 15 14 14
812 Ran Xu 5 133 38 32 19 17 8
813 Ken N. Meadows 7 132 39 26 20 11 10
814 Esmaeil Enjilela 5 132 62 32 15 9 8
815 Anton Puvirajah 8 131 28 18 17 14 13
816 T M Lemos 5 132 66 16 16 10 10
817 Pavlo Sukhachov 6 129 27 25 12 11 10
818 Elisabeth Davies 5 128 46 25 18 16 16
819 Charles Yin 5 128 53 34 12 8 6
820 Hubert Pun 6 127 45 17 11 8 8
822 H Moriah Sokolowski 5 127 39 27 18 18 8
823 Fredrik Odegaard 6 126 31 20 14 14 11
824 Ahmed Elshaer 6 127 44 24 14 7 7
826 Breanna Ellen Atkinson 4 127 42 40 25 12 12
827 Karen Pennesi 6 124 42 21 19 7 7
828 Sameer Dixit 8 123 24 18 17 13 13
829 Ayman M. EL Ansary, Ph.D., P.Eng., M.ASCE, M.CSCE 7 123 23 17 14 14 11
831 Baraa Al-Khazraji 7 122 28 26 19 17 10
833 Thy Phu 6 118 46 11 10 10 10
834 Mark Weyers 6 117 68 9 8 7 7
836 Muhammad Iqbal 4 116 68 33 7 5 2
837 Joshua I. Vincent 7 115 19 18 16 10 8
838 Zack Taylor 6 115 27 22 19 10 10
839 Jessica G. K. Tong 5 114 48 21 16 12 10
840 Emily J Simpson 4 114 78 20 8 5 1
841 Bahareh Khalili Najafabadi 6 112 25 16 16 14 13
845 Brendan Walshe-Roussel 7 110 26 20 13 10 10
846 Anil Kumar Jhawar 6 109 26 20 19 10 10
847 Gavan P.L. Watson 6 108 27 21 12 10 7
848 Sina Gerayli 5 107 34 31 13 9 8
849 Nicholas L. Bremner 4 107 58 28 9 6 2
852 Tom Malleson 6 105 57 11 10 6 6
854 Etienne Godin 6 104 26 23 13 7 6
856 Jantina Toxopeus 6 103 22 22 19 18 9
857 Karyn C. Olsen 6 103 43 26 9 7 7
858 Justin Donhauser 4 106 63 17 6 6 4
862 Kalin I. Penev 7 99 19 17 9 9 8
863 Nafiz Zaman Shuva 6 99 19 17 9 9 8
864 Hadi Babaei 3 98 75 10 5 3 3
865 Nole M. Hiebert 5 98 30 20 17 16 13
866 Anna Hocking 5 97 36 29 11 7 6
867 Djordje Romanic 7 96 23 11 9 7 7
869 Md Zakir Hossain 4 96 64 10 8 5 4
870 Sarah Miles 5 95 34 25 14 12 6
871 Jianyou Zhou 5 96 24 21 16 15 8
872 Jacqueline S Dron 6 95 33 21 13 10 7
873 Peyman Dordizadeh 5 95 31 24 17 9 5
874 Xin (Shane) Wang 5 95 28 20 16 11 9
875 Chunhua Liao 4 94 72 6 5 4 3
876 Maria J C Machado 4 94 32 28 15 15 3
877 Jiwen Guan 6 92 20 15 13 13 10
879 Michelle S. M. Li 6 91 19 13 12 11 11
881 Ryan Chanyi 6 91 30 16 14 11 6
883 Shahin Sowlati-Hashjin 6 92 23 20 12 12 9
884 Nanda Dimitrov 7 89 26 14 11 10 8
885 Stephen Van Hedger 5 89 23 18 13 6 6
887 Melissa A MacLeod 5 88 31 11 11 8 7
889 Phil Tsang 5 87 24 20 14 14 5
890 Mohammed Al-Onaizi 5 87 30 19 12 10 9
893 Diego Cantor-Rivera 4 85 36 20 19 6 4
894 Gabrielle Lee 4 86 56 12 4 4 3
895 Dominic Pjontek 6 85 23 14 13 9 8
898 Harish Pungotra 5 83 17 16 12 8 5
899 Tavis Apramian 6 83 15 14 12 9 7
900 Nikolas K Knowles 5 83 19 16 13 9 9
901 Liliana Alvarez 5 83 22 15 8 6 6
902 Daniel Varona 3 82 36 26 16 2 1
904 Deepa Jeevanantham 5 82 33 12 11 10 6
905 Keegan Adair 6 83 22 13 13 12 10
906 Evan Cleave 5 81 21 17 11 7 7
907 Alex S. Torson 4 81 37 19 18 6 1
908 Andrew Vo 5 81 30 16 13 7 7
910 Thomas GW Telfer 5 79 16 12 11 7 5
911 David A. Aldred 6 80 24 11 11 11 8
912 Amir Rabiee Kenaree 5 78 26 21 9 5 5
913 Rita Gardiner 4 77 43 8 5 4 4
915 Beth Hundey 4 76 36 18 11 6 4
916 Jonathan A. Amoyaw 5 76 26 15 10 8 8
918 Alexander J Moszczynski 5 75 17 16 12 11 7
920 Scott Schaffer 4 74 32 24 8 5 4
923 Paula Folkeard 3 73 33 20 16 2 1
924 Michele L. Barbeau 3 73 35 25 10 3 0
927 Alicia A. Lapointe 5 72 25 13 9 6 6
928 Jacob Short 4 72 36 19 19 4 4
929 Miaomiao Wang (王苗苗) 4 71 28 27 10 4 2
930 Jeremy Cepek 5 69 28 13 10 8 6
933 Sihan Li 5 69 23 14 8 5 5
934 Kilian Nasung Atuoye 4 67 36 6 4 4 3
935 Osameh Ghazian 6 67 19 10 10 10 9
937 Abul Fahad Akon 4 66 40 9 8 6 2
938 Dr Hannah O. Ajoge 3 65 24 18 15 3 2
939 Rajesh Jacob 5 65 18 12 9 8 7
941 Ndashimye Emmanuel 5 64 15 15 15 11 7
942 James Alexander Hughes 5 63 17 9 9 8 8
944 Roberto Leone 4 63 38 9 8 6 2
945 Jason L Chan 3 63 30 21 6 3 2
948 Soulaimane Berkane 5 62 17 7 6 5 5
949 Michael Wammes, MSc 3 62 30 24 4 4 2
950 AbdulMutalib Wahaishi 5 61 13 9 8 8 7
951 Hessamoddin Jouybari-Moghaddam 4 61 18 12 9 6 4
952 Marni Harrington 4 60 32 15 5 5 1
956 John Grant 4 57 14 10 10 5 4
957 Mahdiyeh Entezarkheir 6 56 10 8 8 7 7
958 Sasha Reschechtko 5 56 15 10 8 7 7
961 Caylen Cloutier 6 56 10 10 9 8 7
962 Abdallah Moubayed 3 55 23 11 5 3 3
964 Matthew Maxwell-Smith 5 56 21 7 7 7 5
965 Joshua Schuster 4 56 16 13 10 4 4
970 Adnan Hossain Khan 4 54 19 12 9 5 3
971 Ken Kirkwood 3 54 30 8 4 3 3
974 Nicole Pinto 3 52 21 14 12 3 2
977 Herman Sehmbi 4 50 18 13 5 4 4
978 Dibakar Mondal 5 49 15 12 5 5 5
979 Kane X. Faucher 5 49 10 10 6 5 5
981 Nicholas Mitrou 4 49 19 10 7 4 3
983 Elmond Bandauko 4 49 10 9 9 4 3
988 Ahmed Hegazy 4 48 17 13 8 6 3
989 Victor H. Aguiar 3 47 14 13 10 3 2
990 Rhonda Balzarini 4 47 13 10 9 7 4
992 Faizan Ahmed 3 46 24 12 8 1 1
997 Mohammad Chowdhury 3 44 16 15 7 3 2
999 Mehran Behazin 4 43 19 16 4 4 0
1000 Mohammadreza Ghazanchaei 4 43 9 9 7 6 4
1006 Ahmed Almousa 3 42 14 12 11 3 2
1011 Sean Waite 2 41 31 7 2 1 0
1012 Melissa Knott 4 41 11 10 8 6 4
1014 Ryan Armstrong 4 40 14 5 5 4 4
1015 Taraneh Khazaei 5 40 7 6 5 5 5
1021 Ruipeng Lu 5 39 10 8 6 5 5
1022 Jennifer A Opoku 2 38 20 15 2 1 0
1023 Golafsoun Ameri 4 38 9 6 6 6 4
1024 Javeed Sukhera 4 38 10 8 5 4 4
1026 Yi Liu 3 37 16 6 4 3 2
1030 Jessica Stromberg 4 36 7 6 5 4 2
1035 Rhiannon V Rose 3 35 29 3 3 0 0
1039 Mohammad Fazel Bakhsheshi 4 34 10 5 5 4 2
1040 Rachel L Eddy 4 34 7 7 6 4 3
1042 Atle Mikkola Kjøsen 3 33 20 5 4 3 1
1043 David Calnitsky 4 33 15 6 5 4 2
1046 Leonardo Guizzetti 3 33 14 9 7 1 1
1047 Vanitha Arumugam 4 32 9 8 4 4 3
1048 Mansur Khamitov 4 32 10 10 7 4 1
1049 Jonathan De Souza 3 32 12 10 4 2 2
1051 Stephen E. Sherman 5 32 7 6 5 5 5
1056 Kristina Miller 4 31 11 8 6 4 2
1058 Nicole Neil 3 30 10 7 4 3 2
1059 Androu Abdalmalak 4 31 7 7 6 4 3
1060 Kurtis H Dekker 4 30 9 9 5 4 2
1062 Yasser Rahrovani 4 29 10 4 4 4 3
1064 Joshua D. Wright 4 29 12 4 4 4 2
1067 Alice P. Sedziafa 3 30 8 5 4 3 3
1072 Monica F. Tomlinson 2 28 21 3 1 1 1
1073 Lillian Rigling 1 28 28 0 0 0 0
1074 Catharine Dishke Hondzel 3 28 10 5 3 3 3
1075 Uditha Jayarathne 2 28 14 4 2 2 1
1082 Bhairavi Shankar 3 27 9 5 3 2 2
1083 Mai Elfarnawany 4 27 7 6 5 4 2
1091 Adam Bohnet 3 26 11 8 4 2 1
1093 Francisco J. Sanchez Careaga, Ph.D., P.Eng 3 26 9 6 5 3 3
1094 Tyler S. Beveridge 3 26 7 7 5 3 2
1096 Daniel vaillancourt 3 25 9 4 3 2 2
1099 RA Plouffe 3 25 12 5 4 2 1
1101 Charys M. Martin 2 25 14 5 2 1 1
1103 Robyn Read 3 24 10 4 3 3 1
1104 Pouya Sharifi 2 24 16 3 2 1 1
1108 Colin W Moore 3 24 9 7 5 1 1
1114 Ashleigh de cruz 2 22 8 7 2 2 1
1121 Waleed Kishta 2 21 8 7 2 2 1
1123 Roger Antabe 3 21 6 4 4 3 3
1129 Taryn Suzanne Marie Taylor 3 20 11 4 3 2 0
1131 Annick MacAskill 3 20 10 5 5 0 0
1132 Michael Iacocca 2 20 12 6 2 0 0
1133 Fakhri Shafai 2 20 12 6 2 0 0
1137 Nicole Westlund Stewart 2 19 7 7 2 1 1
1139 Gaya Sivakumar 2 19 9 9 1 0 0
1143 Thea Knowles 2 18 8 7 2 1 0
1144 Lauren Anstey 3 18 8 4 3 2 1
1146 Victoria Meredith 3 18 9 3 3 2 1
1152 Ken Roberts 2 16 5 5 5 2 1
1156 Siera Vercillo 3 16 4 3 3 3 2
1162 Jeremy Bourque 2 16 7 7 1 1 0
1164 Alison Divine 2 15 9 3 1 1 1
1169 Aaron Massecar 3 13 3 3 3 3 1
1171 Brendan Riggin 2 13 8 2 1 1 1
1172 Abdulbaset hamed 3 13 3 3 3 2 2
1174 Dr. Anisha Datta 2 12 5 3 2 1 1
1177 Eric Lessard 2 12 8 3 1 0 0
1178 Alexandre Scott 2 12 7 2 2 1 0
1182 Michael MacFarlane 2 12 6 4 2 0 0
1183 Nicole A. Guitar 2 12 7 4 1 0 0
1184 Greydon Gilmore 2 12 7 3 2 0 0
1195 Nicole K Dalmer 2 10 4 3 2 1 0
1205 Darlan Arruda 2 9 5 4 0 0 0
1206 Rami Abo-Shasha 1 9 7 1 1 0 0
1212 Julius-Kei Kato 2 9 7 2 0 0 0
1219 Derek Silva 1 8 8 0 0 0 0
1222 Melanie Mills 2 7 5 2 0 0 0
1226 Lisa Rae Philpott 1 7 7 0 0 0 0
1234 Cory E. Goldstein 1 7 6 1 0 0 0
1245 Adriana Soto-Corominas 1 6 3 1 1 1 0
1249 Alena Robin 1 5 2 1 1 1 0
1256 Goris Serj Nazari 2 5 3 2 0 0 0
1266 Jamie Shaw 1 5 3 1 1 0 0
1282 Elise Harrington 1 3 1 1 1 0 0
1288 Arash Ashrafi 1 3 1 1 1 0 0
1302 Leif Schenstead-Harris 1 2 1 1 0 0 0
1311 Jason Dyck 1 2 1 1 0 0 0
1312 Heather M Young 1 2 2 0 0 0 0
1329 Matt Shelvock 1 1 1 0 0 0 0
