1 jiashu zang 82 42707 1299 1123 647 556 414
2 Longfei Wang 77 39753 800 474 445 423 379
3 Hai Cheng 80 34861 5349 2505 1784 1302 1131
4 张春霞 Zhang Chun-Xia 68 32681 1135 886 854 556 545
5 Wen-Quan Tao (陶文铨） 70 29144 5475 3830 3830 3830 3830
6 Guangmin Wang（王光敏） 58 27734 1881 922 679 601 575
7 Kai Ye 31 25559 6047 5301 2534 1837 1482
8 Li-Xin Wang 35 22404 4606 4222 3249 2587 1698
9 Yufeng Li (李虞锋) 44 22217 199 115 82 78 62
10 Liejin Guo-郭烈锦 66 21880 4377 594 412 364 363
11 Yihong Gong 57 19341 2946 2912 1702 771 694
12 Qiu-Wang Wang (王秋旺) 48 15996 1032 206 187 152 139
13 Tian Jian Lu(卢天健) 59 15266 536 416 411 370 250
14 Ya-Ling He (何雅玲教授) 61 13805 224 221 221 209 170
15 Chunming Niu 51 13092 1583 1124 1080 501 463
16 Zuohua Huang 58 12416 407 258 225 225 217
17 Lionel Vayssieres 33 11548 2903 1126 1124 861 678
18 Ce Li,李策 51 10965 559 254 225 217 204
19 jiankang liu 59 10571 592 510 389 380 360
20 Wei Ma(马伟) 41 10394 2078 986 436 308 306
21 Hongying Zhang 41 10097 275 229 134 133 129
22 Feng XU (徐峰) 45 8295 414 411 399 246 239
23 Chi Zhang 35 8269 299 78 63 62 60
24 Zhao Liu 17 7535 6441 264 100 81 73
25 Xu Yong 39 7317 347 279 270 204 137
26 Zhu Wenhua 10 6818 6522 53 32 32 28
27 Shujiang Ding 42 6487 345 318 308 285 267
28 Dr. Zhao Liang 39 6459 212 194 193 149 136
29 明尚 金 28 5726 1160 358 338 336 300
30 Wei Cheng 28 5636 2458 276 227 146 137
31 Xuefeng Chen 40 5540 475 162 157 137 115
32 Zhiwei Shan 31 5443 716 695 690 527 383
33 Li Shengtao 30 5361 788 272 233 202 168
34 Jie Wang 40 5036 339 218 191 184 183
35 Yaguo Lei / 雷亚国 32 4662 602 354 297 296 207
36 Gang Wang 10 4481 1256 888 763 712 501
37 Qingfang Liu 31 4321 332 101 94 83 79
38 jinjun liu 28 3948 435 279 241 131 113
39 Jing Wei 魏晶 32 3866 706 528 241 158 147
40 Jinyu Zhang (张金钰) 34 3669 240 157 110 96 87
41 Xiaojie Lou 31 3359 380 236 188 146 146
42 Wenbo Zhang 24 3354 796 371 153 123 102
43 Xiaohui Zhang 25 3324 414 354 336 308 247
44 Jinxiong Zhou(周进雄) 26 3024 471 246 208 192 161
45 WANG GANGFENG 27 2992 374 246 230 181 132
46 MING LIU 27 2984 299 229 183 121 119
47 Mingming Zhang 29 2967 520 308 230 135 118
48 Tingzhong Wang 29 2918 254 108 101 100 100
49 宝苍 丁 26 2808 277 143 120 120 92
50 Badong Chen 25 2803 237 152 140 118 107
51 Zishun LIU (刘子顺) 30 2797 316 111 102 85 82
52 Zhou Di 27 2754 117 114 105 81 81
53 Deyu Meng 27 2722 282 132 123 117 109
54 Zhiguo Qu (屈治国) 27 2712 221 120 93 92 85
55 Hui-Ming Wang 29 2593 205 163 141 98 89
56 Shemin Lu 26 2523 368 205 87 76 63
57 rui-hua xie 30 2523 146 117 98 90 89
58 Baolin Guo (郭保林) 31 2467 270 184 114 101 91
59 Xueming Qian 25 2181 185 154 105 104 84
60 Jian Sun 16 2099 625 444 186 115 107
61 Zhendong Sha 26 2097 266 147 123 109 90
62 Yuchao Tang(Doniel) 23 2077 331 125 114 97 85
63 Chuanbo Gao (高传博) 28 2073 185 138 137 123 113
64 Jiangshe Zhang 23 2068 356 208 131 72 69
65 haifeng du 19 1983 394 176 134 126 119
66 Sen Yang 21 1871 247 217 93 75 49
67 Yinshi LI 23 1841 322 173 124 112 95
68 Kai Chen 24 1822 156 148 141 133 115
69 Yi Pan (潘毅） 17 1791 391 190 172 151 123
70 xiaogang liu 22 1790 187 173 166 97 96
71 Li Jin 22 1773 302 185 118 99 84
72 Xingtian Yin 18 1730 260 215 174 161 82
73 Zhenmao Chen 25 1724 79 74 65 60 59
74 Bai, Bofeng 20 1721 119 101 69 67 66
75 Guimin Chen 陈贵敏 20 1680 212 205 87 84 82
76 Xiaolong Yang 18 1658 279 264 227 166 84
77 Junyi Cao 22 1642 214 143 137 128 120
78 Hongrui Cao/ 曹宏瑞 20 1642 137 135 114 101 85
79 Jin Zeng 25 1637 85 84 75 66 57
80 Zhihui Feng 26 1610 125 114 103 101 83
81 Li Chen (陈黎） 25 1600 209 120 117 84 58
82 Feng Liu 25 1569 125 109 99 78 70
83 Xue Dezhen 17 1507 195 161 146 134 104
84 Qinghe Du 21 1490 125 85 76 62 62
85 JinYou Shao 20 1488 161 71 47 47 47
86 Hongkang Wang 19 1468 308 174 153 108 90
87 Lei Zhang 18 1458 227 153 100 99 93
88 Wenjun Xie 18 1446 203 118 112 107 96
89 chunhui xiao 20 1435 233 121 108 98 75
90 Peng Guo 22 1422 139 135 117 106 96
91 Pengfei Li 19 1411 170 151 85 69 58
92 Weizhong Han 21 1390 150 136 134 78 68
93 Yong Qi 17 1382 96 80 78 75 74
94 Yichen Wang（王熠晨） 19 1370 76 62 59 50 48
95 Zhaolin Gu 20 1353 103 81 79 49 49
96 Maochang Liu 19 1343 171 164 111 97 93
97 Jiaxiang Zhang 20 1338 152 83 82 73 65
98 Qi Yang 杨琪 17 1325 414 274 200 51 31
99 Yu Wang (王宇) 20 1294 161 123 93 76 75
100 guanghao lu 18 1284 247 138 120 114 84
101 daocheng wu 22 1280 87 83 74 66 56
102 Mingtao Li - 李 明涛 17 1259 212 185 147 121 98
103 Jinsong Han(韩劲松) 20 1214 185 129 74 73 71
104 Wei Wang 19 1210 88 71 62 56 49
105 Hai-Jun Rong 12 1199 271 267 244 124 50
106 Min Lin (林敏) 19 1189 183 87 87 78 72
107 Zhaohui Yang 7 1166 1059 22 21 17 16
108 Zhou Yumei 17 1160 195 146 85 76 72
109 Bo Lei 20 1152 131 68 62 60 60
110 Wei XI (惠維) 15 1152 355 150 94 71 47
111 Yiqi Zhang (张贻齐) 19 1143 105 91 77 57 56
112 Jiale Yong 19 1120 90 72 72 69 68
113 Xiangjian Wang 18 1112 380 110 78 51 47
114 XIONGWEN ZHANG 17 1107 258 121 67 58 55
115 Xiaoming Chen 18 1098 123 114 91 69 56
116 Fang-Zhou Yao 15 1093 342 210 89 44 44
117 Ziyao Zhou 18 1093 121 113 66 59 48
118 Shan Liu 19 1092 114 95 81 71 67
119 Haihu Liu 18 1091 140 113 107 95 66
120 Shizhao Xiong 14 1078 148 139 124 119 115
121 Dong Wang 19 1071 161 95 76 72 67
122 Yu Hou 15 1071 55 42 41 39 31
123 Guoyou Huang 17 1048 239 117 100 86 67
124 Weitao Jiang 12 1047 401 72 54 49 45
125 Jiayin Wang 11 1040 575 125 64 53 47
126 Ma, Jie 18 1018 71 68 63 59 51
127 Kangsheng Tu 21 1008 72 54 54 51 49
128 Yongping Shao 14 995 181 118 102 78 61
129 Jingmin Xin 15 988 133 99 74 56 49
130 Daotong Chong (种道彤) 17 971 55 51 50 44 41
131 liangjun ke 12 971 162 154 145 109 102
132 hao bian 17 964 99 72 72 55 45
133 Fei Li 10 951 411 183 78 61 33
134 Zhengfei DAI 19 948 97 73 70 63 50
135 Bo Li  (李博) 17 919 93 59 50 48 42
136 chao wu 吴超 17 902 103 84 79 70 64
137 Yaodong Yang 杨耀东 17 896 119 101 95 58 41
138 Cunlu Zhao 15 894 186 80 62 57 56
139 Jun Xu (徐俊) 11 881 120 115 111 100 97
140 Xiangyu Chang 8 876 424 259 87 18 17
141 Jinwen Shi 15 858 117 76 73 65 56
142 Yong Li 14 853 120 110 107 104 86
143 Qiang Fu 15 842 124 74 63 49 45
144 Liangzhi Cao 13 840 64 53 46 42 41
145 Bo Dong 10 837 237 158 141 104 97
146 Yanren Hou 16 837 59 38 32 30 29
147 Penghui Zhang 13 833 284 143 59 54 50
148 Chunsheng Wu 18 831 125 78 63 61 57
149 Gang Niu 16 823 78 77 74 37 33
150 Weixu, Zhang 17 813 181 76 63 55 53
151 Li SUN 14 811 103 69 48 40 38
152 Feng Tian 13 809 145 101 97 52 31
153 Jiuqiang Han 14 804 55 40 33 27 24
154 Yuhui Li 12 799 239 199 100 36 27
155 Ying Su 9 796 448 135 64 37 27
156 Yingjia Zhang 15 793 152 82 65 47 46
157 qilu zhang 18 736 55 45 44 44 44
158 Bo Jiao 15 726 42 42 41 41 36
159 bin chen 14 721 56 48 41 31 30
160 Xi Zhao 16 703 73 65 53 52 49
161 Xiangyi Zhou 13 701 124 107 69 48 29
162 Weidong Ding 11 701 153 142 54 30 27
163 Jie Chen 14 697 144 75 57 44 44
164 Changqing Cao 16 697 147 87 67 52 38
165 Lin Zhang (张麟) 17 696 56 51 50 43 39
166 Jian Ding 7 694 330 191 82 21 16
167 Yijun Mao(毛义军) 13 678 85 54 50 29 27
168 zhiguo hao 15 663 49 44 36 31 24
169 WANG Jiping 12 645 160 115 62 59 53
170 J.F.Zhang 9 644 146 130 114 97 40
171 jie wei 15 637 92 83 74 64 33
172 Xueling Fan 15 630 53 41 33 33 28
174 Wei Zhang 14 624 129 63 53 52 41
175 lei wanjun 12 624 87 40 35 34 31
176 Qian Zhao 11 617 104 81 79 63 44
177 heli sun 10 609 117 90 79 59 56
178 xingwu zhang 15 601 72 72 42 42 41
179 Ming-Jia Li 14 583 75 47 46 38 33
180 Yin Zhang 14 579 70 69 66 53 45
181 Yubin Chen 14 578 97 53 48 40 35
182 Hongbin Sun 10 576 142 116 67 53 32
183 Shibin WANG 11 566 134 76 48 42 37
184 Jian Lan 12 566 57 56 47 46 39
185 Junkai Deng 10 560 168 103 75 60 33
186 Tong-Xing Zheng 11 554 84 80 67 67 51
187 Xinke Wang(新轲 王) 11 544 146 65 60 47 44
188 cl zheng 13 539 77 55 42 41 36
189 Fulin Shang 13 529 64 51 50 47 41
190 Qiang Fei 10 521 151 108 49 35 30
191 Kai Qu 12 520 142 52 46 39 35
192 KaiYuan Zhang 11 508 139 34 31 29 23
193 刘烃; Ting Liu 12 504 42 41 37 31 24
194 Zhiwei Yang 12 503 112 37 32 29 25
195 Jun LIN 12 498 107 51 49 32 23
196 Zhongmin Cai 11 498 92 52 39 39 35
197 Aijun Yang 12 484 82 50 43 41 32
198 Chengzhen Sun 10 482 119 90 48 39 37
199 Wenbo Peng 13 482 66 61 32 29 29
200 Yu Li 12 481 143 75 38 29 22
201 Qunfeng Zeng 12 480 49 34 31 26 23
202 Tingkui Mu 12 474 52 40 34 28 23
203 Zhi Yang 12 473 47 42 40 31 30
204 Kexue Li 12 471 89 77 39 31 30
205 Da-Wei Zhang (Dawei Zhang ; 张大伟) 13 470 59 36 30 26 23
206 Zeng Liu 11 464 85 57 51 51 37
207 Jing Gong 10 463 201 56 47 35 20
208 Tianxiao Zhang 12 455 122 43 29 27 27
209 Xianyang Meng 13 454 72 47 44 29 23
210 Sheng-Chang Li 13 451 55 39 36 32 23
211 Ling Wang （王玲） 11 451 72 72 61 53 36
212 Chenxin Ran 11 449 82 51 43 35 28
213 Jiancun Fan 9 448 101 66 56 47 20
214 Jie SUN 12 448 43 42 36 33 30
215 Ying Cheng, Ph.D 8 442 145 103 80 44 31
216 Sen Yan 11 429 82 49 36 33 32
217 Marco Fronzi 9 426 150 106 41 29 22
218 song xia 12 425 39 27 26 24 23
219 Huibin Li (李慧斌), Ph.D. 12 423 60 52 37 29 28
220 Xue Jiang 11 416 82 47 41 37 34
221 Chengli Shu 8 413 121 120 33 32 21
222 Ke Huang (黄科) 10 412 98 56 35 32 26
223 Sanping Zhou （周三平） 6 412 253 54 39 23 10
224 Fenling Fan or Fan FL or Fan F 11 410 60 45 44 37 25
225 Yibao Li 12 408 54 45 24 20 18
226 Peng-Bo Li 11 408 56 49 39 39 27
227 Jing Wang 9 403 81 59 56 54 28
228 Quanbao Jiang 13 396 33 32 31 28 27
230 Shun-lai Zang / 臧顺来 11 394 43 43 40 39 35
231 Yan Han 14 393 40 29 28 27 27
232 Shuai Mao 12 393 77 37 34 34 27
233 Xiayu Xu 8 392 105 88 65 33 25
234 Qingyu Yang 10 387 124 24 19 18 16
235 jihua zhu 11 377 43 40 33 25 23
236 Daomin Min 12 374 34 32 30 28 21
237 Qingyuan Hu 8 366 118 50 48 43 37
238 Guoshuai Zhao 8 352 185 51 38 21 17
239 sun qingzhu 11 349 50 32 29 27 26
240 Le Wang 7 347 116 78 53 24 19
241 Suxin Qian 10 342 58 40 38 35 27
242 Hu ZHANG(张虎) 10 341 58 44 43 29 26
243 Ming Zhao 11 339 55 44 19 18 17
244 Tao Bao 12 339 68 38 33 31 31
245 Jian Wu 10 336 30 25 25 22 18
246 Yu Qiu 邱羽 9 335 73 46 46 37 37
247 Qi Xie 7 332 108 68 63 36 19
248 Juancheng Yang 8 322 79 72 54 27 27
249 Lipeng Xin 9 321 56 52 41 37 34
250 Di Yun 10 314 71 32 19 14 14
251 Xiaohui Ning 10 314 47 42 37 34 24
252 Xu Liang 11 312 48 42 29 23 21
254 Jing Liu (刘静) 12 309 38 30 30 24 21
255 Bin Peng 11 309 42 28 23 20 18
256 Jun Zhou 11 306 57 33 26 26 21
257 Penghua Guo 10 306 76 54 30 30 25
258 Xiaofei Yang - 杨晓飞 7 303 122 67 27 24 24
259 Xie Yongliang 13 303 47 42 29 24 22
260 Qingzhen Yang 10 302 69 30 28 22 15
261 Peng Zhang 8 300 81 69 38 18 15
262 Marie-Jean Thoraval 8 299 78 49 48 41 29
263 Junshi Zhang (张军诗) 11 298 37 33 31 25 21
264 Yaobin Wu (吴耀彬) 8 297 72 61 36 33 28
265 Yuanzhen Chen 11 295 42 36 34 24 20
266 Minli You (游民黎) 7 292 87 87 40 19 19
267 Xin Chen 9 291 69 60 37 36 16
268 Zhiwei Liu 10 291 41 31 30 25 25
269 Xingjun Zhang 9 289 21 17 15 14 13
270 Yadong Zhou 10 286 39 28 24 24 22
271 xiaoyu xie 9 286 95 34 31 25 22
272 Yu-Tong Mu (母玉同) 7 285 209 21 10 10 10
273 Wen-Tao JI (冀文涛) 11 279 41 37 26 25 23
274 Kou Peng 8 278 56 28 28 26 21
275 Sun W 9 277 87 54 21 18 14
276 Zhang-Jie Wang 9 277 65 41 38 34 26
277 Zhengyuan Luo 10 273 42 39 27 21 17
278 Yaping Bai 10 272 40 22 19 19 19
279 Jia-Jia Zheng 9 270 78 31 29 22 15
281 Min Li 11 265 34 23 21 19 17
282 Pengju Ren 7 263 65 54 54 22 10
283 Kangping Wang 7 263 118 25 17 16 14
284 Shuangtao Chen 9 254 30 22 20 19 15
285 Gayatri Kathayat 6 253 126 47 35 23 9
287 Jianbin Liu 9 249 64 54 22 18 16
288 RuiLin Liu   (刘瑞林) 8 249 69 49 19 14 13
289 Nomaan Khan 9 247 53 31 29 20 14
290 kun zhao 5 246 150 36 30 7 6
291 Zhe Yang 10 242 40 31 28 22 18
292 Libin Han 6 239 92 42 34 20 16
293 Feng Yu (喻丰) 8 239 45 17 17 16 15
294 Jianglong LI 8 239 62 36 28 26 16
295 Qiang chen 陈强 8 236 40 36 23 20 19
296 Jun Liu 7 235 68 20 14 14 14
297 Zhongshan Yue 7 233 74 42 36 19 19
298 Dou an 7 230 124 18 13 11 10
299 Zaoyang Li 9 228 36 29 26 21 17
300 Dongxing Song 8 224 55 34 24 21 21
301 Wei Wang 6 224 51 50 46 29 28
302 Ruifeng Liu 9 218 35 22 21 15 15
303 Ying Du 5 218 69 68 35 32 7
304 Anbang Sun 9 218 58 27 23 21 17
305 wencheng ma 6 218 67 36 35 29 24
306 Junwei Su 8 217 48 46 22 20 18
307 Peng Chen 5 217 161 17 13 13 11
308 Ke Yan / 闫柯 8 211 29 24 17 16 14
309 Yurong Wen 6 203 79 39 22 19 18
310 Qiao Zhang 6 201 82 34 26 23 19
311 youqi zheng 7 199 21 11 11 11 10
312 Yi Zhang 5 197 91 69 47 32 11
313 Ren R 7 197 51 35 31 15 11
314 tao qin 8 197 19 17 17 16 14
315 Jie Kuang 8 196 47 34 24 18 17
316 Fan Li 李凡 8 195 32 23 23 14 14
317 Yunhua Peng (彭韵桦) 8 191 37 30 24 21 20
318 Hongxun LIU 7 191 44 39 30 25 22
319 Ping Wei 7 188 81 46 18 13 10
320 Weizhan Zhang 8 187 31 23 20 20 11
321 Haijun Hu 7 187 45 38 32 16 14
322 Degang Xie 7 186 42 41 33 22 15
323 Na Lu 7 183 29 26 21 21 11
324 Xin CUI 6 179 43 32 31 26 19
325 Wen-Zhen Fang 8 178 47 26 17 16 14
326 Dr. Muhammad Sadiq Fareed 6 177 104 19 13 13 8
327 Jiang Xue 8 176 23 21 16 14 13
329 weiwang wang 8 174 32 28 28 16 12
330 Junxiong Jia 6 170 89 21 14 10 8
331 程诚 8 170 38 32 28 18 10
332 Xinghao Hu 7 169 67 21 20 20 19
334 chi ma 8 167 38 22 20 17 16
335 Ni Junkang 8 166 34 27 20 20 14
336 Xianliang lei 8 164 30 21 17 14 10
337 Yajun Luo 7 164 28 22 18 16 13
338 Chao Jin 7 163 46 21 20 19 16
339 Jianlei Cui 8 163 17 16 12 12 10
340 Minnan Luo 8 161 26 21 15 15 13
341 Zhiguo Wang 7 160 45 18 16 14 10
342 Lili Qian 6 159 56 23 21 15 12
343 Li He 7 158 41 32 22 20 16
344 Wenwu Wu 7 158 45 33 16 10 9
345 Baijie Qiao 8 156 25 23 20 17 17
346 Yang Bo 4 156 72 50 20 5 3
347 Chao Zhang 8 150 29 15 14 14 12
348 Huan Xi 6 150 75 20 17 16 7
349 Chen Xiaoliang 5 149 47 38 21 13 10
350 Tao-Feng Cao （曹涛锋） 4 143 58 34 25 21 3
351 Jinzhao Shi（史金召） 6 134 47 24 12 9 7
352 Shishun Zhao（赵士舜） 7 134 51 22 12 10 10
353 Yang Zhang 7 133 28 14 9 8 7
354 Wen Cao 4 130 53 28 23 16 3
355 Han Ding (丁菡) 5 129 44 42 8 6 6
357 Ran Xu 8 129 19 17 13 12 11
358 Dr. Shahid Iqbal 7 129 25 22 20 9 9
359 Weiwei ZHAO 7 128 41 29 14 11 9
360 yanling lin 7 125 31 17 14 13 10
361 Xin Liu 8 124 23 21 16 14 11
362 Zi-Xiang Tong 7 123 19 18 16 16 10
363 Botong LI 7 123 33 23 13 11 10
364 Xiufang Liu 6 122 31 24 20 9 8
365 weifeng wu 7 120 21 21 14 12 10
366 Jie Huang(黄杰) 6 117 24 9 8 8 7
367 Ruonan Liu 5 117 37 20 17 16 15
368 Dan Chai 7 110 25 19 14 10 8
370 Yao Li 7 108 34 15 11 11 9
371 Bifan Wei(魏笔凡) 5 107 44 19 9 5 5
372 heng chen 5 106 22 15 10 10 8
373 Shengli Ma 5 101 39 14 14 8 6
374 Yang Liu 5 101 42 24 11 9 5
375 Pengqi Guo 6 100 15 14 11 9 8
376 Fei Wang 5 99 38 20 13 8 8
377 Fuyin Ma (马富银) 5 98 32 13 12 11 10
378 Moxiao Li 7 98 27 18 14 12 10
379 Pengfei Fan 5 96 42 21 9 7 6
380 Zhenxing Wang 5 95 19 13 8 8 7
381 Yuewen Liu 6 93 19 10 9 7 7
382 Zhexin Chen 7 92 15 13 11 10 8
383 Zaibin Jiao 6 90 18 14 14 12 10
385 吕建（jian lv） 6 89 39 14 14 8 6
386 Kang Li 5 89 25 16 14 13 12
387 Ming Fan 6 88 22 14 11 10 10
388 Shiquan Fan 5 86 19 17 10 7 5
391 Yu Qu 5 85 20 18 13 12 6
393 Jingang Shi 5 85 16 15 12 11 7
394 Qiyin Lin 5 84 32 13 8 7 7
395 Ying Du（杜映） 3 84 35 32 7 3 3
396 王文 6 84 22 12 9 8 6
397 Shihu Yu 4 81 28 28 8 4 3
398 Denghui He 5 80 18 16 16 13 7
400 Xiaokai Wang 5 78 15 11 10 8 6
401 QUANBIN ZHAO 5 77 22 16 11 10 6
403 Denglong Ma 5 75 18 12 9 9 6
406 Xiao Tang 4 68 27 17 6 4 4
408 Xiaoyu Zhu 4 68 42 12 9 4 1
410 Shihang Wang 5 67 14 14 8 8 7
411 Xinying Chen 4 66 15 13 7 4 4
412 Guodong Meng 5 65 13 8 7 6 5
413 Dan Li 3 64 52 3 3 3 2
414 Wei Guo 4 63 18 16 13 5 4
415 Xing Zhang 4 63 24 16 7 6 3
419 ZHANG Jie 4 57 15 12 12 7 4
420 Zhi-Hua Xiao 5 56 12 7 6 5 5
421 Jie Chen 4 56 22 9 8 6 3
422 Chenxu Wang 5 56 13 9 7 7 6
423 Yuhao He (何雨壕) 5 54 13 11 8 8 7
424 Dawei Wang（王大伟） 4 54 12 5 5 5 4
425 SUN YANJUN 5 54 11 10 9 8 6
426 Li Guo 4 53 18 12 8 4 4
429 Junqin Shi 4 51 12 12 9 9 3
432 Hao Li 5 47 15 7 6 5 5
433 Xiangyong Cao 3 46 27 18 13 3 3
436 Jingjing Tian 3 46 20 13 9 2 1
439 Bing Luo 5 44 18 7 6 5 5
441 Gao Yali 3 43 13 6 5 3 3
442 Dongyang Xu 4 42 9 6 5 5 3
443 Yu Ren 4 42 10 7 5 5 4
444 Guowei Lv 3 41 10 9 6 3 3
445 郭俊 4 40 20 5 4 4 3
446 Jinxin Liu 4 39 11 9 6 5 3
447 Xianjun Li 4 38 10 6 5 4 3
451 Tianyu Dong 2 36 25 8 2 1 0
454 Qiao-Zhi Li 3 35 16 6 3 3 2
456 Jianchao Bai 3 34 9 6 4 3 3
460 Kun Du（杜昆） 3 33 15 8 4 2 2
463 Zhikang Li 3 30 10 7 3 3 2
467 qiji ze 3 29 8 4 4 3 3
470 Muhammad Rizwan Asif 3 27 7 6 5 3 2
471 Minjie Lv 3 26 9 8 5 1 1
475 Shuai Zheng 3 25 10 8 3 2 2
480 Dr. Adil Murtaza 3 24 12 6 5 1 0
482 Meng Wang 2 23 5 4 2 2 2
484 Songhao Yang 3 23 8 3 3 3 2
495 Yunbo Tian 2 20 8 5 2 2 2
500 Qi Lu 3 20 5 4 4 2 2
504 Chao Wang 3 18 4 4 4 2 1
505 Yangbin Deng 3 18 4 4 3 3 3
509 Naihao Liu 3 16 7 4 3 1 1
513 Zhangbo Yang （杨张博） 2 15 5 3 2 2 1
514 Boyu Qin 3 15 5 4 3 2 1
519 Jinhua Cui (崔金华) 2 14 9 4 1 0 0
524 Yin Huang 2 13 7 4 1 1 0
547 Zhipeng Zhou 2 8 3 2 2 1 0
