1 Richard A. Flavell 230 197480 5896 2425 2240 2012 2008
2 Harlan Krumholz 183 149553 8308 7253 4084 3759 3693
3 Joseph Schlessinger 176 127168 6214 4534 2934 2860 2723
4 Mark Gerstein 154 111236 8022 6028 4551 3573 2694
5 Ruslan Medzhitov 107 100538 7916 6522 5896 4197 4166
6 Gerald I Shulman 156 98765 2953 2021 1836 1830 1801
7 John W. Harris 144 95329 15935 3492 3004 1700 1429
8 William L. Jorgensen 115 89532 24176 8401 4108 2774 1970
9 Alan E. Kazdin 144 87301 5989 5279 3903 2427 1625
10 tom tyler 124 85647 8219 8013 3282 2668 2077
11 Dr. Oleg A. Grachov 125 80896 18209 3178 1807 1777 1691
13 Peter C. B. Phillips 92 71835 15642 11052 11052 3477 3354
14 Menachem Elimelech 136 69354 3936 2178 1977 1647 1186
15 John Krystal 133 60840 2764 1989 1302 1011 918
16 James Rothman 125 59157 3188 2501 2349 2023 1849
17 David Hafler 120 58718 2247 2153 1824 1730 1643
18 Lieping chen 106 56938 6619 4292 3141 1791 1744
19 William Nordhaus 101 55769 4706 2375 2245 2126 1849
20 john dovidio 111 54990 2470 2278 1628 1532 1388
21 Khurram Nasir 77 54837 30041 1859 1149 472 440
23 Jordan S. Pober 111 52972 2850 2025 1619 1484 1305
24 William C Sessa 115 52672 2567 1622 1610 1542 1198
25 Gregory McCarthy 103 50884 2646 2286 2042 1880 1876
26 Fred R. Volkmar 117 49113 1776 1588 1563 1353 1326
28 Paul Cleary 108 47967 3325 1509 1488 1062 1047
30 Nicholas A. Christakis 88 45149 4604 2512 2160 2072 1860
31 Ronald Coifman 79 44841 4070 2922 2836 2368 1791
32 BJ Casey, Ph.D. 101 44320 2343 2037 1815 1424 1266
33 Douglas L Rothman, PhD 102 42917 1830 1563 1335 1251 1247
34 Kumpati Narendra 73 40226 9314 4073 1689 1458 1102
35 Michael Donoghue 93 38495 2972 2454 2143 1365 1165
36 Jonathan Ellman 104 38455 2588 1885 908 809 779
37 Lajos Pusztai 90 38006 2023 1864 1841 1376 1114
38 Mark Rosenzweig 92 37136 1824 1495 1381 1289 1146
39 Jorge E. Galán 97 35720 1416 1400 1016 980 939
40 Nikhil Padmanabhan 73 35201 4016 2043 1715 1505 1442
41 Tamas L. Horvath 99 34870 1902 1789 1524 858 778
42 A Stephen Morse 74 34711 6998 3572 2046 1900 1405
43 Tyrone Cannon 99 34445 1516 1446 1178 1118 1090
44 A Silberschatz 78 34019 4855 4852 4140 1029 944
45 David Rimm 89 32334 1264 1018 1004 870 776
46 Stephen Stearns 58 31693 12044 3663 1595 1265 1178
47 Stephen Strittmatter 91 31557 1371 1333 1310 1232 901
48 Ronald Breaker 93 31413 1087 1087 820 787 709
49 T E Graedel 85 31122 3667 2941 658 618 548
51 Robert Schoelkopf 77 30716 3067 2094 1921 1280 1005
52 Kathleen M Carroll 92 30326 2800 756 642 589 587
53 Donald Engelman 88 29848 1635 1006 1003 899 868
54 R. Todd Constable 98 29813 1655 1106 1104 1084 805
55 Harvey A. Risch, MD, PhD 78 29334 3106 965 919 797 733
56 Hongyu Zhao 80 28772 5893 2484 715 539 510
57 Joel Gelernter 94 28498 918 851 708 607 513
58 Mark Reed 66 28158 3975 2883 1306 1263 1084
59 William Lauenroth 86 27967 1745 1319 1153 765 599
60 Hailiang Wang 49 27797 3202 2502 1722 1664 1493
61 William Goetzmann 69 27373 5020 1588 1156 992 925
62 Karsten M. Heeger 50 26714 4060 3494 2737 2405 1582
63 Mark A. Lemmon, Ph.D., F.R.S. 81 26166 2532 1184 954 787 724
64 Marvin M. Chun 66 25973 6715 1672 1574 835 653
65 Paul Bloom 72 25606 3105 2795 1146 1115 727
66 Titus Boggon 49 25397 9271 3331 2772 730 701
67 Chirag Parikh 75 25040 2062 1747 801 683 666
68 Harrison Zhou 65 24779 951 497 409 398 327
69 Gary Gorton 65 24744 1808 1252 1029 976 898
70 sonia caprio 67 24745 3951 3951 3951 2035 2032
71 Leandros Tassiulas 69 24622 2680 2170 1708 1338 926
72 Y. Richard Yang 59 24365 1567 895 657 571 516
73 David C Glahn 81 23856 2706 752 636 576 567
74 Patrick Sung 81 23758 1205 869 567 565 543
75 Vladimir Rokhlin 54 23524 5011 2368 1668 1539 988
76 Martin Shubik 61 23378 2427 1714 1503 1166 704
77 Jonathon Howard 76 23249 2780 1544 901 691 676
78 Jonathan E. Ingersoll, Jr. 30 23070 9820 2758 2360 1058 778
79 Naftali Kaminski 68 22919 1773 1599 1449 883 661
81 W. Mark Saltzman 79 22656 1807 675 446 436 386
82 Rajita Sinha 79 22390 1144 894 528 449 432
83 David Reiss 68 22167 5573 1290 718 435 407
84 Sten Vermund 72 21820 1926 443 418 334 323
85 Julian Tirado-Rives 44 21816 8401 4108 2774 602 571
86 Nicholas Barberis 22 21579 5353 3665 2103 1693 1338
87 Steven W Zucker 62 21472 2051 1193 1013 965 856
88 Henry Hansmann 45 21203 4150 3322 2333 1505 858
89 Michael Fischer 49 21107 4593 3541 1495 1434 612
90 Samuel Kortum 36 21067 3683 3197 2409 1176 1143
92 Shun-ichiro Karato 75 20812 1305 813 808 729 627
93 Gunter Wagner 74 20782 1712 701 684 571 553
94 Andrew Metrick 35 20616 7829 2228 1819 718 690
95 Fengnian Xia 55 20577 1814 1364 1355 1099 1061
96 Ian Ayres 61 20559 4367 2198 792 752 684
97 Robert D Kerns 63 20537 2236 2039 1588 888 773
98 Shun-ichiro Karato 75 20515 1305 813 808 729 625
100 george m anderson 79 19906 461 447 419 390 335
101 Lawrence Staib 59 19678 1771 1421 1066 939 804
102 Jiasheng Zhang 42 19851 7771 2393 2181 2168 999
103 Gil Mor 81 19407 502 487 472 467 421
104 John E.  Roemer 60 19333 2560 1593 1305 668 627
105 Jun Lu 36 19114 8802 1977 1438 636 588
106 Barry Nalebuff 44 18914 5858 1580 1376 1103 731
107 Marina Picciotto 73 18906 1289 744 633 627 561
108 Joel Rozowsky 46 18829 4551 2473 1047 1007 867
109 Frank van den Bosch 76 18755 787 592 559 548 538
110 Larry Davidson 68 18376 1753 696 650 569 513
111 Derek E.G. Briggs 79 18235 437 395 315 313 254
113 Peter Schiffer 65 17757 2427 738 715 612 583
114 Karl Ulrich Mayer 68 17717 833 614 610 586 471
115 Hugh S. Taylor 69 17383 2234 443 391 368 363
116 Walter Jetz 63 17280 1920 1146 733 673 669
118 Hui Cao 61 16927 1587 822 772 704 578
119 James N Baron 41 16341 2309 1546 1106 1048 812
120 Akhil Amar 50 16230 1625 1252 1219 1200 716
121 durland fish 74 16223 1641 644 473 437 435
122 Ingrid C "Indy" Burke 69 16169 926 847 797 524 385
124 Bauer Sumpio 68 16068 505 488 340 333 281
125 Shane Frederick 30 15970 5350 3082 2724 1450 596
126 Dan Kahan 55 15880 995 966 876 865 578
127 Peter K. Schott 35 15776 2348 1356 1125 1065 1019
128 Jeffrey Powell 63 15627 1654 1181 828 430 420
129 Steven Berry 30 15570 4795 3162 1089 757 722
130 Sharon Hammes-Schiffer 64 15538 959 926 639 528 428
131 Dana Angluin 42 15387 2182 1938 1236 982 804
132 Scott J. Miller 63 15322 1271 689 546 480 441
133 Dragomir Radev 55 15264 1957 1394 675 559 537
134 Sabrina Diano 53 15188 1902 1524 858 697 695
135 Joseph Ross 57 15120 1149 634 504 461 449
136 Cary Gross 56 15020 1778 1154 844 586 516
137 Zeev Kain, MD, MBA 64 14967 582 469 422 421 414
138 Stephen Anderson 49 14817 2799 1088 647 527 476
139 James S. Duncan 58 14688 1066 776 722 446 403
140 Patty J Lee 40 14610 6416 1152 746 391 357
141 Joan Feigenbaum 50 14573 3026 1023 712 593 535
142 Judith Chevalier 22 14389 4713 2665 1142 1047 684
143 Steven D Gore 55 14383 1810 1015 768 718 579
144 Paul Hudak 52 14347 1955 1410 669 602 574
145 Craig M Crews 61 14149 1034 949 701 485 472
146 Charles J. Bruce 39 14075 2457 1551 1507 1383 880
147 Olav Sorenson 47 14005 1669 1053 991 989 874
148 RICHARD C LEVIN 27 13965 4821 4821 4821 2495 2495
149 Roger Ibbotson 43 13958 1988 1156 1037 925 891
150 Jeffrey Weinreb 61 13854 750 635 561 410 363
151 Daniel Spielman 49 13725 1194 1071 1031 963 803
152 Tobias J. Moskowitz 34 13690 2423 1571 1527 1348 1071
153 David M. Post 43 13684 4230 1307 815 805 562
154 Brett Lindenbach 37 13526 2277 2217 1202 914 665
155 alan gerber 52 13442 1329 1022 939 669 618
156 Ravi Dhar 49 13370 2010 1091 715 698 623
157 Gerard Sanacora 55 12873 950 711 699 655 553
159 Oswald J. Schmitz 56 12772 989 870 783 674 442
160 Graeme Mason 59 12724 732 699 553 458 401
162 Anne Eichmann 53 12586 695 691 658 548 507
163 Mark  S. Ashton 50 12485 3007 1474 575 400 351
164 Shyam Sunder 50 12452 1747 952 658 593 563
165 Lisa Pfefferle 61 12270 869 585 491 408 352
166 Anthony Leiserowitz 52 12276 1379 1302 738 371 354
167 Jimin Wang 50 12246 2246 571 551 475 452
168 Ognen A. Petroff 59 12033 607 553 544 452 435
169 judy j. cha 42 12026 1153 1025 900 656 619
170 Pinelopi Koujianou Goldberg 33 12010 1793 1336 963 911 900
171 Edgar Hertwich 52 11966 1094 1037 524 414 393
172 Fabrizio Zilibotti 37 11953 1972 1582 1284 978 683
173 abbas firoozabadi 60 11865 590 314 259 245 236
174 Andrew R Barron 39 11799 2152 1079 746 588 537
175 Varman Samuel 49 11733 1294 1214 844 471 405
176 Craig R. Roy 61 11660 539 487 472 397 354
178 Paul Lombroso 58 11476 1379 529 340 289 286
179 Stathis Kalyvas 43 11369 3528 801 768 680 475
180 Andre Levchenko 53 11186 1820 493 414 390 364
181 Wendell Bell 35 11125 3986 1212 1210 371 316
182 Xiaobing Gao 37 11094 3308 783 744 578 578
183 Peter A Raymond 53 11008 674 621 520 413 398
184 Barbara Ehrlich 52 10963 1719 838 617 470 410
185 Karen Wynn 41 10961 1947 1146 963 824 484
187 Rong Fan 43 10924 1273 897 780 760 678
188 A. David Paltiel 54 10912 618 589 575 547 406
189 Stephan Ariyan 50 10855 1293 730 510 323 303
190 Kenneth Williams 51 10741 1321 599 510 502 316
191 Brian Scholl 50 10703 1100 884 539 491 480
192 Jacob Hacker 38 10698 1311 1250 1248 1183 1183
193 Daniel Kim 55 10695 859 674 312 271 236
194 David Pollard 28 10578 3336 1453 936 672 581
195 Albert Icksang Ko 52 10578 748 527 428 373 287
196 Frederick L. Altice 52 10558 474 425 344 241 231
197 Priyamvada Natarajan 58 10544 462 430 391 326 313
198 Michael L Schwartz 47 10476 1524 755 691 416 412
199 Jung Han 55 10455 608 288 279 267 223
200 Ned L. Cooney 44 10402 2800 718 483 450 419
201 Ralitza Gueorguieva 49 10286 1011 727 699 545 535
202 Lawrence Cohen 50 10168 740 587 526 520 405
203 jacob thomas 30 10130 2153 2042 1304 840 495
204 K. Geert Rouwenhorst 25 10102 2127 1252 1075 844 736
205 Gary Rudnick 59 10069 507 448 423 361 357
206 Liang Jiang 41 10039 1220 1033 988 762 536
207 Yiyun Henry Huang 49 9923 756 718 466 450 362
208 Lucas Lochovsky 8 9867 7250 1025 754 510 264
209 Heather Allore 47 9776 854 777 617 533 457
210 Patrick Holland 58 9760 481 388 277 264 253
211 Mark T Brandon 55 9837 678 532 523 491 345
213 Yuval Kluger 46 9714 1342 651 523 428 375
214 Benjamin Cashore 44 9626 1151 1094 658 535 317
215 Vasilis Vasiliou 52 9627 473 461 355 316 315
216 Robin M. Masheb 56 9585 328 284 272 265 241
217 W. Einar Mencl 39 9566 1104 1084 671 528 469
218 Jacques Gauthier 36 9470 1421 1014 922 733 522
219 Joshua Knobe 43 9317 824 703 698 696 696
220 Walther Mothes 41 9299 1219 487 456 454 403
221 lissa sugeng 52 9269 726 484 322 315 298
222 Igor Frenkel 35 9267 1712 973 809 650 602
223 Amy Wrzesniewski 32 9254 2343 1269 708 634 557
224 Dana Small 41 9232 1098 723 664 603 499
225 Paul Forscher 39 9227 893 849 755 484 393
226 Brian Scassellati 43 9186 724 500 444 443 429
227 Christopher Pittenger 45 9164 1437 474 461 354 343
228 Grace Kao 34 9117 1608 1428 1039 584 545
229 Deepak Cyril D'Souza 47 9077 727 545 470 393 291
230 Wajahat Mehal 44 9049 1304 915 457 394 344
231 Lynn Selemon 29 8936 1161 965 900 829 755
232 Holly Rushmeier 39 8934 1113 975 619 615 367
233 Pei Zhang 44 8927 613 521 181 164 161
235 Jan Schroers 47 8867 932 528 518 272 228
236 Julie Dorsey 40 8840 2019 607 513 455 367
237 David L. Katz 45 8776 707 537 435 359 306
238 Nigel Grindley 54 8719 586 272 266 244 234
239 Serap Aksoy 55 8649 537 297 264 252 195
240 Chadwick Dearing Oliver 30 8599 4074 894 348 345 318
242 Adalgisa Caccone 52 8471 275 222 220 210 190
243 Richard O. Prum 51 8404 396 355 314 301 271
244 Daisuke Nagai 40 8364 947 794 557 496 452
245 Yajaira Suarez 40 8233 915 692 528 455 453
246 Tarek M. Fahmy 42 8184 1306 541 413 325 286
247 Yuchuan Shao (邵宇川) 26 8184 1457 1042 812 810 632
248 David K Skelly 44 8175 1313 487 355 331 266
249 Ramakrishna Gummadi 25 8131 3155 927 766 387 384
250 Alan Dardik, MD, PhD, FACS 46 8135 488 315 281 277 253
251 Karla M. Neugebauer 47 8041 450 433 394 380 342
252 Leo J. Hickey (1940-2013) 37 8030 1272 587 524 492 449
253 Antonio J. Giraldez 30 8029 1443 1293 682 512 473
254 Jeffrey Park OR Jeff Park OR J Park 50 7966 386 346 282 281 258
255 Xenophon Papademetris 44 7961 708 526 402 335 288
256 van vu 46 7808 1192 577 318 271 171
257 Thomas J. Near 48 7765 992 509 421 271 235
258 Chiang-shan Ray Li 46 7756 449 384 341 316 274
259 Vidvuds Ozolins 51 7735 301 280 236 228 206
260 Richard N. Shiffman 36 7563 1113 1099 448 446 414
261 philip smith 35 7547 1159 1032 936 618 601
262 Daniel Zelterman 40 7525 1621 632 436 243 163
263 Stephen Darwall 36 7500 1277 999 686 502 395
265 Carol R. Ember 37 7458 1480 511 495 388 364
266 wendell yarbrough 38 7429 1721 541 509 383 278
267 James J. Choi 35 7400 902 651 546 508 430
268 Laurie Santos 44 7344 1029 488 413 307 228
269 Jason Stanley 27 7300 1030 853 833 782 440
270 Andrew L Goodman 27 7241 1343 750 728 498 405
271 Catherine Panter-Brick 44 7221 1166 449 305 221 219
272 Hong X. Tang 40 7211 908 518 444 388 299
273 Stanley Rosenbaum 34 7197 567 532 529 477 445
274 Yasushi Hamao 22 7196 2413 1972 705 361 300
275 Anthony Smith 26 7097 2054 1011 662 472 389
276 Daeyeol Lee 45 7036 597 291 264 250 231
277 George Tellides 49 6984 391 381 368 339 243
278 Hedy Kober 31 6954 1150 802 662 648 426
279 Vikki M Abrahams 46 6955 467 359 281 271 249
280 Stuart B. Schwartz 40 6945 782 551 424 409 378
281 David Rabinowitz 52 6939 256 253 220 199 191
282 Nathan L Price 14 6929 3889 985 743 529 194
283 Edward H Kaplan 42 6875 1538 435 256 240 200
284 Zhiwu Chen 20 6853 2808 483 467 383 367
285 themis Kyriakides 46 6845 446 351 288 237 216
286 Jonathan B. Demb 36 6823 946 519 482 352 345
287 wang min 49 6793 426 337 251 244 229
288 Graeme Pierce Berlyn 35 6672 1762 805 217 214 197
289 Mihaly Hajos 44 6663 395 321 291 255 248
290 Michael R. Dove 40 6661 497 438 388 344 344
291 Zarrar Shehzad 25 6657 701 701 683 644 641
292 Alanna Schepartz 50 6637 311 311 181 181 178
293 Gregory Huber 32 6626 2164 537 363 300 223
294 Galina Churkina 30 6479 1443 1010 575 353 330
295 James Aspnes 34 6445 860 516 460 436 249
296 Kei Cheung 33 6376 779 766 674 600 497
298 Robin A. de Graaf 46 6367 814 374 244 234 159
299 Ted Carnevale 25 6355 2163 1122 654 520 298
300 Geoff Chupp 30 6347 946 690 520 503 458
301 Shawn E Cowper 31 6339 922 570 545 511 498
302 Shuangge Ma 36 6330 730 415 379 207 207
303 Ted Cohen 37 6297 913 296 289 228 219
304 Michelle Hampson 28 6205 1828 675 655 467 325
305 Michael Krauthammer 31 6164 730 633 603 477 367
306 Corey O'Hern 34 6133 1175 559 367 331 256
307 David A.D. Evans 39 6111 367 354 313 309 300
308 Timothy G Gregoire 40 6044 493 351 313 295 218
309 Kevin Sheth 34 6036 1262 683 474 472 296
310 bosheng li 41 6039 596 203 174 120 107
312 Angelique Bordey 40 5770 489 386 324 304 272
313 Dirk Bergemann 34 5750 882 533 337 324 272
314 Kyungeun E. Lim 24 5727 1763 1001 539 371 355
315 Yong Kong 24 5711 2492 730 264 219 209
316 Zheng Wang 21 5710 1936 1429 422 258 243
317 Blair Edwards 28 5671 1938 726 443 294 265
318 Wenjun Hu 18 5669 1948 1636 463 462 343
319 Aaron M. Dollar 37 5671 986 302 236 228 210
320 David Bercovici 42 5539 571 302 228 214 163
321 Jaehong Kim 40 5516 796 397 172 168 158
322 Elisabeth Jean Wood 23 5472 1384 1280 476 362 350
323 Casey Dunn 29 5461 1676 617 388 289 283
324 Sohrab Ismail-Beigi 37 5447 935 464 314 209 186
325 Michael Kozal 33 5434 810 673 360 327 279
326 Eric I. Altman 38 5420 491 306 243 230 220
327 Alexander Goncharov 34 5416 514 406 361 332 319
329 Avram Holmes 36 5382 673 438 334 313 308
330 Julie Zimmerman 37 5386 1047 274 239 190 142
331 Oona Hathaway 23 5367 1850 588 448 347 297
332 Mehmet Sofuoglu 39 5355 389 219 197 193 174
333 David Moore 28 5324 934 638 632 402 288
334 Xiaoyong Yang 32 5302 758 426 392 385 357
335 Schwarz UD 41 5253 297 213 166 161 156
336 Philip Corlett 36 5239 431 405 309 265 216
337 francesco casetti 30 5215 1080 387 384 383 246
338 John Mack Faragher 22 5214 2042 673 381 362 360
339 xian zhang 39 5206 272 218 160 156 149
341 Judson Brewer MD PhD 33 5173 662 384 342 333 322
342 Marian Chertow 26 5135 1241 749 539 265 238
343 Enrique M. De La Cruz 45 5131 420 256 224 189 164
344 Michael A. Choma 23 5132 1921 415 327 312 284
345 Alessandro Gomez 37 5127 647 270 187 183 163
346 Hitoshi Komuro 32 5129 1055 393 383 272 221
347 Michael Crair 34 5096 686 573 489 199 177
348 Giovanni Maggi 24 5088 963 963 515 458 429
349 Julia Adams 23 5073 1690 655 546 312 243
350 Sidi Chen, PhD 17 5090 597 588 484 366 305
351 Noah Planavsky 35 5075 660 492 325 229 210
352 Rajit Manohar 32 5058 990 369 310 215 158
353 Timothy Guinnane 29 4997 1074 840 241 225 204
354 Matthew Kotchen 32 4983 629 598 353 319 230
355 Marianne LaFrance 34 4972 423 315 274 258 235
357 Michael W. Kraus 27 4930 747 490 442 409 352
358 Abeel A. Mangi, M.D. 26 4930 1652 594 390 374 236
359 Keith DeRose 25 4927 1012 763 481 460 359
360 Kathleen A. Martin 40 4919 309 288 260 239 227
361 Angela Burden 23 4920 1016 804 763 403 293
362 Aditya Kumar 18 4914 372 149 100 52 48
363 Nicholas Turk-Browne 35 4899 595 461 314 279 206
364 D. H. Whalen 36 4864 599 370 302 222 192
365 Marcelo O. Dietrich 33 4847 778 264 262 245 232
366 Marshall B Long 41 4832 497 218 167 162 151
367 Liza Comita 28 4823 1176 690 375 343 186
368 Hyung J. Chun 22 4807 913 652 465 436 294
369 Bao-Zhu Yang 31 4805 918 918 708 304 186
370 Valerie Horsley 27 4766 508 394 389 324 318
371 Mitja Mitrovic 11 4761 2485 550 546 482 217
372 Steven H. Kleinstein 36 4742 504 300 289 258 174
373 Susumu Tomita 36 4735 464 435 373 303 240
374 Jun Korenaga 35 4705 373 335 261 224 204
375 Minju Ha 12 4695 1894 822 643 574 174
376 Jordan Peccia 39 4691 228 216 201 182 181
377 Zhong-Wu Liu 22 4688 783 744 578 488 227
378 denis sukhodolsky 32 4660 465 384 375 306 270
379 George T. Fleming 33 4658 316 281 268 248 240
380 Andrew DeWan 29 4656 837 729 360 294 289
381 Roman Kuc 34 4656 407 342 339 256 172
382 Kevin C. O'Connor 35 4638 247 226 219 210 192
383 zhaoxia sun 27 4632 683 538 475 454 422
384 Ayesha Alvero 35 4609 467 421 415 281 204
385 Alan Anticevic 33 4589 557 405 354 290 189
386 Tassos C Kyriakides 22 4565 2132 773 386 127 70
387 Peter Rakich 31 4545 542 391 360 228 206
388 Alecia Dager 31 4536 309 268 257 249 235
389 Earl Glusac 32 4519 970 375 213 198 174
390 Lingeng Lu 35 4507 512 294 275 275 127
391 Walter Goldberger 23 4482 1503 497 392 288 264
392 Raffaella Zanuttini 23 4478 865 709 479 474 307
394 Natalia Ivanova 12 4457 1614 1025 477 466 327
395 Evan Morris 30 4452 1451 413 247 238 128
396 Shawn M. Ferguson 31 4451 553 447 390 356 207
397 Kumar Dharmarajan 20 4447 2580 634 92 92 76
398 Frances Rosenbluth 30 4427 738 334 291 283 174
399 Naomi Lamoreaux 33 4425 564 558 346 204 193
400 erika edwards 35 4390 541 327 296 233 231
401 Alexey V. Fedorov 28 4369 690 430 327 274 204
402 Ifat Levy 17 4350 965 578 414 411 328
403 Junjie Guo 15 4307 1093 747 444 407 375
404 valentina greco 21 4283 1871 437 398 245 203
405 Asif K Mustafa 15 4242 1586 712 380 354 327
406 Kenneth Gillingham 26 4132 720 363 336 290 247
407 Gail D'Onofrio 37 4114 352 172 148 126 125
408 Trude Storelvmo 26 4101 2139 254 206 188 146
409 James P Noonan 26 4064 640 371 360 305 285
410 Catarina Freitas 25 4054 695 691 229 223 194
411 Matthew Spiegel 30 4038 466 370 289 272 204
412 Dylan Gee 22 4024 683 641 439 327 272
413 Tamar Gendler 28 3990 458 413 330 238 232
414 Thierry Emonet 28 3948 503 387 332 273 227
415 Dana C. Peters 31 3936 415 280 268 251 162
417 Nancy Redeker 31 3891 669 264 258 184 166
418 Victoria L. Brescoll 24 3889 1289 481 316 271 172
419 Howard Forman 30 3886 707 281 198 188 168
420 Lauren H. Sansing 23 3867 1672 291 202 175 167
421 Jessica Cardin 19 3854 1537 363 350 218 168
423 Terence Wu 29 3773 565 510 417 240 233
424 Ahmed Mushfiq Mobarak 26 3774 534 326 310 290 192
426 William Sledge 31 3738 417 209 184 183 165
427 Michael R. Koelle 25 3723 961 572 211 206 194
428 Steven Wilkinson 21 3720 1385 1082 201 130 115
429 Jennifer Marlon 25 3681 521 440 288 268 254
430 Chinedum Osuji 35 3678 278 271 165 160 127
431 Molly Crockett 25 3652 1019 378 356 228 171
432 gary desir 31 3627 354 351 294 171 145
433 jason dana 19 3613 859 607 579 267 240
434 David Poland 27 3606 374 282 247 204 198
435 William Cafferty 23 3577 517 419 254 250 207
436 Yong Xiong 34 3542 244 221 193 170 166
437 Alvaro Duque 19 3517 661 509 499 298 215
438 Nikhil Malvankar 26 3508 480 382 317 238 234
439 Charles McEnally 31 3506 408 320 216 194 169
440 Aleh Tsyvinski 28 3491 479 437 287 222 182
441 Zhong Shao 38 3449 144 141 128 124 116
442 Jaime Napier 17 3441 1113 587 479 437 140
443 Scott Holley 29 3430 440 307 277 235 233
444 Benjamin Saliwanchik 31 3421 298 287 280 253 253
445 Jacob Tebes 29 3411 569 199 169 165 139
446 Jack Tsai 31 3409 164 156 115 100 87
447 Costas Arkolakis 16 3398 1101 634 320 278 224
448 Kamari Maxine Clarke 18 3362 1301 644 181 169 166
449 Tracey Meares 28 3357 314 248 230 218 186
450 Brad Inwood 26 2991 620 261 257 234 204
451 Michael Crowley 28 3356 744 297 203 128 117
452 Michael Nitabach 33 3321 370 235 204 189 165
453 Deepak Narayan 21 3320 730 337 225 167 162
454 Shih-Pang Chang 18 3315 182 149 149 137 109
455 Paul Geha 16 3309 645 582 552 380 319
456 Jing Zhang 8 3306 2503 549 113 44 24
457 Nicola Santoro 31 3308 275 167 166 146 140
459 Yair Minsky 28 3295 639 416 217 189 147
460 Steven Pincus 18 3261 679 587 443 245 223
461 Somaia Mohamed 28 3257 532 391 228 213 171
462 Michael Oristaglio 32 3252 404 199 195 138 103
463 Declan Barry 33 3231 193 183 158 134 129
464 Mark Estacion 32 3217 291 167 138 136 136
465 J. Lucian (Luke) Davis, MD 30 3168 394 260 217 135 110
466 Matthew D. Vesely 8 3164 1266 736 621 288 150
467 Mark J Graham 22 3157 1289 223 172 169 123
468 Maria O'Connell 26 3145 398 371 242 210 186
469 Juan Jiang 22 3141 673 427 398 201 180
470 Eric Brown 26 3099 505 243 223 170 161
471 Elsa C.Y. Yan 29 3088 215 212 205 203 178
472 Aldo J. Peixoto, M.D. 28 3083 354 199 195 169 131
473 Kurt Roberts 28 3077 281 192 187 177 167
474 Daylian Cain (D.M. Cain) 16 3046 677 581 429 281 167
475 Paul E. Turner 29 3024 521 196 145 140 135
476 Jacob V.P. Eswarakumar 16 3018 1658 236 190 180 155
477 Ivan Lomakin 17 3014 810 396 199 195 181
478 Paul R. Van Tassel 32 3010 352 216 131 110 101
479 Sergey Ivanov 28 2994 630 403 184 127 126
480 Shannan Henry 27 2963 294 193 185 183 180
481 Mark J Graham 22 2964 1289 223 172 123 111
482 Pradeep Uchil 22 2958 461 454 283 234 194
483 Qin Yan 23 2950 458 362 286 151 137
484 Sabine M. Lang 24 2941 278 273 267 231 168
485 Wen Liu 24 2912 503 312 208 185 142
487 Leonard Munstermann 34 2906 141 127 120 106 97
488 Eric J. Sargis 26 2916 614 225 212 135 133
489 Cristina M. Ramirez 27 2875 455 332 205 153 150
490 nallakkandi rajeevan 21 2843 708 520 171 162 160
491 Philip Haile 16 2767 437 384 280 249 239
493 Susan Busch 32 2741 187 148 125 114 113
494 Noah W. Palm 17 2741 627 371 316 268 219
495 Maureen Long 28 2718 250 215 186 152 147
496 W. K. Eddie Ip 24 2702 335 206 174 167 149
497 Mingjiang Zhong 30 2698 227 173 161 131 112
498 Hitten Zaveri 29 2691 479 222 222 146 111
499 Donghoon Lee 7 2686 2503 88 39 23 14
500 Jay Hyun Jo 19 2661 605 332 315 235 224
502 Aaron M. Ring 21 2650 435 217 204 202 201
503 David K Breslow 11 2645 1241 392 320 174 142
504 Kaveh Khoshnood 29 2636 166 152 133 122 117
505 Michael Loewenberg 26 2615 332 245 196 190 177
506 James Yu 29 2604 240 191 184 116 116
507 Milan Svolik 13 2591 857 496 397 295 122
508 Anatoly Kiyatkin 21 2586 412 409 298 274 193
509 Carla Staver 14 2578 948 567 249 170 151
510 Anna Szekely, M.D. 20 2569 276 276 273 240 236
511 David Vasseur 22 2563 900 266 237 215 100
512 Zhaozhong Jiang 26 2549 233 220 133 131 129
513 George Newman 25 2540 401 177 160 158 124
514 Baikang Pei 8 2535 1941 208 158 103 40
516 Bryan Kelly 15 2516 309 298 285 216 212
517 George Dragoi 12 2470 670 417 330 330 172
519 Emanuela Marina Bruscia, PhD 23 2412 596 468 147 140 129
520 Han-Zhu Qian, MD, PhD 27 2410 190 165 146 110 81
521 Eduardo Fernandez-Duque 28 2402 183 121 114 103 88
522 Claire Bowern 22 2399 721 257 101 87 76
523 William B English 18 2386 301 257 242 234 229
524 Michael J Higley 21 2385 359 324 224 190 182
525 Charles Dela Cruz 20 2384 493 454 208 164 116
526 Jun Deng 21 2381 449 195 179 161 137
527 Daniel M Weinberger 21 2379 597 264 243 171 123
528 Giuseppe Moscarini 21 2372 262 217 199 160 146
529 Julie Van Dyke 18 2336 538 262 246 158 133
530 Mingfeng Li 15 2333 904 371 119 118 102
531 Vamsidhar Velcheti MD FACP FCCP 21 2319 470 262 252 240 97
532 Shu Hu 22 2317 650 305 104 96 94
533 Matthias Siemer 21 2320 328 310 303 285 147
534 Richard Cohn 22 2305 357 321 277 142 125
535 Ying Zhu 10 2305 904 438 371 119 102
536 Leigh Goedeke 17 2257 552 455 205 149 143
537 Xuming Xu 18 2258 904 371 119 89 84
538 Craig B. Wilen 18 2248 430 307 247 169 132
539 Mousumi Ghosh 17 2244 650 311 248 173 102
540 Carlo Spirli 27 2241 148 128 126 118 105
543 Stefan Nicolescu 18 2208 556 476 197 171 115
544 Francesc López-Giráldez 21 2194 422 276 245 178 157
545 Dietmar Herndler-Brandstetter 21 2177 323 309 255 146 121
547 Levente Jozsef 24 2138 307 251 137 132 123
548 Barbara K Reck 20 2129 313 302 202 201 160
549 Mary-Louise Timmermans 23 2127 277 153 141 109 99
550 Dustin Scheinost 24 2109 402 144 138 101 83
551 Elena Gracheva 21 2079 259 225 165 132 132
552 Caroline H. Johnson 23 2066 197 174 153 142 137
553 eve colson 23 2035 430 359 131 103 89
554 Yarrow Dunham 21 2034 278 273 253 234 113
555 Yiwen Chu 15 2019 768 242 151 131 123
557 Jiansong Xu 23 2004 333 254 244 112 79
558 Mahesh Balakrishnan 23 2003 275 170 147 119 117
559 Kirk Shelley MD, PhD 22 1998 312 176 107 88 84
561 Sheng Chih Jin 17 1990 379 271 231 189 178
562 S Payabvash 27 1974 138 122 104 84 79
563 Luca Zammataro 14 1971 558 300 246 189 169
564 Sandhya Ganesan 7 1970 902 440 157 141 132
565 Chuanhao Li 20 1968 269 229 155 127 116
566 Harold W. Attridge 21 1964 547 172 106 85 80
567 Christopher Koenigsmann 19 1956 356 263 209 110 106
568 Timothy R. Newhouse 14 1938 683 432 135 135 129
569 Nir Navon 16 1924 507 308 224 138 116
570 Jean-Dominique Gallezot 23 1914 167 128 109 95 89
571 Arielle Baskin-Sommers, Ph.D. 24 1908 208 162 154 126 118
572 Scott Shapiro 14 1907 401 200 196 175 158
573 Youngho Kwon 26 1904 234 135 134 109 79
574 Jason M Crawford 22 1891 284 187 155 144 118
575 Daniel Colón-Ramos 23 1890 231 205 163 129 120
576 Tami Sullivan 20 1877 220 215 215 215 215
577 Mohini Ranganathan 21 1871 393 242 182 101 91
578 Charles Matouk, MD, FRCS(C) 19 1869 199 187 161 140 120
579 Madhusudhan Venkadesan 10 1868 1149 176 168 92 88
580 Harrison H. Zhou 21 1864 313 142 99 96 88
581 Yury M. Morozov 14 1849 347 328 295 232 157
582 Adrian Gozar 16 1848 379 199 186 158 120
583 Kamyar Ghabili 21 1831 113 98 74 69 53
584 David Baddeley 24 1820 203 150 107 102 102
585 David Kovacevic 19 1820 244 232 210 144 119
586 Craig R Brodersen 23 1815 266 158 135 110 81
588 Ron Orbach 23 1796 225 211 206 117 108
589 Edieal Pinker 17 1791 471 140 125 107 103
590 Shyam Shankar 17 1788 368 178 176 136 121
591 Adam Wisnewski 25 1788 118 102 101 97 76
592 Gabriel Santpere Baró 18 1775 392 191 157 152 125
593 Stefano Giglio 16 1773 645 225 141 141 107
594 Thomas J McMahon 28 1766 139 116 107 99 90
595 Marc Hammarlund 22 1759 297 248 153 142 119
596 sheng zhang 22 1748 274 126 103 100 74
597 Maria Veldhuizen 19 1746 603 129 121 102 74
598 Mattias Gustavsson 11 1732 424 372 301 242 171
599 John D. Murray 19 1730 405 171 156 150 136
600 Nalini Vadivelu 22 1727 351 85 84 83 83
601 Steve Chang 15 1720 565 199 168 103 99
602 manish garg 11 1714 745 488 91 91 84
603 Smita Krishnaswamy 16 1709 477 288 166 122 94
604 Ilan Harpaz-Rotem 22 1706 164 106 104 83 82
605 Joanna M Fiszdon 24 1705 141 116 88 82 79
606 Jason Lyall 13 1701 451 388 209 208 134
607 Claudia Valeggia 20 1701 315 183 112 105 89
608 Silvio Manfredo Vieira 22 1694 206 166 123 113 106
609 Maria Mercedes Pinango 21 1682 284 203 174 74 74
610 Christine Ko 21 1682 201 181 106 94 67
611 Charles E. Vejnar 14 1675 327 284 250 150 105
612 Jacob Hosen 9 1674 1006 387 75 58 53
613 Virginia E. Pitzer 17 1660 344 327 191 92 82
614 Jian Xu 23 1646 209 160 160 120 61
617 Megan C. King 14 1615 339 268 224 188 160
618 William Murk 20 1611 284 180 157 146 105
619 André M. M. Sousa 8 1611 904 244 118 102 85
620 Agedi Boto 6 1593 1231 1231 177 140 27
621 Zhao Zhang 21 1579 507 135 91 77 68
622 Mert Ozan Bahtiyar 25 1573 150 110 102 64 63
623 Yang Yang 17 1573 246 245 164 154 152
624 Nabeel Nabulsi 22 1566 136 89 78 70 62
625 BYOUNG-IL BAE 12 1562 408 316 209 149 113
626 Xilin Shen 18 1558 402 173 144 106 101
627 Ziad Ganim 16 1552 317 215 158 150 110
628 Winston Lin 14 1549 251 241 170 156 134
629 Jaime S Ide 19 1542 316 117 116 111 100
631 Shiaulou Yuan 11 1536 919 117 86 66 62
632 Kshitiz Gupta 16 1530 242 157 149 122 108
633 Brian Vlastakis 17 1524 282 263 136 134 121
634 Grace Kong 20 1524 211 192 115 106 90
635 Rebecca Kramer-Bottiglio 18 1527 270 158 141 110 103
636 Lucie Tvrznikova 9 1512 726 386 138 65 50
637 Gijs de Lange 15 1507 492 182 142 94 85
638 KAMBIZ N ALAVIAN 19 1504 270 169 168 129 128
639 Jonathan Warrell 13 1502 386 352 208 93 85
640 Yoshiaki Tanaka 13 1502 683 366 88 84 65
641 Arjun K Venkatesh 19 1491 237 103 100 91 83
642 Zorana Ivcevic 18 1482 173 154 135 115 106
643 Lingzhong Meng, MD 21 1479 170 140 106 105 94
644 Liqiong Gui 9 1477 898 159 145 82 39
645 Gregory S. Hutchings 13 1469 440 260 160 118 117
646 Evan Beach 20 1468 142 142 132 126 118
647 Abbe R. Gluck 13 1468 282 254 167 131 101
648 Elise E. DeVito 21 1464 193 159 106 96 76
649 Huaixiu Zheng 15 1463 300 153 143 128 126
650 Martin Scott Kluger 20 1443 339 128 77 74 74
651 Amer Zeidan, MBBS, MHS 21 1444 65 63 62 53 50
652 Cory Merow 13 1437 814 133 101 56 56
653 Sangchoon Jeon 19 1424 186 88 82 78 74
654 Hyojung Seo 15 1423 231 192 156 143 121
655 TuKiet T. Lam 19 1418 226 165 165 134 133
656 Yen Cu, PhD 11 1417 342 330 181 167 88
657 Sam Payne 21 1416 151 127 103 93 75
658 DAKE QI 24 1412 129 129 126 110 101
659 Kun-Yong Kim 18 1412 178 157 144 125 110
660 Xinyu Zhang 20 1408 275 106 91 83 79
661 Esen Sefik 9 1406 374 307 196 171 147
662 Zhe Weng 15 1390 531 136 105 101 80
663 Guido J. Falcone 23 1385 99 81 73 63 59
664 Yumei Wu 19 1379 233 231 88 73 70
666 Chia Wei (Wade) Hsu 17 1362 239 148 137 106 93
667 Lisa Kahn 12 1362 748 119 100 76 58
668 Allan Dafoe 13 1349 528 142 136 126 75
669 Richard Martinello 12 1347 316 246 244 135 90
670 Jessica Mariani 9 1344 368 273 240 236 155
672 Zuoheng Wang 18 1336 150 131 125 85 78
673 Pradeep Kurup 17 1325 209 160 160 157 120
674 Sergey V Melnikov 9 1318 714 210 166 106 54
675 Adam P. Mecca, M.D., Ph.D. 11 1313 351 247 191 146 111
676 Seng Fatt Liew 19 1309 171 151 133 77 70
677 Matt Reagor 12 1309 724 120 101 86 66
678 Peter Kok 13 1305 328 206 156 120 103
679 Chao Ma 15 1302 313 211 168 127 89
680 Jinah Han 14 1297 291 202 144 115 88
681 Eric Nunes 17 1291 250 147 96 88 84
682 Daryl Ewald Klein 11 1291 454 200 143 136 83
684 Wen Pan 12 1288 433 273 113 96 90
685 Peining Li, PhD 19 1279 169 163 77 76 61
687 Hosung Nam 18 1275 133 117 103 91 59
688 Arnar Geirsson 17 1268 172 154 94 93 73
689 Malaiyalam Mariappan 14 1266 313 179 142 139 112
690 Vinod Srihari 21 1254 181 91 86 63 53
691 Matthew A. Seager 19 1254 211 186 118 66 52
692 Ryan Berry 13 1251 307 232 120 118 83
693 Yansheng Liu 17 1244 171 152 130 110 107
694 Chadi G. Abdallah 20 1242 131 91 69 59 54
695 Lorenzo Caliendo 9 1239 571 178 149 108 99
696 Deepa Camenga 19 1232 211 115 106 94 90
697 Huan Wang 11 1229 252 247 168 155 118
698 Martial Ndeffo Mbah 19 1225 182 133 102 81 68
699 Xiaoyang Cheng 17 1222 291 151 85 73 72
700 Hee Oh 20 1222 113 96 81 81 50
701 Ivan Surovtsev 14 1221 273 240 183 76 67
702 Simon A. Queenborough 16 1218 255 177 122 81 73
703 Rene Almeling 10 1217 364 267 240 101 62
704 Christopher M. Hickey 10 1213 273 271 135 108 101
705 Jae-Sung Yi 16 1210 512 126 97 74 60
706 Kevin P. Jensen 19 1207 269 145 130 86 74
707 Henry Soo-Min Park, MD, MPH 21 1206 120 94 73 69 61
708 Christina S. Han 18 1205 207 136 128 87 61
709 Jennifer S. Fang 14 1202 251 251 238 125 122
710 Robert Frank 15 1187 250 147 137 91 85
711 Matthew Johnson 15 1189 355 355 162 132 123
712 Renato Polimanti 21 1188 65 51 42 41 36
713 Vasiliki Pelekanou 20 1183 252 88 68 65 48
714 Jung Seok Lee 14 1178 362 134 87 85 68
715 Anna rachel gallagher 17 1178 189 149 133 115 74
716 Sviatoslav (Slav) Bagriantsev 17 1175 225 127 116 89 86
717 Golam M. I. Chowdhury, MS (Med), PhD. 15 1171 317 148 137 97 69
719 marc auerbach 19 1165 118 86 83 68 68
720 Renata Batista-Brito 10 1163 213 174 168 132 131
721 Paul Kockelman 18 1163 144 130 122 67 63
722 Mario Skarica, M.D. 12 1162 478 143 92 89 60
723 Desheng Zheng 14 1160 437 280 59 57 50
724 Bae-Hoon Kim 13 1158 284 142 131 110 85
725 Mika Naganawa 17 1156 128 119 110 82 60
726 Owen D. Miller 15 1152 506 56 56 53 46
727 Kristie T. Ota 16 1142 228 167 95 90 90
728 Anup Srivastava 16 1142 161 137 116 79 76
729 Kanani K. M. Lee 17 1137 106 99 95 90 88
730 Mark Eggerman 12 1119 219 198 153 132 121
731 Ramanaiah Mamillapalli 14 1118 321 276 107 46 44
732 Krystal Godri Pollitt 20 1111 161 141 70 69 69
733 Amanda Kowalski 14 1109 252 177 102 93 91
735 Basavaraju G. Sanganahalli 19 1104 168 111 82 60 51
736 fiorottor 14 1104 128 126 118 105 104
737 Meng Cheng (程蒙) 17 1103 144 139 118 71 59
738 Mina L Xu 15 1103 380 219 99 55 53
739 Gina Novick 8 1101 729 127 69 59 45
740 Gianfilippo Coppola 15 1098 240 236 89 67 57
741 Rhitankar Pal 19 1092 101 90 88 85 83
742 Xiang Hao 15 1091 151 145 134 102 66
743 Veena S Rao 19 1091 93 76 73 63 62
744 Amin Karbasi 17 1085 111 94 82 82 76
746 Thomas Langford 16 1081 191 136 101 98 63
748 Nissim Ofek 14 1080 280 147 134 86 70
750 MD KAIMUL AHSAN 15 1073 201 134 119 94 86
751 Christine Mooshammer 20 1072 71 62 57 52 47
752 Pengfei Li 8 1055 622 156 71 39 36
755 Jason Sico 11 1044 603 85 78 50 44
756 Kevin M. Johnson 15 1044 252 135 100 90 73
758 Jakub Szefer 11 1039 284 270 127 127 35
759 Irina Esterlis 17 1024 135 117 78 71 61
760 Alex Kwan 12 1021 314 211 90 75 65
761 Mirko Messa 17 1009 133 124 100 72 58
763 Florian Ederer 11 995 308 201 196 53 46
764 Stephanie M. Groman 14 988 135 129 103 103 71
765 Kathleen A Garrison 13 984 181 138 100 99 81
766 Benjamin Evans 11 984 592 103 65 33 28
767 Rachel Dreyer 16 981 143 135 93 81 45
768 Kyle Jensen 11 979 240 201 176 98 86
770 Wei-Guo Ma 17 974 128 120 37 34 33
771 Jaemin Kong 18 973 145 95 83 77 63
772 Wei Wu 16 972 216 156 88 79 49
773 Matthew McGinley 14 973 159 132 119 97 71
774 Soham Maity 12 972 167 114 104 95 91
775 Kelly Shue 9 969 321 214 140 88 50
778 Henk M. De Feyter 16 961 135 108 78 75 73
779 John Rhodes 12 960 423 151 89 77 53
780 Katrina Karkazis 14 957 365 126 53 45 44
782 Rajiv Radhakrishnan 15 951 192 115 93 56 56
783 Kevin P Tobia 9 948 680 104 28 27 23
784 Forrest W. Crawford 14 948 208 112 110 90 88
785 Yair Listokin 19 946 123 95 77 64 60
786 Kenneth D Harrison 10 946 453 103 72 56 53
787 L. Kealoha Freidenburg 10 946 266 214 110 89 63
788 Steven Z. Chou (ZR Zhou) 12 946 591 70 42 41 40
790 Katherine M Tsui 16 943 154 67 66 65 61
791 Giuseppe Amatulli 14 940 156 106 102 91 63
795 Weixing Zhao 16 937 234 82 72 63 58
796 M.G Swetha/ Swetha Gowrishankar 7 936 430 277 73 67 46
797 Thomas Halaszynski, D.M.D., M.D., M.B.A. 19 934 169 64 58 53 49
798 Monica Y. Lee 13 933 330 131 74 56 52
799 Karthik Murugiah 12 930 184 143 109 100 76
800 Sabrina Lyn Cales 17 930 115 108 101 64 60
801 Dong Liu 19 929 124 77 61 49 48
802 Ian William Tattersall 7 929 634 96 87 57 21
803 Jenan Saadatmand 12 921 285 210 111 89 43
804 David Moore 10 920 233 221 152 63 60
806 Timur R. Galeev 17 911 99 95 95 90 78
807 Peter M. Aronow 18 909 133 120 91 47 44
808 Yiren Zhong 15 906 126 96 96 77 67
812 Iggy E-Shien Chang 17 897 78 72 71 69 59
813 Feng Li 12 894 228 178 119 70 57
814 Mohamed Uduman 15 894 99 93 85 81 74
815 Tobias Geiger 13 891 155 121 100 93 72
816 Sien Hu 20 889 103 64 49 49 48
817 Keith J Ruskin, MD 16 885 125 118 54 48 43
818 Sydney Spiesel 6 885 416 193 98 78 72
819 Adrian D. Haimovich 11 884 368 146 97 65 62
820 Kathryn Hefner 12 884 190 141 127 79 70
822 Adam Naples 13 882 283 160 98 37 32
823 Wen-Liang Zhou 13 875 111 107 100 79 68
826 Yulia V Surovtseva 12 870 214 130 93 90 86
827 Jason Anthony Vander Heiden 15 868 165 93 81 74 69
828 Jidong Zhou 12 866 222 110 103 76 70
829 Marcus Alexander 13 864 295 122 59 55 46
830 Hany Dweck 13 866 242 111 109 93 50
831 Hesper Rego 8 861 270 229 150 139 21
834 Aakriti Gupta 12 856 257 172 49 47 45
836 Wook Jin Chae  14 851 163 112 81 75 68
837 Alvaro Sanchez 13 850 212 105 95 95 89
838 yuegao huang 13 845 103 90 58 30 24
840 Alex Baher 10 839 312 134 98 75 70
841 Navin Rauniyar, Ph.D. 16 836 155 86 79 52 49
842 Eli R. Lebowitz 16 835 116 111 71 58 51
843 Junya Kato 10 835 197 160 139 89 63
844 Tao Qing 8 834 335 194 143 83 24
845 Matthew Hegreness 8 834 206 199 178 130 45
846 Alexandra DiFeliceantonio 7 831 500 103 82 66 45
847 Meiyu Xu 16 830 100 70 65 65 64
848 Wenjun Song 7 830 306 177 121 119 57
849 Yoonho Chung 9 828 198 176 144 106 71
851 Lisa Mattei 9 823 360 121 80 71 69
852 Robert B. Schonberger 9 822 597 20 19 15 15
855 Marissa Gorlick 13 811 212 112 110 66 62
856 Marco Onorati 11 807 247 113 85 68 63
857 Danielle Bolling 13 805 126 96 91 66 64
860 Rajendra Sawh Martinez 9 797 351 125 111 60 38
862 Jason Stearns 13 790 355 52 45 43 42
863 Jean-Ju Chung 13 788 191 149 95 94 71
865 SANG-RYOUNG KIM 13 784 149 130 117 62 49
867 Soohyun Nam 11 779 442 70 59 43 38
868 Basmah Safdar MD 15 778 87 84 81 74 49
869 Tao Wu 12 776 158 145 93 79 76
871 Ana L. De La O 8 772 295 193 94 42 32
872 Constance Bagley 13 769 155 81 70 65 58
873 Zack Cooper 10 760 338 104 103 34 24
875 Ravinder Kaundal 16 759 173 71 68 62 45
876 Genevieve Yang 13 758 185 150 81 65 63
877 Bhart-Anjan S. Bhullar 14 758 115 109 73 47 44
878 Sameet Mehta 10 757 149 141 130 92 77
879 Srinath Krishnan 11 754 161 149 89 64 60
881 Haoran Wei 11 752 129 104 94 77 71
882 David Bach 12 750 183 90 73 71 69
883 Z Ping Lin 14 750 123 106 81 79 69
884 Nalini  Vudattu 15 750 140 101 69 39 36
885 Jennifer B Dwyer 9 750 360 199 63 36 22
886 Xiaokai Li 12 748 238 169 64 52 47
887 Markus Englert 14 747 157 119 89 63 50
889 Valerio Pastro 6 743 439 164 84 19 14
890 Chin-Mei Lee 7 740 397 137 103 31 25
891 Jung Dae Kim 15 742 157 109 100 50 39
892 Cheng Li 15 741 157 133 52 46 41
893 Henry C. Hsia 10 738 181 117 105 85 73
894 Shaun E. Gruenbaum, MD, PhD 16 736 55 49 31 31 27
895 Yaozu Xiang 11 737 187 161 76 50 39
896 Andrei Malashevich 12 730 169 97 81 60 59
899 E. Zeynep Erson Omay 11 725 305 92 71 47 44
900 Yujung Kang 13 715 213 96 74 55 51
901 Swayam Prakash Srivastava 15 717 143 68 57 53 53
903 Anirudh Narla 11 707 176 121 120 85 63
904 Fatih Canan 15 706 90 75 45 42 42
905 Ireneusz W. Bulik 15 705 142 70 52 50 40
908 Brian G. Coon 13 687 160 79 62 57 52
909 Jason Alexander Röhr 6 687 258 257 54 51 41
910 Margaret Taylor Davis 10 683 318 87 50 48 22
911 Melanie Martin and Melanie Schachter 14 681 95 70 67 55 48
912 Qiushi Guo 13 680 133 94 78 75 50
913 Kimberly Harris 8 677 438 77 42 38 27
914 Anirvan Nandy 10 672 191 110 102 69 48
915 William Honeychurch 15 671 70 64 56 39 38
917 Noah Reynolds 10 667 264 126 74 51 37
918 Qi Zhao 13 665 174 76 57 54 41
919 Steven M. Tommasini 11 663 125 78 68 57 57
920 Brian Koo 13 664 119 74 72 71 30
922 Emily Schoenhofen Sharp, PhD 7 661 192 150 72 64 61
923 Xinglin Lu (吕兴霖) 12 660 115 99 88 86 50
924 Parisa Shooshtari 8 660 335 119 86 27 24
925 AYMEN AWAD ALIAN 12 656 107 88 70 53 51
926 Greco 11 656 203 176 59 54 37
928 Xiting Yan 13 653 139 77 67 52 41
930 Keiichiro Tanaka 7 651 186 160 143 56 47
931 Athena Hadjixenofontos 5 651 569 36 18 17 6
932 Łukasz Bratasz 16 651 74 56 45 33 30
933 Andrew J Sawyer 15 650 117 93 76 44 44
934 Olga Dal Monte 15 649 96 78 49 47 42
935 Reuma Gadassi 13 647 131 126 52 52 49
937 Alan D Rooney 10 644 115 111 109 71 45
938 Heather Tookes 10 641 204 84 78 77 66
939 Xi Liu 18 642 70 52 50 44 36
940 Jung-Woo Kang 13 639 103 97 50 45 43
941 shen hua 13 638 109 90 78 56 55
942 Jillian J Jordan 10 640 155 90 74 74 65
943 Julien Berro 11 637 132 112 81 68 50
944 Mathias Wipf 11 637 232 66 51 50 36
945 Hamada Hamid Altalib 15 635 111 41 35 35 35
946 Arijeet Gattu 9 633 149 131 118 69 48
947 Alexandre Debs 11 633 232 78 60 49 44
948 Xiaojun Cai 8 633 387 121 36 22 20
949 Minhwan Chung 8 629 295 110 53 45 38
950 Marwan Azar 9 626 226 118 53 51 43
951 Cormac O'Dea 12 625 136 68 58 53 43
952 Shaoke Lou 11 621 122 113 95 67 50
953 shiny nair 12 615 133 94 59 59 53
955 Thomas M. Gill 12 614 114 102 73 42 42
956 Karishma Mehra 10 615 123 98 93 91 68
957 Alexander Thomson 9 605 296 106 70 55 23
958 George A. Miles 8 604 252 101 93 64 15
959 LI YI 7 602 324 110 75 31 21
960 Timothy Schmutte 10 600 182 102 91 55 48
961 Elisabeth Humphris Narayanan 10 599 250 93 76 72 46
962 Balazs Kovacs 11 599 96 78 78 65 46
963 Teresa Brecht 9 598 178 101 58 56 53
964 Elizabeth A. Schroeder 8 597 225 117 113 51 30
967 Miguel Ángel Moreno Mateos 11 595 250 60 53 48 48
968 Kathryn D Smith 8 594 249 90 80 66 48
969 Xiaoyu Xue 12 594 174 76 62 57 37
970 Manabu Taura 15 594 96 53 52 43 35
971 Simon Zhornitsky 16 594 79 76 40 40 35
972 Xiaolong Chen 11 587 205 87 62 38 35
973 Albert Powers 10 587 187 106 91 67 48
974 Konstantinos Poularakis 13 587 117 75 71 62 47
975 Daniel F. Levey 7 586 297 115 60 42 39
976 Brian G Rash 9 585 161 123 77 59 55
978 Rebecca Miller 9 583 297 54 48 45 37
979 TengHooi Goh 11 579 238 63 47 44 34
980 Manavi Chatterjee 12 578 80 76 65 61 47
981 Gang Peng 7 578 216 114 71 61 40
982 Daniel C. Thomas 8 577 170 143 112 67 25
983 Daniel Cordaro 5 578 482 32 19 19 13
984 Yang Guo 12 574 149 56 47 43 42
985 Xin Jin, Ph.D. 15 575 70 42 35 24 24
986 Nan Li 12 574 75 75 62 55 53
987 Robert A. Amezquita 7 572 289 102 66 44 20
989 Lisha Chen 7 571 217 149 149 97 75
990 Fabio Pacucci 14 571 71 69 48 45 41
991 yongdeng zhang 11 571 226 83 61 32 26
993 Ian Quinn 12 569 174 75 48 47 42
994 Kathy Peng, MA 7 570 291 115 55 36 28
995 Lydia Barakat 5 568 324 186 22 13 13
996 Hong Jiang 7 567 127 109 98 83 76
997 Nuno P. Monteiro 10 566 140 112 90 78 60
999 Zhu, Yan 9 565 177 106 87 53 38
1000 Brandon M. Kitay 6 565 297 81 74 43 36
1001 Shinu John 10 563 166 109 80 74 38
1002 Jagadish Beloor 9 563 251 63 63 57 23
1003 Daniel L J Broere 12 562 122 116 76 51 27
1004 Ajay Malhotra 11 561 100 86 64 26 23
1005 Robert Ross MacLean, Ph.D. 12 557 278 56 37 28 21
1006 Kristofer Covey 8 554 156 156 61 59 41
1007 Yin Tang 5 555 348 68 67 29 28
1008 Farhan Ali 7 553 370 67 38 29 21
1009 Severin Uebbing 7 553 392 42 35 30 17
1010 geliang gan 12 550 146 99 57 36 33
1011 Sarah Slavoff 8 549 260 66 58 40 35
1012 Wen Chen 16 548 59 39 39 33 29
1013 Gigi Galiana 11 544 91 75 55 55 31
1014 Sudhakar Nuti 10 542 143 75 65 44 38
1015 Jonathan Levinsohn 9 541 167 89 68 66 46
1016 Alexander R. Bazazi, PhD 13 536 76 62 52 42 42
1017 Chan U Lei 9 536 208 68 62 38 38
1018 Guangchuan Wang 14 536 80 63 48 35 32
1019 Yong Luo 12 533 111 92 52 51 41
1020 Chongguang Yang 10 532 117 74 61 48 42
1021 Jaymin Patel 5 531 300 146 36 31 13
1022 Yi-Chien Lu 9 531 167 82 61 46 39
1023 Jagriti Arora 8 531 221 108 55 42 34
1024 Gordon Silverstein 10 530 116 103 61 53 47
1025 Amy Hungerford 10 530 162 118 49 45 43
1026 Fei Zhang 11 530 155 55 48 47 38
1027 Ashley L. Gard 9 525 145 105 99 83 19
1029 Pincelli M Hull 13 524 79 47 46 40 38
1030 Verity Harte 8 524 242 110 46 32 28
1031 Glen I. Harris 11 521 126 105 74 45 33
1032 David Klemanski 10 517 140 103 86 44 36
1033 Sung Min Han 11 518 205 67 51 44 35
1035 Ayman Elshkaki 12 516 96 88 68 38 37
1037 Behnood Bikdeli 13 512 44 39 33 29 23
1038 William Schpero 9 512 215 78 76 33 27
1039 Nicola L. Hawley 12 511 72 50 44 39 37
1040 Goran Micevic, Ph.D. 8 510 289 87 44 16 15
1041 Matthew J. Girgenti 12 508 87 77 70 58 53
1042 Daniel Harrison 10 505 268 54 48 37 19
1043 Samuel Wilkinson 9 502 192 56 56 43 40
1044 Mark Sheskin 10 494 139 99 77 38 31
1045 Andreas Max Ernst, PhD 9 493 197 90 35 32 29
1047 Emily Kinser 14 491 91 44 23 23 23
1048 Joseph Belter 8 492 228 98 39 32 18
1049 Patricia Gruner 10 492 132 71 48 42 40
1050 Emanuela Molinari 7 490 345 65 19 16 13
1051 Wei-Chien Hung 10 489 122 79 75 74 34
1052 Zhe Xu 11 490 118 103 57 33 32
1053 Minzhi Xing 12 488 50 33 32 27 23
1055 Anjelica L Gonzalez 12 487 92 59 56 54 40
1056 Jose D. Herazo-Maya 11 484 141 121 61 36 26
1057 Jon Powell 10 483 76 73 65 48 45
1058 Nicholas J W Rattray 10 483 67 65 51 42 33
1059 Sheela Shenoi 12 482 64 63 61 55 29
1060 Ji-Yong Shin 7 478 130 105 95 95 85
1061 Yang Yang 10 478 96 66 62 59 47
1062 Allison E. Gaffey, Ph.D. 7 477 150 117 107 38 26
1063 Fan Deng 8 479 172 122 50 41 34
1065 Douglas Storace 8 475 234 45 38 31 31
1066 Ansel Hillmer 12 475 68 50 37 29 24
1067 Xiao LUO 8 474 335 32 22 21 13
1069 J. Mason Earles 8 472 251 57 51 32 25
1070 HEONWOO LEE 13 471 86 36 30 30 29
1071 Vahid Tavakoli 12 470 71 46 45 37 32
1072 Cynthia J. Willner 7 470 345 56 17 9 9
1073 Andrea Barbo 5 470 335 33 31 18 16
1074 Jianying Huang 11 467 136 60 47 38 31
1075 Philippe Campagne-Ibarcq 9 467 101 91 62 51 49
1076 Leyuan Xu 14 467 64 64 50 46 26
1078 Alexander Doronin 10 464 107 65 47 37 33
1079 Nelli Mnatsakanyan 11 465 135 63 38 32 31
1080 Janet A. Lydecker 12 462 103 51 45 43 26
1081 Christine Lattin 13 460 99 45 37 37 30
1082 Susanna Messinger 7 459 182 146 41 40 24
1083 Joerg Nikolaus 13 459 79 57 42 41 37
1085 Michael Rutenberg-Schoenberg 8 458 199 63 62 34 25
1086 Yanglin Li 8 458 126 126 86 28 28
1087 Xiaobing Zhang 14 457 61 51 50 35 32
1088 Clinton L. Johns 10 456 98 97 48 38 38
1089 John Encandela 12 456 76 48 47 43 34
1090 Rebecca 7 455 297 36 35 35 15
1091 Li-Tao Guo 9 453 199 55 49 47 41
1092 Sarah Kathryn Fineberg 7 453 256 58 44 30 17
1093 Xiaochu Ma 5 453 197 148 69 22 7
1094 Julia E. Limage (Brown) 9 452 141 103 36 35 30
1095 Paul O. Mireji 12 453 112 41 34 34 29
1096 Zhe Li 9 452 110 89 71 49 27
1098 Oswaldo Chinchilla Mazariegos 9 452 169 43 24 18 15
1099 Xiaolei Su 7 451 149 107 82 46 46
1100 Wenwen Tang 12 449 61 55 51 44 27
1101 Devon M. Fagel, MD, JD 6 449 149 83 74 59 59
1102 Cristina Visani 12 449 100 56 51 39 28
1103 K Okamoto; KW Okamoto 10 449 190 69 24 24 23
1104 Aaron Gerow 11 446 76 45 21 20 18
1105 Alexandre Dubrac 14 445 66 43 43 33 31
1106 Marina Halac 8 442 144 83 63 54 39
1107 Sirisha Pochareddy 8 440 89 85 80 59 37
1109 Federico Corti 10 435 76 76 54 53 32
1110 Jinki Yeom 11 433 68 64 62 39 35
1111 Jen-Hwa Chu 11 432 106 46 45 41 39
1112 Fuyi Chen 11 432 72 52 50 47 31
1113 Michael J. Strambler 7 432 181 86 60 26 21
1114 Rakesh Verma, PhD (Medical Oncology), MBA 11 432 151 59 44 32 23
1115 Jason Bini 10 431 190 42 41 34 26
1116 Andrew Sabl 10 431 103 71 54 36 34
1117 Adam Lukasiewicz 12 431 64 32 30 27 26
1118 Song Jie 13 429 51 46 39 36 27
1119 Jeremy Cushman 8 429 193 51 44 34 32
1120 Johanna L. Crimins 7 429 114 85 67 55 47
1121 Jamie Luguri 7 426 105 102 99 47 32
1122 Alexei Zelenev 12 427 70 39 37 37 36
1123 Halima Chahboune 8 426 81 74 60 54 50
1124 Konika Banerjee 7 427 80 77 70 63 53
1125 Alberto Antonicelli 9 421 106 69 53 52 47
1126 Zain Husain 12 420 40 38 35 30 29
1127 Jose Antonio Cisneros 11 419 135 51 34 33 27
1128 Kalle Rytkonen 11 419 84 57 51 33 26
1129 Ravi Shekhar 7 419 194 62 59 59 31
1131 Sanjay Premi 12 418 156 33 30 26 23
1132 David van Dijk 10 417 87 72 43 41 38
1133 Mary Tyrrell 12 418 129 38 31 31 20
1134 zhongshan Cheng 11 416 86 67 40 40 36
1135 Eric A. Woodcock 10 416 142 42 36 28 27
1137 Vilhelm Sjöberg 11 414 101 86 49 36 28
1139 Emily E Oldfield 9 412 111 103 50 47 31
1140 Brian J Lester 6 412 151 112 62 55 17
1141 Julie Gaither 11 412 66 61 55 41 32
1142 Haris Mirza 9 411 120 54 47 39 39
1143 Nicole Deziel 13 411 54 48 37 33 30
1144 Zoe Chance 9 411 106 100 99 25 14
1145 Yuwei Cheng 6 410 301 34 25 14 13
1146 Alder Keleman 11 409 70 64 37 34 23
1148 Kevin Rocco 12 411 74 47 39 32 32
1149 Xinbo Zhang 9 407 138 90 25 22 20
1150 Anisha Gupta 12 420 42 31 30 22 21
1151 Qin Qin 11 407 103 58 37 34 32
1152 Sonali Advani 7 407 117 93 64 59 36
1153 fuyao liu 10 407 71 60 60 46 39
1155 Xunda Feng 12 406 75 59 41 31 28
1156 Yonghao Cao, MSc, PhD 10 405 85 54 53 39 38
1157 Jing Du 13 405 47 41 40 38 32
1158 Man-Ki Yoon 13 404 59 43 34 30 23
1160 Xiaowei Chen 8 403 107 96 77 38 28
1161 Daniel Keniston 8 403 155 91 42 40 27
1162 Frédéric Schneider 5 402 149 120 107 15 9
1164 Joshua Warren 13 400 54 31 29 25 25
1165 Yong Jiang 9 400 114 54 49 28 27
1166 Joonseok Oh 13 401 36 33 33 33 27
1168 Jim Wood 10 398 114 28 27 23 22
1169 Lidya Tarhan 12 397 45 42 39 38 32
1170 Gregg S. Gonsalves 10 398 88 55 32 31 24
1172 Edward R. Melnick 11 396 57 55 37 30 30
1173 Christopher A. Bailey 6 396 198 51 49 48 21
1174 Ellen Edens 11 396 100 51 33 29 26
1175 Ian Mondragon-Shem 5 395 266 49 34 33 5
1176 Dijin Xu 6 394 190 122 41 22 22
1177 Christopher Y Chen 10 393 139 64 42 32 23
1178 Amit Bardia 6 393 180 110 45 24 7
1179 Dongjoo Kim 11 391 92 57 37 26 25
1180 Ambrose Wong, MD, MSEd 11 390 112 40 36 34 33
1181 Ian M Bullock 9 392 76 71 52 43 36
1182 HARISH NAIR RAMANATHAN 10 389 72 54 52 49 42
1183 Jason A. Shaw 10 388 77 50 43 25 19
1184 Simone Tomasi 11 386 76 55 50 49 32
1185 Dustin R. Bunch 10 386 120 53 34 29 29
1186 Brook Chernet 7 386 93 77 76 41 39
1187 Nicole M Martinez 7 386 191 77 55 18 18
1188 Michael Landis 7 386 188 62 56 42 17
1189 Ellen Furlong 5 385 122 87 68 59 42
1190 Hendrik Meier 7 383 202 66 42 23 21
1191 Shomeek Mukhopadhyay 9 381 73 68 41 32 31
1193 Runxia Liu 7 383 97 85 63 42 26
1194 Alborz Feizi 9 378 119 47 42 40 37
1195 Zachary Liscow 5 377 242 49 36 30 6
1196 arthur Goetschy 10 376 70 61 61 53 39
1197 Judith Hackman 6 376 230 42 25 23 12
1198 Jennifer Choi 12 375 37 36 27 22 21
1199 Serge Rosenblum 8 374 179 44 36 34 27
1201 Hao Chang (常浩) 6 369 226 83 20 10 7
1202 Yury Koush, PhD 11 369 77 42 39 37 32
1203 Jungmin Choi 9 367 139 44 39 34 30
1204 Mona Sharifi, MD, MPH 11 367 95 42 38 33 26
1205 Cynthia Megyola 8 367 90 81 43 36 32
1206 Tianxia Guan 7 364 118 66 53 44 42
1207 Zhi-Gui Li 11 361 55 49 43 28 26
1208 Raktim Sarma 9 361 171 34 21 19 17
1210 Allison Cox 8 361 154 58 29 23 22
1211 Hanno C. Erythropel 10 360 78 69 49 46 24
1213 Huang Tengbo 9 358 101 51 48 45 39
1217 Abhishek Kumar 8 355 121 61 47 44 40
1218 Kyounghee Kim 8 355 101 86 60 32 32
1219 Yu-Min Chuang 10 355 58 58 52 52 33
1220 Constance Zou 8 355 83 78 51 50 33
1221 Jessica Helfand 8 354 98 94 52 28 23
1222 Liang Gu 10 353 99 77 47 19 17
1224 Andrae Vandross 4 354 210 95 24 20 3
1226 Jingchun Liu 10 351 49 31 26 20 19
1228 Vivienne Baldassare 7 351 115 78 66 22 21
1229 Suat Kucukgoncu 10 351 71 49 46 27 25
1230 Jian Chen 11 350 62 57 30 30 22
1231 Yang Yang 12 349 57 33 31 28 25
1232 Jakub Toczek 8 349 112 75 65 25 14
1233 Zhuobin Liang, PhD 7 349 175 85 32 21 14
1234 Sandy Seyoung Lee 10 348 86 44 42 41 27
1235 Yasir Suhail 8 348 139 79 43 17 13
1237 Adithya Sivaraju 4 346 230 70 26 6 4
1238 Jasmin Lebastchi 8 345 126 63 53 39 21
1239 Viji Kurup 10 344 75 49 38 21 17
1240 Yunfan Yang 10 342 60 51 38 37 29
1241 JUAN WANG 9 342 83 47 44 30 26
1242 Ying Yang 11 342 98 38 28 22 21
1244 Shiny Titus 6 340 186 60 39 23 11
1245 Yujun Xie 11 340 63 40 38 31 29
1246 Osman Faheem MD 5 339 106 104 87 28 5
1247 Christopher F. Benjamin 10 339 112 48 38 27 24
1248 Yijun Zhang 10 339 53 42 35 34 28
1249 Christian Bernards 10 338 62 33 29 25 24
1250 Nicholas Ryan 7 338 139 43 43 36 33
1251 Joanna Radin 9 339 67 65 43 33 22
1252 Peter A Kahn 3 338 318 4 4 3 3
1253 Julian Polaris 7 337 123 98 27 26 22
1254 Nejla Zeynep Kubilay 8 336 106 92 49 25 12
1255 Sara Kuebbing 10 336 71 55 54 41 19
1256 Tristan Driscoll 10 333 60 53 45 43 30
1258 Bingchen Deng 8 331 133 43 40 20 19
1259 Yvonne Y. Gao 8 330 86 56 53 47 35
1260 Lin Shao 8 330 80 61 48 37 37
1261 Peter H Addy, PhD 7 329 178 49 19 17 17
1262 Irinna Papangeli 9 330 92 46 43 41 24
1263 Huanxing Sun 12 330 54 31 31 31 28
1264 Stefan Steinerberger 10 329 25 19 15 13 13
1265 Ennan Zhai 12 327 37 26 24 19 19
1266 Xiaoshen Ma 8 327 126 51 37 35 29
1267 Shaoda Liu 7 326 96 78 46 43 42
1268 Arian Abdulla 6 324 124 105 36 20 18
1269 Jeffrey J. Shaw 7 324 85 76 57 44 22
1270 Joshua Curtiss 11 325 86 44 30 21 20
1271 Vineet Kumar 5 324 138 114 33 15 10
1272 Tolulope Agunbiade 10 324 55 34 31 27 17
1273 Anda Botoseneanu 12 323 47 30 29 28 25
1275 HANI MOWAFI 11 321 40 39 39 37 22
1276 Alexander B. Belser 7 320 122 79 55 21 12
1277 Zhemin Xuan 11 319 37 27 23 20 19
1278 Steven Touzard 4 319 143 120 120 43 4
1279 Akshay Deshmukh 7 321 98 88 59 30 19
1280 Liam Sharninghausen 11 318 73 52 33 24 23
1281 Lili Wang 10 318 131 30 21 17 17
1282 Samir Gautam 8 316 97 57 53 34 18
1283 Yi An 9 316 132 43 33 19 17
1285 Young Erben 8 316 83 75 51 28 15
1286 Xiao-Feng Zhang 7 315 159 72 26 19 12
1287 Benjamin Evans 9 315 103 33 28 27 27
1288 Rodrigo Canales 6 312 168 65 36 15 14
1289 Susan Cahan 6 312 178 55 20 19 18
1290 George Amulele 12 312 48 36 25 22 19
1293 Karina Vargas 6 311 105 77 54 37 20
1294 Francesca Bottanelli 7 311 64 64 45 41 37
1297 Abhishek Pandey 7 308 182 38 35 13 10
1298 Shuai Huang 8 307 109 41 32 27 26
1299 David Durham 10 306 58 37 35 33 23
1300 jean charchaflieh 9 306 64 47 46 29 21
1301 Kevin Chou 7 305 104 86 66 16 8
1302 Emily Erikson 6 304 113 69 63 24 7
1303 Jessica Hoag, PhD, MPH 4 304 264 16 11 4 3
1304 Supriya Kulkarni 7 300 101 54 43 42 21
1305 Oscar Bartulos 8 301 134 63 22 17 16
1306 Xiang Guo 7 298 69 54 42 27 25
1307 Youngwoo Choo 7 297 75 53 36 32 28
1308 Yingying Cai 8 296 93 81 28 21 19
1310 Paul Messier 9 295 31 28 27 25 25
1311 Lisa M. Bono 8 295 95 52 43 40 21
1312 Josefa Martinez-Brockman 6 294 118 79 36 15 12
1313 Qian Xiao 5 293 119 85 53 15 15
1314 James Jeanne 8 293 82 52 50 45 21
1315 Andrea Gloria-Soria 8 293 59 36 36 32 30
1317 arunima chaudhuri 10 291 55 40 38 35 30
1319 Wanda M. Popescu 11 289 46 41 38 28 26
1321 Fábio C P Navarro 8 287 89 55 52 21 19
1322 Richard Ikegami 6 285 102 48 46 41 35
1323 Jeremy Cone 6 285 88 72 62 23 16
1324 Berk Calli 7 286 102 54 28 22 20
1325 Mrinalini A. Rao 7 285 72 47 42 30 30
1326 Bellos, Michael A 9 283 63 47 39 33 31
1327 Brian Letzen, M.D., M.S. 4 282 86 86 73 27 3
1328 Ehsan Kazemi 6 282 94 64 40 37 18
1329 Kimberly Barrett 6 282 95 67 50 43 20
1330 Zhenwu Li 9 281 97 45 30 24 22
1331 Gerrit van Schalkwyk 10 281 41 31 22 21 21
1333 Hanqiong Hu 5 281 165 61 27 13 6
1334 Amogh Sivarapatna 9 279 49 43 39 28 23
1336 Azeet Narayan 7 278 96 82 38 19 13
1337 Binod R Aryal 8 277 111 46 39 18 17
1338 Cheol Hwangbo 8 277 74 74 46 43 24
1339 Che-Feng Chang 8 277 58 55 41 32 29
1340 Chao Shen 9 276 58 48 30 30 25
1341 Andrey Reshetnyak 9 275 45 44 43 35 29
1342 Alicia Sanchez-Gorostiaga 7 275 67 50 46 44 39
1343 Robert W. Elder 8 275 61 38 33 29 22
1344 Gregory T Tietjen 6 275 194 27 13 12 8
1346 ThaiBinh Luong 5 273 145 85 19 7 7
1347 Dan Bondeson 7 273 137 57 23 18 17
1348 Monika Jadi 8 273 63 43 41 31 30
1350 Sangjin Kim 5 273 135 88 29 11 9
1351 Eric Song 9 273 50 42 29 27 20
1352 Meghna Krishnadas 6 273 177 32 14 14 8
1353 Tomer Fishman 8 273 60 53 48 32 20
1354 Richard C. Harrington 7 272 111 66 19 19 14
1355 Rebecca Wissner 7 272 66 57 44 42 23
1356 Matt Barros 8 271 60 53 41 13 13
1357 Vijay Jain 4 269 106 101 43 18 1
1358 Joshua Daskin 9 268 53 52 31 30 26
1359 Paolo Colombi 7 268 77 60 39 38 23
1360 Namita T Gupta 7 268 74 69 60 29 14
1361 Soo Seok Hwang 7 268 74 49 38 19 15
1362 Brandon Holtrup 6 268 122 57 30 20 17
1363 Jonathan J Chen 7 267 88 71 22 20 14
1364 Kariona A Grabinska 11 267 57 43 42 23 20
1365 Natalie Schultz 7 267 72 53 44 38 24
1366 Carla E. Marin 9 267 65 55 55 16 15
1369 Vahideh Manshadi 8 266 120 45 14 13 9
1370 Jason L. Schwartz 10 266 63 30 28 22 20
1371 Justin Farrell 7 266 91 47 35 23 22
1373 Andreas Markmann 8 265 77 36 31 18 18
1374 Ana C. Calvo 8 265 54 41 36 36 33
1375 Marta A. Jarzyna 7 264 147 27 19 18 14
1376 Joseph A. Liberman 8 264 52 51 50 35 19
1377 Joshua D Wallach 5 264 112 92 21 12 11
1378 JUN LIU 6 265 90 78 38 21 13
1379 Lan Shuai 9 263 51 42 31 17 15
1380 George M. Burslem 10 261 49 36 29 18 16
1382 Xueqi Liu 6 259 143 42 21 20 14
1384 Hee-Won Suh 7 259 90 50 45 21 19
1385 John Morley 7 258 69 59 59 40 31
1387 Martin Pressman 6 257 161 23 18 12 8
1388 Dominic J. Williamson 8 256 54 37 36 28 26
1389 Nina Brahme 8 255 66 47 39 31 21
1391 Zhengxin (Jason) Cai 10 253 40 31 28 25 22
1393 Jin-Ho Kang 10 251 47 24 16 15 15
1394 David Malinowski 7 250 123 38 28 20 8
1396 Marlyse Duguid 5 250 156 53 18 10 7
1397 Najla Arshad 5 250 111 77 40 12 9
1398 Qian Wang 9 249 51 44 33 31 27
1399 Natalie F Holt 9 249 43 37 26 25 21
1400 Shawna Reed 7 248 53 45 45 41 29
1402 Adam Chekroud 8 248 85 32 29 20 15
1403 Stephanie N. Del Tufo 6 246 107 44 32 21 18
1404 Dimitar Shopov 9 246 62 40 29 26 26
1405 Marcos Latorre 10 244 31 27 26 21 18
1407 Joseph DePalma 9 242 46 41 35 25 22
1408 Hyuk-Kwon Kwon 8 242 42 39 35 28 25
1409 Zi-Hao Guo 9 241 61 42 34 25 18
1410 Wassim Obeid 7 240 72 62 44 25 15
1411 JinSeok Park 6 239 122 41 25 17 10
1412 Gregory A. Manley 6 239 89 60 32 31 12
1414 Jae Hun Shin 7 238 84 40 37 24 19
1416 Skyler Johnson 9 236 29 29 29 27 17
1417 Jens Neu 6 237 108 63 27 11 8
1418 Ahmed Allam 7 236 62 54 48 32 17
1420 Jodi D. Sherman 6 235 52 45 38 34 30
1421 Florian A. Horenkamp 8 236 38 37 35 33 30
1422 Kwangsun Yoo 10 234 63 23 19 18 18
1423 Asher Auel 8 232 39 38 37 24 17
1424 Shin Hee Lee 3 232 204 11 8 3 3
1426 Jessi Cisewski-Kehe 7 232 66 43 29 22 20
1428 Leena Kuruvilla 7 231 98 53 21 13 12
1430 Hasan Yılmaz 5 231 121 41 39 17 5
1431 Hongbo Yu（于宏波） 9 231 63 30 21 16 15
1432 Nesrin Hasan 7 204 52 39 33 30 19
1433 Robert Baines 9 231 45 29 26 23 20
1434 Albert Do, MD, MPH 4 231 143 46 28 9 2
1436 Maor Sauler 9 230 37 29 25 23 17
1437 Christopher McKitterick 9 230 44 35 34 28 24
1439 ruchi jain 9 230 42 41 39 28 19
1440 Yucheng T. Yang 7 230 74 61 33 15 14
1441 Holly M Lauridsen 6 229 75 52 40 34 11
1442 Garrett Ash 8 229 55 51 23 18 16
1443 Yi Xie 9 229 53 40 28 26 26
1444 Niko Heeren 8 228 49 37 32 22 14
1445 Chengfei Yan 8 228 76 66 18 18 11
1447 Madeline Sherlock 9 227 35 30 27 20 20
1448 Charles Bettigole 6 227 156 19 12 10 9
1450 Diane de Gramont 5 226 156 33 20 5 5
1452 Levent Mutlu 8 224 45 43 33 29 26
1453 Arumugam Suyavaran 7 225 111 26 19 17 14
1454 Luciano Cosme 8 225 48 36 36 30 27
1455 Alexey Shkarin 6 224 94 44 39 13 12
1456 Louisa Lombard 9 223 27 25 23 21 19
1459 Donald Penman 9 218 71 33 21 15 14
1460 Niveditha (Nivi) Samudrala 4 219 164 26 19 5 3
1461 swapnil gupta 8 216 74 26 26 17 14
1462 Emin Dokumaci 8 216 61 39 30 18 15
1465 S. M. Niaz Arifin 10 216 26 23 22 21 18
1466 Pallavi Gopal 8 216 41 34 29 29 26
1468 Farhan Murshed 7 215 78 37 26 22 21
1469 Prashanta Kharel 6 215 127 37 16 8 6
1470 Zhenghong Peng 7 214 62 49 25 21 15
1471 Yehan Liu 5 215 134 32 18 15 9
1472 Mika T. Mustonen 7 214 45 38 34 29 23
1473 Alyssa Siefert 6 214 110 36 22 18 17
1475 Christopher E Pedigo 7 213 50 48 32 30 21
1476 Na Li 6 211 64 43 42 21 13
1478 Jessica D Hoffmann 6 211 104 34 16 14 12
1479 Elias Quijano 7 210 56 42 27 23 17
1480 Raja chakraborty 8 210 84 21 21 18 16
1482 Maximilian Stahl 7 210 33 22 21 21 20
1483 Paris Charilaou 9 212 53 27 19 16 16
1484 Young-Eun Seo 7 210 58 34 33 27 21
1485 Danti Chen 7 209 60 34 30 27 25
1487 Anne L. Wyllie 7 208 44 40 35 33 27
1488 Daniel Greco 7 208 61 36 27 19 13
1489 Linus Liangbo shen 9 208 27 24 23 21 19
1490 Samah Fodeh 7 207 59 39 19 17 17
1491 Subham Mahapatra 7 207 62 35 34 30 25
1492 Yael Granot 4 207 107 58 30 8 2
1495 Luke A. Parry 7 205 54 41 29 18 16
1496 Mitsuru Igami 7 203 69 40 36 16 13
1497 Jennifer Girard 7 203 48 35 32 28 14
1498 Paris Aslanidis 6 203 103 27 22 19 13
1499 Maryam Yeganegi 4 203 78 67 31 26 1
1500 Qingshi Tu 7 202 96 21 19 17 9
1501 Veikko F. Geyer 7 202 53 52 26 17 13
1502 Jessica Wiwczar, PhD 6 202 87 48 37 12 10
1505 Sina Kianoush, MD, MPH 9 201 30 22 22 19 15
1506 Xiongnan (Newman) Wu 7 201 71 36 32 19 17
1507 Mohan Qin 8 208 45 32 27 18 17
1510 Jorge Balat 5 200 61 54 37 21 7
1511 Jeffery M. Tharp 5 200 114 25 22 20 11
1512 Mario Moura 8 199 32 30 14 13 10
1513 Sylvie Estrela 8 199 47 39 29 23 21
1514 Sae-Il Murtada 6 199 82 41 26 21 12
1515 Roland Assi 9 184 29 17 15 14 12
1516 Carolina Gomis-Perez 7 199 48 41 38 16 15
1517 Sander K. Govers 6 199 94 25 22 16 11
1518 Adam Roddy 9 198 43 24 22 20 20
1519 Laura Barraclough 6 198 55 43 38 33 8
1520 Krysten W. Bold 9 198 26 22 14 14 12
1521 Greg Rhee, PhD, MSW 7 198 49 17 14 14 10
1522 Joyee Deb 9 196 41 24 18 17 17
1523 Gabriel B. Grant 4 196 91 55 40 8 1
1524 Nailin Yao 7 197 52 37 31 21 15
1528 Ali  Haddad 9 195 56 30 28 19 12
1529 Leiliane Paiva Sousa 7 195 99 35 16 12 11
1530 Sarah Auclair 7 195 74 34 30 15 14
1532 Syed Ahmad Chan Bukhari 9 195 50 34 23 14 12
1533 Thomas Durant 7 194 58 40 26 22 10
1534 Peiyin Hung 8 194 34 31 24 21 11
1535 Rocksheng Zhong 5 194 112 28 26 13 9
1536 Kelly Rader 7 193 51 47 36 15 13
1539 Alice Albrecht 5 192 82 45 31 17 13
1540 Vince Wilczynski 7 192 42 31 26 16 12
1542 Chantal B.F. Vogels 8 191 33 32 21 21 21
1544 Suraj Adhikary 6 190 90 27 25 15 13
1546 Daniel Suissa 5 190 72 48 41 17 12
1547 Won-Gil Lee 8 190 34 31 24 21 17
1549 Eric Taylor 8 189 46 24 24 21 17
1551 Daniel S. Barron 7 189 40 39 35 24 21
1553 Aaron Bloomfield 7 189 61 26 25 21 14
1557 Joshua J Goings 9 188 29 23 16 14 13
1558 Babatunde Abidoye 7 188 53 18 18 16 13
1560 Cristina Madrid 6 188 57 43 29 27 8
1561 Francesco Carbone 9 188 20 18 15 12 12
1564 Kristen Morie 6 187 61 48 29 13 8
1567 Jun Wang 8 186 40 36 33 25 17
1568 PARMANAND MALVI 8 182 47 25 24 23 21
1569 Max R. Lambert 7 183 61 32 32 10 10
1570 Deepa Rajasekaran 8 183 32 26 26 21 18
1571 Tetyana Berbasova 6 183 69 28 27 20 12
1572 Jose A. Cortes-Briones 8 183 34 20 20 18 17
1575 Kaiyu Hang 8 183 30 28 20 20 16
1577 Samuel Mathias 8 182 21 21 20 19 15
1578 Holly K Grossetta Nardini 8 181 56 36 30 11 11
1584 Hadi Izadi 8 179 38 28 26 25 17
1585 Caterina Di Pietro 5 179 85 37 33 12 7
1587 Naiem Nassiri, MD, RPVI 8 178 45 31 18 13 12
1588 Guangxin Li 6 178 88 17 14 14 12
1589 Anna Luchniak 5 178 74 43 37 13 10
1591 Carolyn Presley 8 177 66 21 15 14 9
1593 Aleksander Rebane 8 177 40 40 24 21 15
1594 Uri Shaham 6 177 65 29 23 19 8
1598 Robert A McDougal 8 176 32 25 20 15 14
1599 Abhijith Radhakrishnan 8 176 31 23 22 20 19
1600 Mark Schwab 7 175 44 30 27 26 24
1601 Minggang Chen 6 175 49 49 21 20 18
1602 Laura Boccanfuso 7 175 66 29 17 14 12
1604 Cydney H. Dupree 5 175 116 25 11 10 7
1607 Kevin P. Regan 5 175 110 23 16 7 7
1609 Evyatar Shaulsky 5 173 75 44 24 14 5
1610 Molly Gale 7 172 46 43 22 21 18
1611 Xiao Wu 7 172 26 18 14 11 11
1612 Michael J. Robertson 5 172 99 22 22 10 10
1613 Yuan Ren 7 171 57 37 23 14 11
1615 Bart Spronck 7 170 27 24 23 17 13
1616 Adhikarla Haritha 6 170 83 27 18 13 13
1617 Kale Gifford Johnson 7 170 51 35 24 17 15
1619 Cynthia X Shi 7 169 29 28 21 18 17
1621 Anton Gollwitzer 3 169 92 63 12 1 1
1622 Danielle Gerhard 6 170 63 30 29 17 17
1624 Eric M. Johnson-Chavarria 5 168 93 34 24 8 5
1626 Jeff Caron 6 167 59 41 19 10 8
1627 Harshvardhan Rolyan 7 166 64 26 23 22 15
1629 Yuan-Chao Hu / 胡远超 7 166 66 27 13 12 11
1630 Stefano Carattini 7 167 36 27 23 16 14
1632 Burak Dura 6 165 48 46 33 13 9
1633 Juan Pablo Perea-Rodriguez 6 164 41 35 23 19 17
1638 Hyojin Park 6 163 64 29 22 16 13
1639 Xiaojie Huang 6 162 49 35 23 12 11
1640 Florian Carle 5 162 48 32 32 28 11
1641 Qianying Yuan 9 162 26 21 20 18 17
1642 Ramak Khosravi 6 163 65 24 21 17 17
1643 Kangning Huang 5 161 64 46 29 13 9
1644 Abhijeet Danve 6 161 35 21 20 19 18
1646 Angela Gauthier 5 160 104 14 13 8 5
1647 Ahmad Farooq 4 160 100 25 19 15 1
1648 Gianantonio Pezzullo 5 161 91 14 10 8 7
1649 Anne Abramson 5 160 87 26 24 16 7
1650 Denise Hersey 7 159 49 20 17 13 11
1652 Wen-Long Ma 8 159 28 23 22 20 15
1655 Devon B. Cole 6 159 60 52 13 12 11
1657 Stefan Krastanov 6 158 41 30 30 27 13
1660 Chun Ho (Jason) Lam 6 158 53 49 16 9 7
1661 Matthew R Jordan 6 157 45 31 28 25 14
1662 Dennis G. Moledina 8 157 32 27 12 12 11
1664 Guohai Zhou 6 156 30 29 29 11 10
1665 Navjit Sagoo 6 156 54 28 26 14 12
1667 Jinlei Li 5 155 80 26 18 15 9
1668 Abhishek Singh 8 154 27 19 18 17 17
1669 Balkrishna chaube 8 155 31 25 24 21 12
1670 zhen deng 6 155 49 35 26 14 13
1673 Hang Zhou 7 155 53 37 15 15 12
1674 Azariyas A. Challa 5 154 87 31 13 13 9
1675 Jan Robert Kraehling 8 154 33 26 19 16 16
1677 Abhijeet Gummadavelli 8 154 41 34 21 14 12
1678 Lin Chen 8 153 31 26 23 11 8
1679 Alexander Tsymbaliuk 6 153 71 26 13 10 9
1680 Dr. Aude Noiray 8 152 29 26 21 12 9
1681 Minjung Kim 8 152 45 17 16 14 11
1682 Su Xue 7 152 40 38 16 13 8
1685 Gabriela Buccini 7 150 50 15 15 15 13
1687 Ryota Iijima 6 150 78 26 12 9 8
1688 FUCHEN LIU 6 151 85 22 11 8 7
1690 Alyssa S. Parpia 7 149 46 27 26 13 10
1691 Chaitanya Kantak 4 149 91 24 14 13 4
1692 Tolga Dinçer 6 148 42 40 19 14 9
1694 Elena Reales 5 148 45 30 28 27 10
1695 Elena Gonzalo-Gil 7 148 44 22 19 18 16
1696 Maricar Malinis 6 148 37 25 23 21 9
1697 Katherine Stavropoulos 4 147 65 45 25 8 3
1698 Andrew J. Sumner 3 147 102 26 18 1 0
1699 Yang Liu 5 148 69 24 23 12 6
1700 Kelly E. Moore 7 148 28 26 16 15 14
1701 Fuad Abujarad 6 146 33 18 16 11 10
1702 Jeffrey G. Malins 6 146 57 32 18 13 7
1703 John Henderson 5 147 71 32 12 9 6
1706 Jittisa Ketkaew 6 145 45 24 21 20 15
1707 Tianren Wang 7 145 26 24 17 16 16
1708 Maolin Lu 6 144 56 22 21 19 9
1710 Qiao Xiang 7 143 26 24 22 15 14
1711 Shashi Bhushan Sinha 5 143 59 28 18 13 12
1712 Magdalena M Wilson 3 144 67 42 27 3 2
1714 Lisa Chalik 5 144 89 26 12 7 6
1716 Yina Ma 6 142 51 24 21 18 13
1717 Mara Revkin 6 141 30 12 10 9 8
1718 Charles  A Odonkor, MD, MA 6 141 35 24 14 13 9
1719 Ines Zucker 6 141 55 22 16 14 10
1720 Burak Bahar 6 140 54 17 15 13 11
1723 Clara Pregitzer 6 140 53 38 20 12 7
1724 Jeffrey Wammes 6 140 29 28 24 18 11
1725 Thomas O'Brien 4 140 76 41 10 5 4
1726 Eric Goolsby 6 139 33 24 15 13 11
1727 Deborah Beim 6 139 51 19 18 18 17
1728 Georgios Pantouris 6 139 43 30 26 21 7
1729 Angie M. Johnston 5 138 78 15 14 10 6
1730 Karolina Heyduk 6 139 36 35 16 12 11
1731 Wade Schulz 7 138 46 23 20 13 10
1732 Nicholas Klemen 4 138 77 25 21 6 4
1733 Ligia Simoes Braga Boisserand 6 138 39 35 28 14 12
1734 Ge Yuan 7 138 38 27 21 16 14
1737 Susan Butts 7 137 32 28 20 16 12
1739 Arun Chavan 6 136 39 34 15 13 13
1740 Cesalie T Stepney 7 137 30 29 22 13 12
1742 Narita Yusuke 6 135 35 26 24 17 16
1743 Trey Avery 3 134 121 6 3 3 1
1745 Danielle Norcini 6 134 55 26 13 12 11
1746 Matteo Fabbri 5 134 78 16 13 13 6
1747 Kosuke Uetake 6 133 43 29 16 11 10
1749 Nicholas Huston 7 133 38 22 21 15 14
1750 Yong Zhou 6 132 30 22 21 20 15
1752 Eric Kittlaus 4 135 76 23 14 8 4
1753 Gael Genet 7 132 43 19 18 16 15
1755 Mohamed ElFil 7 132 57 17 8 8 7
1757 Jose Faleiro 5 130 57 23 17 9 6
1759 Campbell Bryson 5 130 42 30 23 21 10
1760 Charlotte L. O'Brien 5 130 52 27 26 11 5
1761 Monika Vyas 6 130 46 18 16 12 11
1762 Joshua L. Haight 6 129 32 32 22 17 13
1764 Yekaterina Rokhlenko 5 128 53 30 21 6 5
1765 Susan Dabu Bondoc, M.D. 7 127 20 17 16 16 15
1767 Apara Ranjan, Ph.D. 6 126 41 26 16 11 6
1770 Gamze Gursoy 6 125 26 23 23 21 18
1771 Rami T. Elafandy 7 125 32 20 20 10 9
1772 Sandeep K. Mishra 6 126 44 19 13 11 10
1773 Mark W. Youngblood 7 126 47 18 16 13 10
1774 Christopher Averill 6 126 33 21 19 13 12
1775 Zlatko Minev 4 125 88 18 17 10 5
1776 Adam Baghban 2 125 106 14 2 2 1
1777 Zahra Rattray 5 125 51 42 9 8 5
1778 Lupeng Ye 6 125 23 19 18 18 15
1779 Paul Gazzillo 5 124 68 17 10 10 6
1780 Wei Wei 7 125 39 24 14 11 10
1781 Emad Ahmadi, MD 5 123 39 28 27 15 11
1782 Xiu Huang 6 123 28 27 27 19 13
1783 Faezeh Sodagari 4 122 37 31 31 8 4
1790 Xian Fu 7 121 29 19 16 13 11
1791 Santosh George 6 120 32 20 14 12 12
1793 Ashley Clayton 7 118 45 20 12 9 8
1794 Marina Antillon 5 118 52 26 20 11 6
1795 Christopher Spalding 5 118 33 27 17 16 14
1796 Arijit Dutta 6 117 33 24 20 19 9
1798 Hayley Born 7 116 25 23 21 11 8
1799 Luca Campanelli 7 116 28 21 20 10 7
1801 Zachary R. Lewis 3 115 50 47 16 1 1
1803 Arnau Casanovas-Massana 5 114 35 27 22 11 5
1809 Michelle Vaisman 5 113 43 30 15 11 6
1810 Delina Damatov 5 113 43 34 15 13 5
1811 Kathryn Hawk 5 113 49 26 21 7 5
1812 C.J.W. (Jaap) Baaij 6 113 28 23 19 12 7
1813 Damian E Berardi 6 113 29 28 21 12 9
1815 João Francisco Botelho 7 112 17 15 13 13 12
1818 Sean F McWilliams 5 112 50 23 17 9 6
1819 Xu Han 7 112 27 23 12 12 11
1820 Monica C. Bell 6 112 37 16 15 14 14
1821 Jean A. Mensa 5 111 68 19 10 8 5
1823 Mehak Idrees 2 111 106 2 2 1 0
1824 Matthew D. Thomas 6 111 34 20 15 13 10
1825 Reza Yaesoubi 6 110 27 21 12 11 10
1826 Soheil Eshghi 4 110 50 31 16 4 3
1828 Yiqi Zheng 6 110 39 23 15 14 7
1829 Stephen G. Gaffney 4 110 50 22 15 11 3
1830 Allen Shih 2 110 73 29 2 2 2
1831 Samantha Pittenger 5 110 54 16 14 14 5
1832 Carina Dehner 4 110 57 22 18 10 1
1833 T. Reed Miller 6 110 25 19 18 12 10
1834 Guy Wolf 6 109 31 11 10 8 6
1837 Alan W. Leung 5 110 43 21 19 16 6
1839 Alexandra Piotrowski-Daspit 5 109 48 19 18 12 8
1842 Aditi Ramachandran 5 108 46 20 13 8 7
1843 Theresa Schenker 4 108 79 11 5 4 3
1845 Hossam Tantawy 6 108 51 16 10 7 7
1846 Lucky Ahmed 7 107 30 20 16 12 8
1847 Elizabeth Goldfarb 6 107 30 12 8 7 7
1848 Parker Sulkowski 3 107 66 23 13 3 1
1852 Hillary C. Devlin 4 105 28 28 23 7 4
1854 Elena Corina Grigore 4 105 46 36 7 5 3
1856 Phan Q Duy 5 105 30 23 19 17 6
1857 Shiwei Zhu 5 105 31 30 17 12 6
1862 Oscar Vargas-Rodriguez 6 104 22 20 19 12 8
1863 Xiaojun Di 5 103 39 18 15 11 8
1864 Zachary Fishman 5 103 43 28 11 8 5
1866 Jingbei Liu 6 103 28 14 14 13 9
1869 Nirag Kadakia 5 101 26 20 19 11 6
1870 Aurobind Vidyarthi 7 101 19 17 14 12 10
1872 Fan Yang 5 101 28 26 21 13 8
1876 Daniel Schlingman 6 98 24 20 15 15 8
1877 Stefan M. Gysler 4 98 53 20 15 6 2
1878 Emad Ramadan 5 98 36 22 16 6 6
1880 Kiran babu Gona 6 97 42 13 10 10 8
1881 James Van Rhee 5 97 29 19 14 10 9
1883 Eric J Bellefroid 5 96 53 13 9 8 6
1886 Emmanuel Trouche 5 96 42 24 14 9 5
1888 Eugenia Buta 6 95 18 16 11 11 7
1891 Dowin Boatright 6 96 23 23 12 11 7
1892 Abbas Shojaee 5 96 37 19 9 8 6
1893 Olivier Mangin 6 95 27 23 11 11 8
1895 Jonathan Wyrtzen 5 95 27 24 17 12 7
1897 Sandra Acebes 6 95 19 16 16 15 13
1898 Thayne H. Dickey 4 94 40 20 15 11 4
1899 Katie A Ferguson 7 94 26 10 9 9 7
1901 Nicha C. Dvornek 5 94 38 18 7 6 6
1903 Eva A. Romito 3 93 77 7 6 1 1
1905 Emma Ristori 5 93 30 19 16 14 6
1910 Anna Bulanova 6 90 26 17 15 12 11
1911 Daniel Kane 6 90 16 15 14 14 12
1912 Ilse Lindenlaub 5 90 53 14 9 8 5
1917 Ryan Chow 3 90 59 18 8 2 1
1919 Yiming Hu 6 89 34 16 10 9 8
1920 Kevin N. Su 4 89 47 27 8 7 0
1922 Erica Barth-Naftilan 2 88 73 11 2 1 1
1923 Lindsey Swierk 6 87 18 15 13 12 6
1924 Lisa R Messeri 6 87 32 17 11 8 8
1925 Theddeus Iheanacho 5 88 28 18 14 13 6
1927 Rohit De 5 86 24 11 9 8 7
1931 Norah P. Saarman 5 85 23 21 17 8 5
1935 Nanxi Lu 5 84 24 12 10 6 5
1936 Adele Ricciardi 5 84 23 18 17 10 7
1937 Cheng Zhang 5 85 25 22 17 8 6
1938 Andrea Halim 6 84 17 14 11 9 9
1939 Roshan W. Gunasekara, Ph.D. 5 83 21 19 19 10 9
1940 Hanieh Falahati 5 83 31 14 11 11 9
1942 Jenna Reinen 4 83 35 17 13 13 3
1943 Daniel L. Shaw 4 81 54 9 7 4 3
1945 Sarah Federman 6 82 22 15 12 9 7
1946 Ruihua Liu 5 82 31 15 13 9 6
1947 Jiadi Wen 7 83 16 14 13 11 11
1948 Maikel Boot 5 81 40 12 7 7 6
1952 Maria Ferrara 4 81 45 17 10 4 2
1954 Gayan Mirihana Arachchilage 3 81 40 32 5 2 1
1955 MacKenzie Peltier 5 81 29 11 7 7 6
1957 Z Wei 5 80 20 20 17 10 7
1959 Ruth Wang'ondu 6 80 29 12 11 11 9
1961 Chris Hebdon 3 79 39 28 8 2 2
1962 Hessam Malmir 6 79 17 11 9 7 7
1964 Manas Rachh 5 79 18 13 11 10 8
1965 George C. Linderman 5 78 27 13 13 13 5
1968 Damir Musaev 6 77 16 11 11 9 7
1971 Gal Mishne 4 76 26 21 10 5 4
1973 Pablo E. Videla 5 76 25 13 8 6 6
1975 Sanjeev Kumar 4 76 34 27 7 5 2
1976 Joran Booth 5 75 19 19 11 7 6
1981 Tanambelo Rasolondrainy 3 74 40 23 7 3 1
1983 Benjamin Tolchin 5 74 39 7 6 5 5
1984 Yuchen Liu 4 74 23 17 14 10 3
1985 Raymond A Jean 6 73 19 18 13 8 8
1986 Ruchika Karnik 3 73 38 30 4 1 0
1989 Sam Dundon, PhD 5 73 27 16 14 6 5
1990 Ayed Al Sayem 6 72 17 12 10 10 7
1992 Alexander W Caulk 5 71 18 15 11 6 5
1994 Karl W Barber 3 71 26 25 13 3 2
1995 Gia L. Hoang 4 71 24 19 16 8 3
1997 Xianwen Liu 5 71 19 14 11 9 7
1998 Thomas Steffen 5 70 20 17 16 7 5
1999 Daniel Dollar 4 70 46 46 15 4 4
2000 Nils Otterstrom 3 72 26 23 14 3 3
2004 Benjamin Kunsberg 5 69 15 11 9 9 7
2007 Nicolas Mongiardino Koch 5 70 13 13 9 8 7
2012 Daniel Holtmann-Rice 3 67 38 11 3 3 3
2014 Emma Locatelli 5 67 21 13 11 7 5
2015 Chenxi Huang 3 67 36 22 5 3 1
2017 Mohammad Abdullah Zafar 6 67 17 12 8 8 6
2018 Anthony Lollo 2 67 42 24 1 0 0
2021 Tolga Tarkan Olmez 5 67 16 15 13 6 5
2023 Youness  Elbousty 4 66 28 10 10 9 4
2025 Stephanie Wemm 4 65 28 27 5 4 1
2026 Rauf Prasodjo 4 65 43 8 7 6 1
2029 Yuhang Jiang 4 64 19 17 15 9 2
2031 Jie Yan 5 63 16 13 12 8 5
2033 Risheng Cheng 3 62 27 25 4 3 3
2038 Allison Brill 4 61 39 10 7 4 1
2040 Jin-Hao Jhang 5 60 17 11 9 6 5
2042 Nima Nouri 4 59 12 10 9 8 3
2047 Sahil Agarwal 4 59 26 20 6 4 3
2048 amit singla 4 59 16 14 10 6 4
2050 Gongfang Hu 5 58 18 12 9 7 5
2051 Ofir Lindenbaum 4 58 24 10 8 4 3
2055 Shalley N Kudalkar 4 57 14 12 11 4 3
2056 Michael M Lacy 3 57 40 8 6 3 0
2059 Justin Tang 5 57 17 12 12 7 6
2061 Audrey C. Leasure 4 57 20 12 10 7 4
2062 Lisa M. Ogawa 5 57 17 12 10 9 5
2063 Peter Leonard 3 56 37 11 4 3 1
2064 Venkatareddy Sabbasani 5 56 17 15 7 5 5
2065 Neeraj Soni 5 56 18 14 9 8 7
2068 Sahil Munjal 2 56 37 13 2 2 1
2069 Kyle Tretina 4 55 28 11 10 5 1
2071 Tianqi Shen 4 55 23 15 15 9 8
2073 Vasiliki Karanikola 5 55 20 11 9 7 5
2074 Fjodor Melnikov 4 55 16 14 9 7 4
2075 ENES TAYLAN 4 54 21 10 8 4 3
2077 Mahboubeh Rahmani 4 54 31 9 8 4 2
2079 Daniel Fullmer 4 53 17 14 8 6 4
2084 Carla G. Heister 2 52 42 10 0 0 0
2085 Wei JIANG 4 52 33 7 5 5 2
2086 Vitor Farinha Luz 5 52 14 10 10 7 6
2094 Marijeta Bozovic 4 51 17 5 5 4 3
2099 John Ternovski 4 51 21 12 7 7 2
2100 Kassandra L Harding 4 51 36 6 4 4 1
2101 Edwin Camp 3 50 34 7 3 2 2
2104 Chung Haejun 4 50 15 12 7 4 4
2109 Ann M. Bauer 4 50 14 11 10 8 4
2111 Elliott Prasse-Freeman 5 50 21 8 7 5 5
2114 Kyle Peyton 3 49 35 6 3 3 1
2117 Sarah R. Kamens 3 49 20 13 7 3 2
2125 Katelyn Sileo 4 48 15 8 7 7 3
2127 Nicholas D Anderson 3 47 31 9 5 2 0
2129 Brian N. Arnold 4 47 18 11 9 6 1
2134 Suveen Angraal 5 47 12 12 10 6 5
2141 Kyle Serniak 2 45 24 18 2 1 0
2144 Gary P. Aronsen 4 44 17 9 4 4 2
2146 Homero Harari 4 43 15 10 5 4 3
2152 Alicia Contet 4 43 13 11 8 7 4
2157 Meredith Smylie 4 42 13 11 8 7 2
2158 Arup Kumar Sinha 3 42 12 8 5 3 2
2159 Murat Demirtaş 3 42 30 7 5 0 0
2160 Kyungjoo Noh 3 42 17 13 5 3 2
2161 Shayan Cheraghlou 3 42 21 10 4 4 3
2163 Ranjit Deshpande 4 41 19 5 5 5 2
2168 Ayesha Ramachandran 4 40 9 7 6 6 4
2174 Kevin Anh Nguyen 4 40 7 7 4 4 4
2175 Géraldine David 2 40 33 3 3 2 2
2176 Subhajyoti Chaudhuri 3 40 12 11 5 3 2
2181 Kevin Gleason 4 39 18 7 5 5 2
2200 Vincent Cannataro 4 36 12 6 6 4 3
2204 Alark Saxena 3 35 16 9 4 2 2
2209 Jing Wu 4 35 5 5 5 4 3
2210 Max Rolison 2 35 32 2 1 0 0
2212 Karolina Mellor 3 35 14 12 3 3 2
2213 Shubo Cao （曺淑波） 3 35 12 8 8 3 2
2216 Christopher Thissen 3 34 14 12 6 1 1
2217 Xin Hu 3 34 19 3 3 2 2
2218 Dhruba Pathak 4 34 11 9 4 4 4
2220 Marilena Mademtzi 3 34 10 8 5 3 2
2222 Antonio Gonzalez 4 34 11 9 8 4 1
2233 Samira Ataei 4 32 10 5 5 4 3
2243 Laurel R Yohe 2 31 19 6 2 2 1
2247 John Soghigian 4 31 8 6 6 6 4
2250 Ahsan Nawroj 3 30 8 4 3 3 3
2251 Joshua Andresen 3 30 9 9 4 2 2
2252 Ian R. Turner 3 30 14 6 5 3 1
2256 Sarah Malkowski 2 30 19 8 1 1 1
2257 Mark Santolucito 3 30 9 8 7 3 2
2258 Dongqu Chen 3 30 15 7 3 2 2
2260 Qianbo Lu 3 30 10 9 3 3 2
2261 Teddy J. Akiki 3 31 13 7 6 2 2
2270 Astha Chichra 4 28 7 6 6 4 4
2272 Patrick Tucker 2 28 21 6 1 0 0
2275 Alvi Azad 2 27 16 7 2 1 1
2282 April Bailey 4 29 9 5 5 5 3
2284 Ivano Dal Prete 3 26 11 5 3 2 2
2287 Euriko Torrazza Perez 2 26 14 8 2 1 1
2291 Leon Tejwani 3 26 15 7 3 1 0
2292 George O. Agogo 4 26 9 4 4 4 1
2300 Andrew Gasbarro 3 25 7 7 4 3 2
2306 Eileen Condon 2 25 18 5 2 0 0
2310 Nripesh Parajuli 3 24 8 5 4 2 2
2313 Silvia Ronzitti 2 24 10 7 2 2 1
2314 Line Brotnow 3 24 14 5 5 0 0
2315 Alexander S. Chiu 3 24 8 7 3 3 2
2318 Gregory R. Hart 3 23 11 6 5 1 0
2320 Devika Kir 3 23 11 8 3 1 0
2328 Meena M. Makary 3 21 5 5 3 2 1
2329 Stefan Uddenberg 2 21 9 9 2 1 0
2330 Joshua Galperin 2 21 7 7 2 2 2
2332 Milad Yarali 3 21 5 5 4 3 1
2334 Jared Rovny 3 21 6 4 3 2 2
2337 asal hojjat 3 20 11 3 3 1 1
2348 Allen Lu 2 19 8 4 2 2 2
2349 Jennifer C Gaines 3 19 7 6 3 3 0
2350 Jacob S. Jordan 3 19 12 4 3 0 0
2375 Daniel J. Eck 2 16 7 4 2 1 1
2378 Jessamy Doman 2 15 9 3 2 1 0
2381 Ido Kilovaty 2 15 4 3 2 2 2
2382 Philip M. Reeves 2 16 7 3 2 2 1
2383 Mari Armstrong-Hough 2 15 4 3 2 2 1
2393 Brennan O'Connell 2 14 5 2 2 2 1
2402 Nitin Sukumar 3 13 4 3 3 2 1
2406 Krishna Chaitanya Mudumbi 1 12 12 0 0 0 0
2411 Ahmad F. Hedayat 2 12 7 2 1 1 1
2425 Baosong Wu 2 11 6 2 2 1 0
2428 Saad Sikanderkhel 2 11 7 3 1 0 0
2435 Peeyush Khare 2 10 8 2 0 0 0
2445 Syed Usman Bin Mahmood 1 10 8 1 1 0 0
2447 Taylor D. Ottesen 2 10 5 2 1 1 1
2451 Sebastian Jose Teran Hidalgo 2 9 6 3 0 0 0
2452 Mariela Fuentes Leal 2 9 4 2 1 1 1
2459 Yerina S. Ranjit 2 9 6 3 0 0 0
2461 Kayleigh Ayn Bohémier 2 8 6 2 0 0 0
2468 Tirthankar Chakraborty 2 8 4 3 1 0 0
2476 Chris Anderson 2 7 4 2 1 0 0
2482 Chen Yang 2 7 3 2 2 0 0
2492 Yukiko Tonoike 1 6 4 1 1 0 0
2508 Andric Perez-Ortiz 1 5 4 1 0 0 0
2511 Anand Brahmandam 1 5 2 1 1 1 0
2515 Evan Wilson 1 5 3 1 1 0 0
2527 Golshan Fahimi 1 4 2 1 1 0 0
2529 Arsalan Hashemiaghdam 1 4 2 1 1 0 0
2546 Carlos S Sendon M.D 1 3 2 1 0 0 0
2565 Eric (L.W.C.) van Lit 1 2 1 1 0 0 0
