1 Dr. Qiang Yang 125 101019 6441 6047 4235 4188 3919
2 Yizhong Zhang 85 47651 1035 798 707 642 540
3 WANG Fei 73 40591 1068 472 408 384 383
4 Di Wang 82 37536 1200 981 952 680 411
5 Yao Zheng 郑耀 71 29868 652 587 510 421 415
6 Li Bing SHI 施丽冰 65 27935 416 387 271 236 231
7 柳华, Hua LIU 65 23963 700 569 429 343 287
8 Xiaofei He 61 23938 3994 3410 1433 1071 1058
9 Li Dayong 53 20219 360 281 275 238 205
10 Hao Bin WU 吴浩斌 68 17769 1039 702 648 618 600
11 Deng Cai 57 17560 1433 1433 1071 1058 760
12 Kun-song Chen 60 17043 2390 1613 1202 561 541
13 Chengfu Xu 54 16704 431 350 261 253 248
14 juanjuan Liu 48 16647 3525 1165 949 617 456
15 Min-Xin Guan 62 15222 2411 471 379 353 328
16 Qiqi Cheng 44 15023 1936 506 308 248 245
17 liangwei zhu 50 14948 361 358 299 287 254
18 E P LI 34 14853 387 299 222 211 170
19 Ping Wang 45 14843 675 218 182 151 143
20 Xiao E Yang 61 14092 926 486 410 373 352
21 Ying Li 56 13264 359 278 246 217 191
22 Xiaoping Zhang 51 12563 775 604 347 326 279
23 Youqing Shen (申有青) 64 11994 432 369 341 334 283
24 xinhui xia 60 11787 707 504 325 280 276
25 Jun Zhu 51 11222 806 494 330 324 318
26 Xu Liu 28 10929 6525 358 151 145 135
27 Min Qiu 53 10696 752 434 403 373 361
28 Jin chuanhong 43 10403 1448 1330 708 564 493
29 Hongye Su 53 10310 386 364 340 304 201
30 LM Tong 50 9931 1442 628 275 253 252
31 Lin Hongwei 46 9875 554 335 159 146 145
32 Ze Zhang 49 9750 578 480 472 359 358
33 Tingjun Hou 48 9271 852 303 210 198 184
34 Jiajun Bu 50 8954 640 414 406 210 178
35 Weiqiu Chen 49 8842 248 235 219 218 168
36 Zhenyue Zhang 29 8837 2119 1751 1704 393 297
37 Zhaohui Wu 47 8661 428 318 227 169 166
38 Yi ZHENG 20 8501 6305 354 298 210 167
39 Yueting Zhuang 41 8462 658 338 214 202 187
40 Han Chen 49 8339 728 364 310 243 191
41 Xinbing Sui 19 8179 6438 464 280 172 99
42 yongqun zhu 43 8139 727 337 252 165 131
43 Shu-Sheng Liu 44 8068 1114 380 379 261 242
44 Weiliang Jin 40 7983 313 301 277 210 206
45 Kun Zhou 44 7875 639 578 430 359 289
46 Jing Xu 40 7463 509 389 368 346 264
47 Zhang Xiangnan 17 7375 6432 179 93 89 70
48 Hongsheng Chen 45 7368 521 489 311 289 166
49 Guang-Han Cao 42 7269 699 397 350 297 232
50 Zheng-Guang Wu 47 6976 386 340 304 201 196
51 Jie Fan 36 6891 565 497 454 377 358
52 Yongchao Liang 40 6884 716 633 384 300 243
53 Zhen Xu 33 6383 980 607 556 491 351
54 Daoxin Dai 43 6348 389 228 222 210 167
55 Song Mingli 32 6314 158 144 128 127 122
56 Jian-Qiang You 32 6035 859 819 672 306 254
57 Chang-Zhi Li (李昌治) 40 6001 391 353 338 313 259
58 Wuhua Li 35 5906 810 454 315 181 167
59 Zheng Shao Jian 40 5837 502 456 296 240 219
60 Chunguang Li 38 5776 630 568 510 290 205
61 Xu Weihua 36 5771 187 138 137 137 127
62 Huilian Ma 36 5656 384 301 188 171 170
63 Dehong Xu 37 5620 393 354 301 293 157
64 Bing-Feng Shi 36 5554 985 550 397 358 295
65 Tingbo Liang 梁廷波 33 5533 362 250 196 139 107
66 Yang Hou 39 5532 397 363 309 263 232
67 Zhaoyin Hou 41 5532 236 219 217 198 172
68 Jinsong Bao 37 5483 748 332 323 182 181
69 Xiaofan Li 38 5344 301 271 182 180 139
70 Yajin Zhou 14 5236 1672 798 553 536 467
71 Xu zhenghao 31 5161 380 352 148 108 106
72 Zhan Lin 33 5068 1405 273 199 193 187
73 Xianmin Zhang 35 5038 489 289 141 129 119
74 Yizheng Jin 33 4920 673 585 270 252 238
75 Zhaoyang Zhang 38 4869 245 204 155 135 121
76 Wenyuan Xu 27 4805 1158 553 394 330 283
77 支明佳 22 4568 1014 791 546 320 255
78 Song Zhihuan 37 4515 410 224 146 144 113
79 Xiaohui Fan (范骁辉) 26 4512 2026 545 234 116 66
80 Wanzhi Chen 42 4471 145 141 137 136 133
81 Baofeng Huo 21 4407 1654 686 427 239 181
82 Fei Wu 33 4353 285 214 202 142 125
83 Li Shen /沈立 21 4332 1994 346 231 221 173
84 Zhiyun Lin 25 4243 915 829 424 132 101
85 Baohua Ji 26 4234 1381 653 157 142 128
86 Huixia Shou 33 4172 466 269 238 238 227
87 Ling-Shu Wan 38 4086 382 228 184 154 138
88 Guping Tang (汤谷平) 36 4024 265 215 213 172 161
89 Guocan Yu 30 4015 346 334 321 302 290
90 Yong CHEN 25 3968 1468 192 155 115 102
91 Junming Zhang 33 3958 208 158 133 131 114
92 Chaofeng Lü 28 3900 527 489 218 168 159
93 Gang Pan (潘纲) 32 3891 318 225 164 157 132
94 Tingzhong Yang 29 3863 351 337 304 196 196
95 Wei E. I. Sha (沙威) 26 3846 658 257 236 229 207
96 zwma 29 3807 1063 229 163 163 143
97 Zhihua Wang (王智化) 27 3800 225 159 107 85 76
98 Renren Deng 15 3793 1037 430 392 335 284
99 Zhichao Ruan 阮智超 27 3779 475 403 373 213 209
100 Yifei Xu 28 3774 406 285 72 70 65
101 H.Q. Yuan 26 3616 439 405 369 337 305
102 Honggang Zhang 29 3613 316 312 233 101 98
103 Jianke Zhu 25 3612 597 357 331 296 273
104 jipeng cheng 39 3569 146 128 107 102 95
105 Di Wu（吴迪） 31 3547 260 200 199 171 149
106 Pengju Pan 29 3497 424 370 204 159 143
107 Hao Bai (柏浩) 21 3460 919 788 361 158 147
108 Dan Sun 33 3456 156 142 138 100 87
109 Yonggen Lou 30 3413 266 244 205 191 145
110 Caijun Zhong 31 3412 236 223 210 204 170
111 Jin-Ming Wu 33 3363 193 176 158 150 102
112 Shuming Gao（高曙明） 31 3313 284 145 105 105 99
113 Long Cao 23 3301 505 371 324 266 204
114 Gang Bao 32 3285 165 128 115 112 109
115 Yangkang Chen 32 3270 119 115 93 74 63
116 Peng Cheng 33 3256 229 187 167 166 129
117 Haifeng Liu 26 3245 387 227 151 137 129
118 Jiangwei Wang (王江伟) 22 3195 491 352 306 305 256
119 Zhiqiang Ge 30 3183 410 224 146 144 113
120 Chong LI 32 3153 236 137 83 73 70
121 Jianyi Yang 30 3110 173 97 89 87 77
122 Yu Liu 23 3100 958 186 169 168 129
123 Linrong Lu 20 3094 420 338 328 279 263
124 Zheng Bo （薄拯） 24 3081 570 382 208 168 163
125 Ming Chen 31 3034 187 128 123 109 106
126 Bin Li 26 2989 451 305 254 214 169
127 Professor Xiaoping Yang 27 2980 149 145 145 130 119
128 Jian-Jun HE 28 2978 173 157 111 106 104
129 Min Zhou 27 2941 455 338 281 218 117
130 xinke wu 25 2921 131 114 107 98 90
131 Shaoxing Qu 26 2921 384 281 178 158 123
132 Prof. Xi Li 27 2917 493 164 139 130 125
133 Yi Yin 23 2873 322 311 282 274 242
134 Huan Wang 28 2857 190 113 99 97 91
135 kefeng ren 26 2836 623 220 209 204 134
136 Shijian Li 24 2649 225 210 164 157 150
137 Guanding Yu 29 2634 245 138 103 79 76
138 FAN, Li-Wu 范利武 26 2623 482 206 190 160 133
139 Xiaogang Jin 26 2610 312 93 84 77 63
140 Shibo He 28 2607 344 164 158 149 137
141 Zhongbin Xu 26 2554 340 204 165 144 103
142 Shaocai Yu 27 2542 201 190 173 156 138
143 Sai Wu 23 2527 498 200 188 165 159
144 C. D. Gu 31 2513 181 181 171 155 143
145 Hao Chi 27 2481 146 116 104 90 86
146 Xiao-Qiang Liu 29 2478 186 139 107 106 105
147 Daishun Ling 21 2477 374 280 271 233 220
148 Shuiguang Deng 28 2458 325 112 96 93 92
149 Jian Wu 26 2434 428 169 142 74 70
150 Wen-Jun Wang 27 2396 239 133 116 93 87
151 Xinyu Wang 26 2391 123 109 80 79 74
152 Jingfeng Huang 26 2387 109 90 81 80 68
153 Wei Chen 26 2377 132 111 96 94 70
154 Mikael Björklund 16 2377 645 450 290 251 147
155 Qiaomei Wang 27 2372 179 153 136 132 130
156 zhongheng zhang 26 2352 204 141 135 112 102
157 Lu Wei 22 2333 429 192 95 94 84
158 Huabin Xing 23 2329 237 214 154 97 68
159 Tao Liang 9 2327 2019 79 63 29 23
160 Haichun Gao 28 2315 181 142 124 106 94
161 Cao Fahe 26 2267 180 171 154 116 110
162 Su Bin 28 2243 114 112 91 91 82
163 Li-Gang Wang 27 2242 348 155 120 89 85
164 Yucai Zhu 22 2185 549 549 193 187 98
165 shisheng lin 26 2184 164 152 133 101 77
166 Jun Ling 25 2163 143 111 86 82 62
167 Wangsheng Zhang 21 2158 258 248 157 126 107
168 Qi Zhou 18 2130 708 367 201 99 98
169 Huafeng Liu 22 2104 79 71 57 57 53
170 Jianwei Yin 22 2104 96 70 67 60 57
171 Yi Ding 23 2086 229 227 123 114 91
172 Jian Li Yang 25 2057 240 219 177 131 122
173 Yuzhe Wu 23 1998 175 155 142 131 81
174 Yingying Lu 22 1998 397 172 160 134 100
175 晓 Xiao 陈 Chen 21 1991 383 189 188 160 152
176 Tianhua zhou 22 1959 279 188 160 148 99
177 Yuntao Qian 17 1952 304 225 169 135 104
178 Hui Xu 11 1939 546 314 271 199 188
179 Yingcai Wu 23 1916 209 184 143 128 112
180 cuifang kuang 20 1892 151 135 103 77 66
181 Yuehai Ke 23 1868 299 279 120 119 79
182 chaofeng shen 24 1866 204 158 116 113 94
183 Lu Yu 20 1851 165 93 93 90 74
184 Shaomin Zhang 14 1848 132 111 75 71 66
185 Qiang Li (李强) 24 1840 178 151 127 124 83
186 Chong Wei Jin 23 1832 219 165 148 89 75
187 Ben Wang 15 1831 1119 138 138 68 59
188 Songmin Ying 19 1814 364 192 169 130 120
189 Shulin Zhuang 19 1807 800 68 43 41 38
190 Can Wang 21 1802 406 210 145 105 80
191 Yaocheng Shi 23 1785 167 85 77 73 73
192 Xing Zhang 19 1769 342 299 150 128 114
193 Xiaoming Chen 21 1762 148 135 121 97 73
194 Xinggao Liu 23 1754 136 132 121 112 82
195 Jing-Wei Zhao, PhD, MD, Professor 15 1746 593 324 197 122 85
196 Wei Dong 22 1734 364 104 65 65 62
197 Limin Qiu (邱利民) 23 1721 102 95 61 58 57
198 Chunhui Zhao 21 1713 171 65 63 55 53
199 baohong guan 23 1707 191 187 136 75 66
200 L. J. Wu 22 1705 269 160 118 99 87
201 Heng Nian 20 1702 221 178 114 106 63
202 Zhuxian Zhou (周珠贤) 19 1701 185 181 177 101 101
203 Jianfeng Ping 21 1685 247 165 129 97 89
204 Hongqiang Cheng 24 1673 299 98 98 97 94
205 Zonghua Gu 23 1673 302 69 57 50 48
206 Min Tang 21 1671 152 152 95 87 77
207 Hua Xing Zhu 24 1657 143 102 100 87 69
208 Haiyan Cen 17 1652 652 137 88 77 67
209 Xian-Ning Zhang 22 1646 136 121 82 56 52
210 Xvsheng Qiao 24 1646 101 97 94 80 73
211 Xiaofan  Ji 18 1636 296 181 165 160 140
212 Tiefeng Li 16 1632 256 235 192 184 126
213 fu yingchun 23 1608 368 127 93 86 60
214 Zhaosheng Yu 20 1603 155 145 138 96 93
215 Prof.Yang Xu 24 1572 81 78 75 71 67
216 Wenxing ZHONG 12 1572 509 196 171 149 106
217 Wenze, Yue 21 1551 124 119 107 67 67
218 Hua naranmandura 22 1540 178 111 101 79 79
219 Jin Huang 18 1525 359 289 126 84 75
220 Weiwei Xu 23 1514 138 125 102 102 91
221 Xing Guo 12 1504 736 201 187 106 51
222 Muhammad Zaffar Hashmi 17 1498 346 170 122 66 59
223 Peng Xiu 16 1494 538 180 100 86 74
224 Jie Wang 21 1494 232 84 70 62 60
225 Jian Chen 17 1489 369 194 87 76 71
226 shiguo chen 21 1475 180 81 80 60 55
227 Lingli Lu 22 1471 121 105 84 83 79
228 Ye Chen 21 1468 217 115 110 110 107
229 Xuezhang Xiao (肖学章) 22 1467 44 37 36 35 35
230 Nai Ding 13 1460 330 255 223 148 102
231 汪晖 13 1457 310 292 210 109 90
232 Dexing Kong 24 1452 62 56 49 49 48
233 Qing-Hu Chen or qinghu chen 19 1451 124 112 70 61 57
234 Xianbin Yu 20 1448 194 144 64 58 57
235 Zaiyue Yang 17 1448 240 160 120 119 79
236 kailin liu 18 1428 334 121 108 84 84
237 ping zhou 17 1413 515 158 131 76 58
238 Binggui Sun 10 1410 325 318 157 155 126
239 XingHong Zhang 22 1378 62 56 53 52 49
240 Xue-ren Yin 20 1375 187 135 101 72 53
241 Zi Liang WU 21 1369 205 129 129 60 55
242 Wenxi Yao 18 1359 300 163 71 71 51
243 Huanhai Xin 19 1344 200 67 54 53 48
244 Liang Zhu 19 1343 118 99 80 52 47
245 Bingbing Shi 20 1310 114 102 99 73 48
246 Xiao-Dong Wang 20 1308 129 111 107 107 104
247 Hangguan Shan 16 1292 213 192 117 70 68
248 Yan WANG 17 1286 150 125 124 122 65
249 Qichao Tu 15 1271 271 255 126 115 71
250 Dong Chen 18 1270 241 222 107 54 52
251 Shilie Zheng 17 1264 90 84 68 49 44
252 Chuang Wang 17 1262 172 126 91 75 64
253 Pin Wu 18 1260 173 128 112 105 85
254 Paul Tae-Woo Lee 20 1254 117 90 78 47 43
255 Xiao Wei (魏晓) 23 1252 104 94 81 64 57
256 陈冰 Bing Chen 21 1241 83 78 75 64 64
257 Xiao-Wei Wang 16 1238 380 112 94 89 79
258 Baojing GU 23 1226 94 80 78 59 51
259 Zhongjian Li 18 1222 183 113 112 100 84
260 Jieqing Feng 17 1220 102 48 39 34 32
261 Huan Yang 20 1217 164 90 72 54 50
262 Ling Chen (陈岭) 17 1214 131 84 78 77 62
263 Hua Fang 22 1211 99 85 76 76 73
264 Zhibin Wang 18 1210 146 128 118 108 62
265 Dai xingliang 9 1207 673 252 71 65 42
266 Xueqian Kong 14 1197 386 198 154 118 63
267 Wei Wang 19 1196 94 87 73 39 37
268 Shiming Gao 18 1173 124 69 56 55 53
269 Rui WANG 12 1173 578 136 134 57 32
270 Lei Bi 19 1169 202 88 86 73 71
271 Yingjie Xia 18 1166 155 99 79 59 55
272 Yongzhi Zhao 18 1164 160 62 55 54 49
273 PengFei Liu 19 1134 190 107 102 89 70
274 Qing Miao 17 1131 185 141 76 69 55
275 Yong HE (贺永) 18 1119 111 94 68 61 55
276 Jinsong Deng 13 1118 376 190 87 36 34
278 Qida Hu 18 1103 161 139 88 87 68
279 Guofeng Zhang 16 1101 316 89 88 71 66
280 Wenchao Chen 10 1097 818 52 51 26 14
281 Zuwei Liao 18 1091 122 69 66 66 49
282 Fei Gao 15 1068 273 169 154 75 28
283 Baiyi Lu 17 1062 181 105 88 82 56
284 Xueying Guan 14 1061 448 126 74 71 69
285 Xueming Shao 16 1056 145 138 70 57 56
286 Yin Rui（殷锐） 17 1053 138 76 68 65 59
287 Qinmin Yang 18 1051 82 63 54 52 48
288 WU, Yicheng 15 1042 160 92 70 69 66
289 (Jack) Wei Chen 14 1031 167 152 144 97 96
290 Chao Xu 18 1025 85 84 84 61 55
291 Sheng Chen 19 1024 170 106 93 80 52
292 Daming Sun 17 1016 61 57 53 50 47
293 Ji Xiang 14 1015 168 166 93 90 63
294 Xinyu Wang 17 1007 79 71 53 49 34
295 Xi Yang 16 999 118 104 104 86 79
296 Yaoguang Ma 14 993 252 97 96 70 67
297 Yu Zhong (钟宇) 16 987 232 102 75 69 60
298 Jianping Lu 17 983 169 56 51 50 48
299 Lei Xie 17 981 164 98 96 36 33
300 Liping Du 杜立萍 19 970 84 80 71 63 56
301 Guande Qi 10 963 225 164 150 126 126
302 Ran Hao 18 956 81 76 70 61 56
303 Xiaowei Zhou 14 953 350 108 72 72 72
304 Lu Wei 15 944 192 95 94 85 65
305 Haibin Dai 18 943 70 61 58 53 52
306 Kecheng Jie 14 937 334 114 99 65 42
307 Mowei Shen 15 930 73 44 32 32 31
308 Yongxiang Xia 15 924 137 103 89 62 54
309 An Liu 15 907 92 79 73 71 67
310 Wenqing Liu (刘文清) 17 893 191 65 63 58 49
311 Yu SUN 16 884 135 104 88 73 55
312 Lie Wang 14 881 165 109 93 92 58
313 Haiyan Qin 15 875 143 129 94 82 68
314 Golam Jalal Ahammed 18 874 113 69 49 42 41
315 Yin-Quan Liu 18 865 79 66 62 58 48
316 xiaolin zheng 14 862 77 63 53 47 37
317 Youwei Cheng 17 862 60 53 47 47 45
318 Lei Cheng 14 861 242 93 71 60 55
319 Zhongxuan YANG 14 853 111 109 96 60 50
320 Sheng Jin (金盛) 15 851 100 75 50 45 43
321 HSIN-YI LAI 16 851 95 83 68 62 51
322 Xuecheng Wu 16 850 42 41 36 29 29
323 Xuechang Wu 17 843 83 60 56 47 46
324 Xiaoying Zhu 16 842 98 97 90 68 60
325 Fan Yang 16 841 146 138 84 81 58
326 Jie Fu 15 841 145 116 82 46 36
327 Dexin Ye 12 835 405 93 74 42 28
328 Fangwei Wang 10 832 296 99 89 86 65
329 Zhengxing Huang 15 827 92 75 62 59 57
330 Chuanhou Gao 17 823 79 62 47 45 43
331 Xuecheng Bian 16 821 142 52 46 42 40
332 Xingchu Gong (龚行楚) 16 813 55 48 45 39 37
333 zheng youyi 14 812 105 103 86 81 80
334 Fengzhong Qu 15 810 156 70 58 52 51
335 Wenlong Yu 8 802 536 62 61 38 33
336 Jin Qian 15 797 81 76 75 64 55
337 Shihui Zou 10 797 285 146 108 55 35
338 Yi Gao 11 796 278 167 109 50 27
339 Zhitao Liu 12 794 364 65 47 37 35
340 Liming Wang/王立铭 8 787 243 188 127 113 52
341 Zheng Chen 12 780 134 109 108 84 80
342 Qianli An 14 779 159 88 55 51 45
343 Ji Cao 17 777 67 62 56 53 52
344 Imran Memon 18 773 77 48 43 37 37
345 Yingke Xu 12 769 366 78 30 29 29
346 zhenkun zhou 14 764 110 92 64 59 41
347 Jun XIAO 16 763 54 50 48 41 40
348 Qiang Zeng 15 760 140 79 44 41 40
349 Can Huang 13 757 185 154 94 40 38
350 Pinglong Xu 12 756 185 130 100 97 49
351 Xiangrui Liu 14 752 128 105 101 61 52
352 Yunlong Cai 16 749 71 59 58 45 41
353 Ting Zhang 17 748 58 45 40 40 38
354 chenghang zheng 15 745 76 28 27 25 25
355 Tianye Niu 16 744 88 73 72 49 44
356 Xiaoli Yu 13 736 41 30 27 26 25
357 Jiazhang Lian 14 734 173 83 63 57 46
358 Huang Pintong 17 725 55 47 40 37 35
359 Yujuan Zhou 14 725 114 100 99 65 47
360 Mark D. Butala 13 714 142 79 58 57 39
361 Xi Chen 12 713 122 109 88 55 54
362 Yuxin He, 何毓新 16 712 52 45 43 42 41
363 Jing Shen 16 710 49 47 46 41 34
364 lin shixian 12 704 137 136 87 75 53
365 Yi-Ching Lynn Ho 11 698 321 83 58 43 38
366 田传浩 14 694 144 64 62 56 44
367 Hui-Liang Shen 13 691 75 71 57 45 44
368 Xiangli Kong 14 688 87 80 72 57 45
369 Hangxiang Wang 14 686 97 69 64 56 52
370 Yingying Jiang 17 678 77 72 65 53 48
371 Wentao Song 15 658 106 65 50 44 38
372 Xiqun (Michael) Chen 14 656 88 45 41 35 29
373 Haitao Zhang 13 656 155 88 60 52 49
374 Yun Chen 13 656 208 127 57 39 33
375 Lou Yinjun 14 645 123 69 66 60 42
376 Yang Zhao 14 643 99 76 73 56 51
377 Yiping Xia 12 642 123 86 44 41 29
378 Xuchao YANG 11 641 162 125 71 68 56
379 Hao JIN 13 632 71 40 32 28 28
380 Yifan Huang 15 616 53 49 40 33 32
381 Yong Liu 14 614 58 41 39 38 37
382 Zhou Zhao 16 611 67 44 35 34 31
383 Peng Li 李鹏 14 611 88 67 53 47 35
384 Erik Forsberg 9 606 309 135 33 24 18
385 LIJUN KANG 9 602 150 124 81 76 53
386 Xue-Gang Chen 13 597 74 71 65 43 39
387 Chunli Zhang 14 596 55 44 42 38 37
388 Rongpeng Li 15 595 69 48 46 40 37
389 Tao Wang 12 594 124 101 51 40 26
390 Geng Tang 13 592 93 62 60 54 34
391 Chunli zhang 14 592 55 44 42 38 37
392 Zhuo-Xian Meng, MD, PhD 12 583 111 66 62 60 58
393 Bo Zhou 12 581 180 70 49 48 46
394 Guangchao Geng 9 579 275 62 45 31 31
395 Wei Yang 13 572 84 49 47 41 40
396 Huan Hu  胡欢 10 562 116 84 81 54 41
397 Beishui Liao 13 562 91 57 21 21 18
398 Zaifeng Gao 15 558 73 46 44 41 32
399 Shufang ZHANG 12 552 99 78 66 62 54
400 Ling Ding 11 552 114 80 79 66 39
401 Kai Bu 16 551 40 39 35 33 32
402 hanhui  jin 12 551 99 38 36 30 30
403 Deng Jian 15 550 57 49 35 24 22
404 Pei Zhao 12 548 67 63 61 52 48
405 jia huang 16 545 41 40 33 31 30
406 Xuesen Du 13 543 105 71 45 30 29
407 Canfei Wang 11 538 124 101 95 51 41
408 Xiaojuan Zheng 12 533 117 88 63 55 47
409 Zhang Bao 8 530 196 93 87 56 40
410 任重 (REN Zhong) 10 528 136 109 78 44 27
411 Tao Feng 13 526 72 63 55 39 37
412 Dingjiang Chen 15 520 38 34 31 29 29
413 Tiao Lin 16 516 53 38 37 36 30
414 Ning Guo 9 515 137 95 85 29 28
415 Feng-Qi Zhang (章凤奇) 12 515 80 65 51 38 35
416 Ke Si 11 510 163 54 37 34 34
417 Yiting Zhou 12 510 86 59 55 46 45
418 Yipei Wang 8 505 131 77 67 65 60
419 Xiaoguang MA 12 501 78 62 47 42 35
420 Yu Wu 12 500 92 71 49 41 38
421 Lichuan Ji 14 498 53 40 39 39 22
422 白 松龄 11 498 77 51 51 32 32
423 Yuan-feng Duan 12 497 84 78 29 25 25
424 Donghui Wang 11 495 165 44 30 23 19
425 Xiaojin Gong 12 495 62 43 33 28 25
426 Yong He (何勇) 14 494 54 47 34 25 25
427 He Liu 11 492 40 39 38 31 26
428 Dr. Mukesh K. Kanwar 12 490 88 57 50 43 30
429 Shao Jie 13 486 95 44 44 35 35
430 尧一骏(Yijun Yao) 13 483 53 47 46 46 34
431 Xianjin Tang 11 483 204 56 43 34 25
432 Yu Feng 11 482 184 59 46 36 33
433 Xiang Li 8 481 96 81 79 68 58
434 Ma Huan 10 476 137 86 71 33 31
436 Ruiyang Qu 10 472 112 78 76 45 40
437 Xiangrong Chen 12 471 79 49 37 36 34
438 Lv-yun Zhu 8 468 212 91 53 46 24
439 Ping Yu 11 464 89 43 39 36 35
440 Xiang Chen, 陈翔 9 460 103 74 72 63 49
441 Yin Zhang 10 457 106 79 62 29 18
442 Lingzao Zeng 14 454 47 31 28 27 25
443 Yao Hu 9 452 229 66 38 25 20
444 Yuehua Zhang 12 452 90 55 38 38 37
445 Dong Liu 13 450 50 37 36 31 31
446 Hao Wu 11 449 151 33 23 23 21
447 Zhiyu Xiang 12 448 32 32 29 20 18
448 Jian Shao 13 445 67 64 64 32 28
449 Lingchen Huang 10 444 178 49 35 17 15
450 Wei Liu 12 443 78 71 54 21 18
451 Muhammad Saleem 10 442 61 61 60 44 42
452 Gaoran Li 12 435 76 76 67 35 35
453 Jin Yan 13 430 50 40 34 33 33
454 Fang Guo 11 428 76 66 57 52 50
455 王东举 12 427 28 25 21 21 21
456 Yan Lv (吕嫣) 11 427 133 89 39 33 21
457 Hao Lan Zhang 9 424 21 17 15 13 12
458 张杰 12 423 66 53 50 47 45
459 Fei Sun 12 421 86 32 30 20 19
460 Ronald Whiddon 13 421 54 33 31 25 22
461 Xiaogang Jin Ph. D. 10 420 120 44 40 28 19
462 Li Shao 12 419 73 58 37 36 32
463 Yunpeng Zhao 12 417 65 58 37 33 30
464 Zhen Wang (王 震) 12 416 112 47 43 33 29
465 Eryun Liu 12 415 66 60 51 27 26
466 M. J. I. Shohag 14 413 51 46 32 28 25
467 Daoqiong Zheng 11 412 83 56 47 35 26
468 Xili zhang 12 410 71 50 35 33 33
469 Dr. N Jayachandra Reddy 9 408 135 60 40 38 37
470 Wang Cassandra C. 10 406 64 55 48 46 40
471 Dongming Yan 10 405 130 35 28 24 23
472 Peiyu Huang 11 404 36 32 27 26 23
473 Wei Wei 12 403 51 51 36 35 35
474 Zhiyong Qiu 11 399 69 69 29 23 22
475 Huo-Jun Ruan 11 397 70 42 39 34 32
476 Yi Zhang 11 395 50 40 29 28 28
477 Jiezuan Yang 11 394 106 40 34 32 27
478 Shanshan(Vera) LIN 11 393 131 74 42 22 22
479 Xudong Zhou 10 393 87 41 40 35 34
480 Zhang XB 11 390 55 39 30 28 24
481 Yingchun Wu 12 390 36 29 24 17 17
482 Xiaoli Jin 11 389 79 63 40 29 20
483 Tao Wu 10 382 97 53 44 35 34
484 Zhi Ruan 11 382 52 47 40 25 25
485 Bai Li 12 378 60 37 29 26 22
486 Chen LI 8 377 81 72 54 48 43
488 Qinghai Zhang 12 375 63 47 43 30 29
489 Yanli Lu 12 372 46 43 33 29 23
490 Thomas Pähtz 9 369 109 55 42 38 37
491 Gang Rao (饶 刚) 11 368 45 40 32 25 24
492 Yuanqing Wu 9 367 69 64 62 60 26
493 Zhan Zhou 11 363 86 35 30 25 24
494 Siliang Tang 10 360 79 46 23 20 20
495 An Liu (刘安) 10 360 111 40 32 30 23
496 Chengbo Wang 11 359 55 44 29 27 26
497 Yang Liu 9 358 98 52 47 30 29
498 Jiyun Huang 黄继云 14 357 47 38 35 27 24
499 Junkun Li 7 356 112 71 54 44 36
500 Yaxing Gui 10 352 85 72 43 36 32
501 Junfei Dai 9 350 87 65 35 33 32
502 Sheng Zheng 10 348 66 32 26 25 23
503 Jufeng Wang  (JF Wang, Wang Ju-Feng) 10 346 54 49 43 36 32
504 Qigui Liu 8 343 137 57 50 23 16
505 Kangji Li 7 342 123 46 42 31 25
506 Yizhou Wang 12 341 56 40 34 32 31
507 Haijie Han 10 339 53 42 38 34 33
508 Yongmin Zhang 7 338 164 56 42 22 12
509 roland hu 8 332 62 34 26 21 18
510 Michael Smidman 11 328 50 38 25 24 23
511 Xi Xiao 11 327 57 44 43 33 23
512 Xiaotong Zhang 8 324 74 52 44 39 38
513 Nenggan Zheng 9 323 80 31 31 20 18
514 Jinghao Sheng 12 322 52 32 28 23 23
515 Lei Wu 9 321 43 31 31 24 21
516 Zilong Dong 7 320 89 88 38 38 14
517 Miao Yu 9 318 84 33 25 21 21
518 Guo Qiangbing 9 313 112 34 27 18 15
520 Yan Zhang 6 312 102 79 62 29 21
521 Umar Farooq 8 312 69 68 45 45 43
522 Xiaoting Hua 9 311 40 37 36 19 19
523 Kaiqi SU (苏凯麒)  Ph.D.(博士) 11 311 63 50 29 18 17
524 Wei Li (厉巍） 11 309 29 29 29 26 20
525 Yinfu FENG 9 308 111 50 26 19 18
526 Yixiao Gao 8 307 66 50 18 17 14
527 Jianfei Zhu 7 307 130 35 32 31 31
528 Zhen Wang 11 305 61 38 34 24 20
531 Yue Li 9 295 67 58 57 35 19
532 Jun Jin 8 294 101 42 36 15 13
533 Huifang Wang 10 293 51 21 17 15 14
534 Haoquan Shen 9 292 45 41 37 24 20
535 Juner Chen 9 292 80 58 52 20 16
536 Wei Lo 9 292 96 60 28 27 22
537 Wen Guang QU (瞿文光） 8 290 64 56 43 35 30
538 Yancheng Wang 9 289 36 25 25 17 17
539 Xizeng ZHAO 9 289 65 55 30 14 12
540 Yiling Du 11 287 43 35 31 25 23
541 Peng Zhao 8 286 65 38 19 17 11
542 Yichuan Hu 7 286 120 52 41 22 17
543 Tao Lin 10 285 49 42 35 32 23
544 MaLiang 马梁 7 285 111 49 27 20 20
545 Yanjing Yang 10 284 46 30 28 28 24
547 HANG DONG 7 283 83 69 39 34 23
548 Zhisen Zhang 8 282 97 42 29 23 13
549 Jin-Zhou Zhu 10 282 54 34 21 18 17
550 Haomin Li 10 282 33 32 22 22 15
551 yu pan 8 280 84 25 25 25 23
552 Xujie Zhang(张徐杰) 8 277 78 38 36 36 22
553 Pierre-Daniel Pfister 6 275 125 58 20 17 10
554 Hao Wang 9 270 62 39 34 27 23
555 Suhong Xu 7 267 80 73 33 30 20
556 Zhi Lin 8 264 93 64 25 24 13
557 Tong Yu 8 264 57 57 27 19 19
559 Huikai Zhong 10 261 52 41 28 26 25
560 CAI ZHEJUN 11 261 34 29 28 25 17
561 Haiou Wang 11 259 33 33 26 24 17
562 Chan Zhang 8 259 55 53 35 30 21
563 Yue Chen (陈跃) 7 258 80 47 33 30 29
564 Zhang Junhui  (张军辉 浙江大学) 8 256 32 25 23 17 14
565 Min Yue 7 255 77 56 39 26 11
566 Liang Zhang 10 255 40 38 35 27 17
567 Hao Zhang 10 254 34 29 20 20 18
568 Xin Gu 7 253 122 56 17 13 12
569 Yonggang Peng 9 249 29 25 23 23 16
570 Yifan Wang 8 249 66 62 20 16 15
571 Qihan Fu 傅琦涵 8 244 54 48 32 26 25
572 Pinghui Wu 10 241 15 14 13 13 13
573 Yuxin Peng 8 240 40 33 29 29 12
574 Cheng Guo 11 239 33 30 22 21 19
576 Yan Wang 9 236 53 27 25 21 15
578 Hu Peng 9 232 37 35 32 28 16
579 Rujiang Li (李汝江) 9 232 45 26 25 21 16
580 Ding He 6 231 153 24 12 12 10
581 Xiang Gao 5 231 114 77 11 9 6
582 Hongbin Li 9 230 44 34 18 17 15
584 Ding-yi Pan 10 228 32 22 20 20 18
585 Xin Xiao 6 228 92 64 35 12 12
586 Bingwen Yu 6 228 68 50 47 13 11
587 Hongming Su 9 226 40 37 34 27 18
588 Wenjun Wang 8 226 67 41 31 13 13
589 RUH JIANG 7 225 75 59 26 17 11
590 Yongyi Shou (寿涌毅) 8 224 56 37 20 20 17
591 Fei Tong 9 223 38 26 25 20 15
592 Zhi Shan 7 222 82 32 27 23 9
594 Lingyun Sun 9 221 53 23 17 13 11
596 Tao Wang 6 221 53 53 41 19 17
598 Shuang Li 8 219 46 33 20 17 16
599 jinkai Chen 7 218 67 38 21 19 18
600 Tian-Yuan Zhang 7 217 70 31 27 22 22
603 chao zhang 8 213 84 36 25 17 11
604 Gensheng Zhang（张根生） 8 212 47 35 30 24 22
605 Jingjing Jiang 8 211 52 34 30 20 12
606 Ximing Zhang 7 210 40 39 35 35 15
607 Yuan Wentao 7 209 53 33 32 23 16
608 Chang Liu 9 206 34 21 18 14 11
609 Yue Wang 8 205 30 23 13 13 12
610 Ming Luo 8 201 36 28 24 21 21
611 weizhen Chen 陈威震 6 200 52 49 26 23 20
612 Hua Li (OCRID: 0000-0002-9210-0257) 9 199 24 21 16 16 15
613 Huihui Ye 7 199 37 34 29 29 23
614 JF ZHU 7 198 47 44 34 25 19
615 Jin-yuan Qian (钱锦远) 8 196 42 23 15 12 10
616 Xiaolong Bai 8 195 47 14 12 12 9
617 Zhijiang Lu 8 194 36 33 26 20 20
618 Laifeng Lu 8 193 39 38 28 23 19
619 Hao Wu 5 190 85 73 10 10 6
620 Ronghao Zheng (郑荣濠) 8 189 43 29 24 24 15
621 Nimrodh Ananth 5 188 60 46 45 26 6
623 AI HE 6 187 80 29 26 17 11
624 Xiao-Xing Jing 7 186 57 48 26 19 16
625 xuhui yu 6 186 41 38 28 23 21
627 Yijiang Zhou 7 182 56 41 19 12 11
628 Qiangsheng Huang 7 181 57 37 16 14 13
629 Zhenyu Ye 6 181 91 27 19 9 9
630 Hong Cheng 8 180 35 22 18 14 13
631 Jiayi Shen (沈佳轶) 7 178 31 27 26 26 25
632 Qamar Subhani 7 177 45 35 31 21 11
633 李树然 7 175 40 39 24 15 12
634 Yuan Ren 6 173 78 36 18 7 6
635 Ruoyu Zhang 6 172 45 37 35 28 8
636 Jie Qiu (邱杰) 9 171 23 22 20 19 19
638 Hui Chen, Ph.D. 6 166 73 23 23 18 16
639 Jiemi Zhang 5 166 68 60 10 7 6
640 Yonghua Zou 7 164 69 23 17 11 11
641 zhou yong 4 164 123 15 7 6 4
643 Lantao Xing 6 162 47 35 29 24 13
644 Jun Chen 8 162 30 24 24 19 16
645 Xing Su 8 161 26 20 19 14 11
646 Lingjian Ye 8 161 39 17 11 11 10
647 Yu Tong 7 161 61 24 15 14 10
648 Guobiao Xue 7 158 34 31 18 15 12
650 changwei jing 6 154 42 32 31 18 9
651 Wei Li (Tea) 6 153 34 31 31 26 16
652 Dr. Yi He 6 152 60 30 22 14 12
653 John Ye 6 152 76 27 18 12 10
654 Chao Yang 7 152 21 18 15 14 13
655 Guiming Pang 7 151 38 36 21 12 11
657 Bin Ling 7 149 60 25 18 13 8
659 Pengcheng You 6 147 39 23 22 13 12
661 Shan Liu 7 146 16 13 13 11 9
664 Pan Li 8 143 24 18 18 15 15
665 Daiqiong Fang 6 143 38 28 22 18 15
666 Shenjiang Mo 7 142 25 21 20 18 15
667 Hao Jiang 6 141 53 20 15 13 13
668 W.  Li 8 141 31 30 19 12 10
669 Yanfei Sun 6 139 56 28 16 10 9
670 Shi Jianfeng 6 139 26 24 8 7 7
671 HongSheng QI 6 138 33 16 8 7 7
673 Md. Zakaria Hossain Prodhan (PhD) 5 137 89 14 6 5 5
674 Qingwei Jin （金庆伟） 8 135 26 13 13 11 9
675 Xiaoyu Ji 7 133 37 20 16 10 10
676 Xiaoguang Fan 7 132 34 12 12 12 11
677 Xianwen Meng 7 132 34 17 13 11 9
678 YunJie Ruan 6 132 30 14 12 12 10
679 Meiwei Kong 6 132 34 28 20 15 8
680 Ruijun Ma 7 130 28 24 19 16 11
681 Entao Zhao 7 130 28 17 16 16 16
683 Xinfeng Yu 6 128 27 23 10 9 9
685 miao sun 7 127 40 17 14 11 9
686 Chuan 6 124 60 19 10 8 7
687 Ningyu  Zhang 7 124 32 24 12 10 8
688 Wang Heyu 7 124 38 17 15 12 12
689 Chengcheng Zhao 4 124 56 34 16 5 4
690 Zong-Pei Jiang 7 124 31 25 14 11 10
691 Tengfei Wang 6 123 32 20 16 9 9
692 Cong Huang 7 123 23 16 13 12 10
694 Lu-Ting Chen 6 121 23 23 23 9 7
695 Qingqing Yang（楊青青） 6 120 51 27 18 7 7
697 Peng Du 6 118 43 14 13 13 10
698 范良聪（Liangcong Fan） 3 118 58 20 9 3 3
699 Hao Chen 5 118 37 21 16 6 6
700 Guoyong Mao 6 116 30 23 16 14 13
701 Ruiliang Bai 8 116 17 17 14 13 12
702 Hongxiang Lu 4 116 42 38 12 7 4
703 Jifan Zhou 7 115 17 15 9 8 8
704 Zhi Yang 7 115 15 14 14 10 10
705 Jiyu Peng 5 114 53 18 9 8 5
710 Lingfeng Bao 7 109 16 13 10 8 7
711 Liqiao Jing 5 109 56 25 10 5 5
713 Chuanlin Yin 5 108 38 34 18 7 5
715 Wule Zhu 6 107 13 9 9 8 7
716 Huimei Liu 6 107 42 21 15 8 7
717 Xingkang He 5 107 36 16 15 10 9
718 Fei Zhou 6 107 35 17 16 9 9
719 Xing Xu 4 106 40 32 19 7 3
720 Yu Zhang (张昱) 6 106 26 13 12 9 9
723 Jingxin Chen 6 103 26 19 15 10 7
725 Jun Zheng (郑俊) 6 102 19 14 12 9 7
726 Liu Jiquan 6 102 15 14 13 9 9
727 Dan Wu 6 102 23 19 13 11 9
728 Ronghua Ma 6 102 39 16 13 9 8
729 an duan 6 102 25 21 10 9 9
730 Ronghui Pan 4 101 39 19 19 13 4
731 Qing Zhong 5 100 23 16 13 12 8
732 Hongbo LI Ph.D. 黎洪波 博士 5 100 29 18 16 14 7
733 Tian Bao-Ping 5 98 20 17 14 10 9
734 Tianjiao Guo 6 97 40 20 10 8 8
735 Jianjian Wei 6 97 17 16 15 13 10
736 Yingzhe Wu (吴英哲) 6 97 23 18 12 11 9
737 Dingkun Yuan,袁定琨 6 96 30 16 10 9 8
738 Yao Qin 3 95 44 23 17 3 2
739 Yurui Qu(曲俞睿) 4 94 30 26 17 5 4
740 Zhaoqiang Zhang 5 94 28 20 20 15 6
741 CHEN Wei 6 93 36 12 12 6 6
742 Xu Gang 7 93 21 12 11 10 10
743 Di Xie 5 93 28 19 15 9 6
744 Yang guofu 5 92 36 17 12 12 6
745 Shanshan Yin 6 92 40 12 9 9 8
747 Xiaojun Guan 6 92 32 14 9 9 6
749 Jianfeng Dong 4 91 34 24 14 9 4
751 Shaoping Qian 7 90 23 18 11 9 8
753 Vemana Gowd 6 89 26 15 12 10 10
754 Jinyuan Yang 5 88 28 23 15 9 5
755 chenshanshan 4 88 41 17 9 6 3
757 Xiaoye Miao 5 87 22 13 12 8 5
758 Fawei Lin 林法伟 5 87 22 19 17 13 7
761 Tilong Yang 4 86 41 13 7 7 4
762 Xiao-Guang Wang 5 86 31 12 11 11 6
766 miao aimin 6 84 16 14 10 9 7
767 Tao Zhang 4 84 20 17 12 10 4
768 Wei Wang 5 84 26 18 13 13 6
770 Ji Daxiong 5 82 11 7 7 6 5
771 Xiao Luo 5 81 25 20 9 6 6
772 Changyu Shao 5 80 16 16 15 15 6
773 Krishnamoorthy Rajavel 4 79 35 9 9 7 4
774 Huarong Zheng 5 79 18 16 7 7 5
776 Abdul Ghaffar 4 78 37 15 8 7 4
777 Yi Yang (杨 翼) 6 78 21 11 10 7 7
779 Yiyi Liao 5 78 30 8 8 5 5
780 Yuxin Ma 6 78 18 16 9 7 7
781 Kaidi Wan 6 78 21 14 12 10 6
782 xinyu liao 4 78 39 12 9 8 4
784 Zhifeng Ding 4 76 46 15 4 4 3
786 Hangbo Yang 6 76 22 14 13 13 8
788 Shi, Wenlei (史文磊) 5 73 23 15 11 8 5
789 Tao Wu/吴涛 5 73 13 12 9 9 8
790 Dongjing Wang 5 72 23 17 7 5 5
793 Yingming Li 5 71 21 15 13 7 6
795 Xianliang Jiang 4 70 37 18 6 4 3
797 Yongdong Shen 6 69 13 13 12 11 8
801 Ting Zhang 5 67 18 14 9 8 5
803 Bing Liu 5 66 16 16 7 6 5
804 Wei Xiang 5 66 23 10 9 9 6
805 Zhang Jianjie 5 66 22 18 6 6 6
807 K. RAJAOBUL REDDY 6 64 14 11 10 10 8
808 文敏 邱 4 63 22 15 11 5 4
810 Shu Chen 4 62 19 18 7 7 3
812 Yanghong Xia 4 62 25 13 6 5 3
814 Zhouteng Ye 4 60 30 14 5 5 3
815 Hongliang Chen 5 59 14 12 12 10 6
816 Zhi Yu 3 59 42 5 4 2 1
818 lingli deng 5 57 11 10 7 6 5
819 Peiqin Gu 3 56 31 7 5 3 3
820 Sunyue Ye, 叶孙岳 4 56 20 8 5 5 3
821 Yi-Li Xu 5 56 11 9 7 6 5
822 Fangfang Xie 5 56 16 13 7 7 5
823 Hong Ding 4 56 17 16 11 4 2
828 Xiang Huang 4 52 13 11 9 7 4
830 Venkata Ramana  Posa 3 52 26 9 7 3 3
836 Jiangjiang Zhang 3 49 28 13 4 3 1
840 Kailun Yang 5 49 12 7 7 6 6
841 Guopeng Li 5 49 14 13 7 5 5
842 YAN QIN 4 49 21 12 11 4 1
847 Qing-Fang Bi 3 47 29 9 3 2 1
849 Volodymyr Ierin (Владимир Ерин) 4 46 22 7 6 5 4
854 LH Chen 5 45 13 7 7 6 5
855 Mohammad Rezaul Islam Shishir 3 45 16 14 14 1 0
857 Xiangyang Ma 3 44 7 5 3 3 3
858 Weiqiang Jia (郏维强) 4 43 12 6 6 5 3
859 Chao Li 3 43 22 8 7 2 2
862 Wei Feng 4 42 13 9 7 5 3
863 Xiaotong Li 4 42 10 8 5 5 4
877 Pintu Ghosh 2 39 28 4 2 2 1
878 Binlei Gong 3 39 20 4 4 3 3
882 Kang Zhang 3 39 25 4 3 3 2
884 Jiaxin Yu（于佳鑫） 4 38 9 8 8 7 3
885 Peng Lu 4 38 11 9 8 5 4
889 Zhiling Luo 3 36 16 8 3 2 2
898 Yanzheng Wang 4 35 8 8 7 4 4
899 Ma Keqi 3 34 13 7 6 3 3
901 Junyu He 4 34 12 7 4 4 3
906 Han-Lin Wang 3 32 9 5 4 3 3
910 XUKUN BI 4 32 8 7 5 4 4
911 Muhammad Safdar 3 31 8 4 3 3 3
916 Guangyuan Zhao 3 29 10 5 4 2 2
917 Ruiqi Cheng 3 29 7 6 6 3 3
922 AFZAL KHAN 4 27 8 5 4 4 2
924 Jinliang Liu 3 27 8 7 4 2 1
930 Kun Zhao 2 27 17 4 2 2 1
931 Chaoqun Yang 2 26 13 7 2 1 1
932 Liu Yingzu 3 26 12 6 6 1 1
942 Kangwei Li 3 24 8 6 5 3 1
945 Yutong Shi 4 24 6 5 4 4 3
948 Pai Peng 3 23 8 6 3 2 2
949 宋根鑫 3 23 5 4 3 3 3
950 Wei Xu 3 23 7 4 4 3 2
959 Liang Zhao 3 22 9 7 3 2 1
960 Hatem Fouad 2 22 10 8 1 1 1
967 Bo-Tao Huang 3 21 10 3 3 2 1
968 Yunpeng Gai 2 21 7 4 2 2 2
969 Jinming Chen 3 21 4 3 3 3 2
971 chunwei zhang 2 21 13 7 1 0 0
978 FANG Zhenwu 3 20 12 3 3 2 0
983 Fanyan Meng 1 20 17 1 1 1 0
985 Chen Su 3 19 6 4 4 3 1
987 LUO, YUJIE 3 19 7 5 4 1 1
994 Wu Zhihang 3 17 6 6 4 1 0
1001 Hongxun Hui (惠红勋) 2 16 14 2 0 0 0
1008 Yanshi Hu 2 15 8 5 1 1 0
1009 Yan Tang 3 15 5 3 3 2 1
1017 Xiangdong LI 2 14 3 2 2 1 1
1018 Zhanzhan Tang 2 14 5 5 1 1 1
1049 Biao ZHU 2 10 5 3 1 1 0
1053 Rongchun Hu 2 10 5 2 2 2 1
1098 Naymul Karim 1 5 4 1 0 0 0
1101 Chenghao　An 1 5 1 1 1 1 1
1128 Shao Kai Tseng 1 3 1 1 1 0 0
